Time (sec),S:Load (lbs),S:HL1 (DIM),S:LVDT (in),S:Position (in),Ch:Position (mm),Ch:Load (N),Ch:Stress (MPa),Ch:Strain (mm/mm),Ch:HL1 (DIM),Set Point (),Cycles ()
0.210000,-0.020111,-1293.772949,-0.004557,-0.004542,-0.115376,-0.089459,-0.004557,-1.153757,-1293.772949,-0.115168,0.000000
0.220000,-0.001862,-1293.817383,-0.004570,-0.004542,-0.115376,-0.008281,-0.000422,-1.153757,-1293.817383,-0.115168,0.000000
0.230000,-0.013779,-1293.683960,-0.004549,-0.004542,-0.115376,-0.061291,-0.003122,-1.153757,-1293.683960,-0.115168,0.000000
0.240000,-0.002235,-1293.817383,-0.004549,-0.004542,-0.115376,-0.009944,-0.000507,-1.153757,-1293.817383,-0.115168,0.000000
0.250000,-0.013031,-1293.728516,-0.004553,-0.004542,-0.115376,-0.057965,-0.002953,-1.153757,-1293.728516,-0.115168,0.000000
0.260000,-0.017502,-1293.906372,-0.004566,-0.004542,-0.115376,-0.077852,-0.003966,-1.153757,-1293.906372,-0.115168,0.000000
0.270000,-0.006332,-1293.817383,-0.004570,-0.004542,-0.115376,-0.028168,-0.001435,-1.153757,-1293.817383,-0.115168,0.000000
0.280000,-0.010429,-1293.861938,-0.004557,-0.004542,-0.115376,-0.046392,-0.002363,-1.153757,-1293.861938,-0.115168,0.000000
0.290000,-0.010056,-1293.817383,-0.004566,-0.004542,-0.115376,-0.044729,-0.002279,-1.153757,-1293.817383,-0.115168,0.000000
0.300000,-0.005211,-1293.772949,-0.004570,-0.004542,-0.115376,-0.023179,-0.001181,-1.153757,-1293.772949,-0.115168,0.000000
0.310000,-0.018250,-1293.817383,-0.004566,-0.004542,-0.115376,-0.081178,-0.004135,-1.153757,-1293.817383,-0.115168,0.000000
0.320000,-0.016014,-1293.728516,-0.004562,-0.004542,-0.115376,-0.071234,-0.003629,-1.153757,-1293.728516,-0.115168,0.000000
0.330000,-0.010056,-1293.772949,-0.004557,-0.004542,-0.115376,-0.044729,-0.002279,-1.153757,-1293.772949,-0.115168,0.000000
0.340000,-0.012657,-1293.861938,-0.004570,-0.004542,-0.115376,-0.056302,-0.002868,-1.153757,-1293.861938,-0.115168,0.000000
0.350000,-0.005959,-1293.728516,-0.004562,-0.004542,-0.115376,-0.026505,-0.001350,-1.153757,-1293.728516,-0.115168,0.000000
0.360000,-0.011543,-1293.861938,-0.004566,-0.004542,-0.115376,-0.051347,-0.002616,-1.153757,-1293.861938,-0.115168,0.000000
0.370000,-0.005211,-1293.772949,-0.004566,-0.004542,-0.115376,-0.023179,-0.001181,-1.153757,-1293.772949,-0.115168,0.000000
0.380000,-0.002235,-1293.728516,-0.004549,-0.004542,-0.115376,-0.009944,-0.000507,-1.153757,-1293.728516,-0.115168,0.000000
0.390000,-0.016388,-1293.861938,-0.004566,-0.004542,-0.115376,-0.072897,-0.003714,-1.153757,-1293.861938,-0.115168,0.000000
0.400000,-0.015640,-1293.772949,-0.004553,-0.004542,-0.115359,-0.069571,-0.003544,-1.153591,-1293.772949,-0.115046,0.000000
0.410000,-0.039101,-1293.772949,-0.004570,-0.004540,-0.115315,-0.173928,-0.008860,-1.153152,-1293.772949,-0.114890,0.000000
0.420000,-0.032021,-1293.817383,-0.004562,-0.004536,-0.115220,-0.142435,-0.007256,-1.152198,-1293.817383,-0.114717,0.000000
0.430000,-0.054367,-1293.861938,-0.004570,-0.004530,-0.115073,-0.241837,-0.012320,-1.150729,-1293.861938,-0.114561,0.000000
0.440000,-0.059952,-1293.772949,-0.004570,-0.004523,-0.114873,-0.266679,-0.013585,-1.148731,-1293.772949,-0.114387,0.000000
0.450000,-0.020477,-1293.772949,-0.004570,-0.004515,-0.114691,-0.091088,-0.004640,-1.146914,-1293.772949,-0.114215,0.000000
0.460000,-0.001862,-1293.817383,-0.004566,-0.004509,-0.114534,-0.008281,-0.000422,-1.145339,-1293.817383,-0.114057,0.000000
0.470000,-0.013031,-1293.772949,-0.004544,-0.004504,-0.114405,-0.057965,-0.002953,-1.144053,-1293.772949,-0.113884,0.000000
0.480000,-0.013031,-1293.861938,-0.004553,-0.004500,-0.114301,-0.057965,-0.002953,-1.143008,-1293.861938,-0.113729,0.000000
0.490000,0.007820,-1293.817383,-0.004562,-0.004495,-0.114180,0.034786,0.001772,-1.141797,-1293.817383,-0.113554,0.000000
0.500000,0.019737,-1293.772949,-0.004562,-0.004491,-0.114075,0.087796,0.004473,-1.140752,-1293.772949,-0.113382,0.000000
0.510000,0.008194,-1293.861938,-0.004575,-0.004487,-0.113971,0.036449,0.001857,-1.139708,-1293.861938,-0.113226,0.000000
0.520000,-0.000000,-1293.772949,-0.004575,-0.004482,-0.113841,-0.000000,-0.000000,-1.138406,-1293.772949,-0.113052,0.000000
0.530000,-0.017128,-1293.772949,-0.004557,-0.004473,-0.113624,-0.076189,-0.003881,-1.136241,-1293.772949,-0.112878,0.000000
0.540000,-0.018250,-1293.861938,-0.004570,-0.004462,-0.113347,-0.081178,-0.004135,-1.133470,-1293.861938,-0.112722,0.000000
0.550000,0.020477,-1293.772949,-0.004553,-0.004452,-0.113087,0.091088,0.004640,-1.130866,-1293.772949,-0.112549,0.000000
0.560000,-0.005585,-1293.906372,-0.004566,-0.004446,-0.112931,-0.024842,-0.001266,-1.129307,-1293.906372,-0.112393,0.000000
0.570000,-0.015640,-1293.772949,-0.004549,-0.004443,-0.112843,-0.069571,-0.003544,-1.128429,-1293.772949,-0.112219,0.000000
0.580000,-0.026436,-1293.817383,-0.004553,-0.004440,-0.112775,-0.117593,-0.005990,-1.127747,-1293.817383,-0.112045,0.000000
0.590000,-0.047295,-1293.861938,-0.004549,-0.004437,-0.112696,-0.210377,-0.010717,-1.126960,-1293.861938,-0.111889,0.000000
0.600000,-0.071869,-1293.728516,-0.004570,-0.004433,-0.112592,-0.319689,-0.016286,-1.125915,-1293.728516,-0.111716,0.000000
0.610000,-0.046173,-1293.728516,-0.004566,-0.004428,-0.112470,-0.205388,-0.010463,-1.124704,-1293.728516,-0.111561,0.000000
0.620000,-0.040215,-1293.772949,-0.004583,-0.004423,-0.112340,-0.178883,-0.009113,-1.123402,-1293.772949,-0.111386,0.000000
0.630000,-0.043198,-1293.817383,-0.004566,-0.004417,-0.112202,-0.192153,-0.009789,-1.122025,-1293.817383,-0.111214,0.000000
0.640000,-0.042076,-1293.861938,-0.004579,-0.004413,-0.112080,-0.187164,-0.009535,-1.120798,-1293.861938,-0.111056,0.000000
0.650000,-0.060699,-1293.772949,-0.004557,-0.004407,-0.111942,-0.270005,-0.013755,-1.119421,-1293.772949,-0.110884,0.000000
0.660000,-0.056229,-1293.861938,-0.004557,-0.004400,-0.111751,-0.250117,-0.012742,-1.117513,-1293.861938,-0.110728,0.000000
0.670000,-0.056602,-1293.728516,-0.004557,-0.004391,-0.111535,-0.251780,-0.012826,-1.115348,-1293.728516,-0.110554,0.000000
0.680000,-0.014893,-1293.772949,-0.004553,-0.004384,-0.111344,-0.066245,-0.003375,-1.113440,-1293.772949,-0.110381,0.000000
0.690000,0.010056,-1293.817383,-0.004553,-0.004378,-0.111196,0.044729,0.002279,-1.111957,-1293.817383,-0.110225,0.000000
0.700000,0.020111,-1293.772949,-0.004540,-0.004373,-0.111075,0.089459,0.004557,-1.110746,-1293.772949,-0.110051,0.000000
0.710000,0.035751,-1293.817383,-0.004562,-0.004368,-0.110935,0.159030,0.008101,-1.109353,-1293.817383,-0.109895,0.000000
0.720000,0.038353,-1293.772949,-0.004527,-0.004364,-0.110840,0.170603,0.008691,-1.108399,-1293.772949,-0.109721,0.000000
0.730000,0.039101,-1293.728516,-0.004523,-0.004361,-0.110763,0.173928,0.008860,-1.107627,-1293.728516,-0.109548,0.000000
0.740000,0.022713,-1293.817383,-0.004540,-0.004358,-0.110693,0.101031,0.005147,-1.106930,-1293.817383,-0.109393,0.000000
0.750000,0.010056,-1293.683960,-0.004510,-0.004352,-0.110546,0.044729,0.002279,-1.105462,-1293.683960,-0.109218,0.000000
0.760000,0.011543,-1293.906372,-0.004527,-0.004340,-0.110242,0.051347,0.002616,-1.102419,-1293.906372,-0.109063,0.000000
0.770000,0.020477,-1293.861938,-0.004514,-0.004328,-0.109921,0.091088,0.004640,-1.099209,-1293.861938,-0.108888,0.000000
0.780000,0.017876,-1293.817383,-0.004471,-0.004318,-0.109670,0.079515,0.004051,-1.096696,-1293.817383,-0.108716,0.000000
0.790000,0.018250,-1293.817383,-0.004488,-0.004312,-0.109523,0.081178,0.004135,-1.095227,-1293.817383,-0.108560,0.000000
0.800000,-0.000000,-1293.728516,-0.004471,-0.004308,-0.109418,-0.000000,-0.000000,-1.094183,-1293.728516,-0.108386,0.000000
0.810000,-0.013405,-1293.817383,-0.004475,-0.004304,-0.109323,-0.059628,-0.003038,-1.093229,-1293.817383,-0.108230,0.000000
0.820000,-0.005211,-1293.817383,-0.004462,-0.004300,-0.109209,-0.023179,-0.001181,-1.092094,-1293.817383,-0.108057,0.000000
0.830000,-0.009682,-1293.861938,-0.004462,-0.004293,-0.109053,-0.043066,-0.002194,-1.090534,-1293.861938,-0.107883,0.000000
0.840000,-0.003349,-1293.817383,-0.004458,-0.004288,-0.108916,-0.014898,-0.000759,-1.089157,-1293.817383,-0.107727,0.000000
0.850000,0.005211,-1293.728516,-0.004441,-0.004282,-0.108767,0.023179,0.001181,-1.087673,-1293.728516,-0.107553,0.000000
0.860000,-0.009308,-1293.817383,-0.004449,-0.004274,-0.108567,-0.041403,-0.002109,-1.085674,-1293.817383,-0.107397,0.000000
0.870000,-0.005959,-1293.683960,-0.004437,-0.004266,-0.108351,-0.026505,-0.001350,-1.083509,-1293.683960,-0.107225,0.000000
0.880000,0.013779,-1293.772949,-0.004432,-0.004258,-0.108153,0.061291,0.003122,-1.081526,-1293.772949,-0.107050,0.000000
0.890000,0.014893,-1293.772949,-0.004419,-0.004251,-0.107988,0.066245,0.003375,-1.079876,-1293.772949,-0.106895,0.000000
0.900000,0.011917,-1293.772949,-0.004411,-0.004246,-0.107839,0.053010,0.002700,-1.078392,-1293.772949,-0.106720,0.000000
0.910000,0.033516,-1293.861938,-0.004402,-0.004240,-0.107692,0.149086,0.007595,-1.076924,-1293.861938,-0.106548,0.000000
0.920000,0.030533,-1293.861938,-0.004406,-0.004234,-0.107553,0.135817,0.006919,-1.075531,-1293.861938,-0.106392,0.000000
0.930000,0.019363,-1293.817383,-0.004402,-0.004229,-0.107406,0.086133,0.004388,-1.074062,-1293.817383,-0.106218,0.000000
0.940000,0.020851,-1293.861938,-0.004398,-0.004220,-0.107181,0.092750,0.004725,-1.071807,-1293.861938,-0.106062,0.000000
0.950000,0.019363,-1293.772949,-0.004368,-0.004209,-0.106920,0.086133,0.004388,-1.069203,-1293.772949,-0.105888,0.000000
0.960000,0.018250,-1293.861938,-0.004359,-0.004200,-0.106686,0.081178,0.004135,-1.066856,-1293.861938,-0.105715,0.000000
0.970000,0.020851,-1293.772949,-0.004346,-0.004193,-0.106513,0.092750,0.004725,-1.065130,-1293.772949,-0.105559,0.000000
0.980000,0.021225,-1293.861938,-0.004346,-0.004187,-0.106357,0.094413,0.004810,-1.063571,-1293.861938,-0.105385,0.000000
0.990000,-0.008194,-1293.817383,-0.004337,-0.004182,-0.106218,-0.036449,-0.001857,-1.062178,-1293.817383,-0.105229,0.000000
1.000000,-0.009682,-1293.728516,-0.004333,-0.004177,-0.106097,-0.043066,-0.002194,-1.060967,-1293.728516,-0.105057,0.000000
1.010000,-0.023460,-1293.817383,-0.004346,-0.004173,-0.106001,-0.104357,-0.005316,-1.060013,-1293.817383,-0.104882,0.000000
1.020000,-0.020477,-1293.817383,-0.004342,-0.004169,-0.105880,-0.091088,-0.004640,-1.058802,-1293.817383,-0.104727,0.000000
1.030000,-0.003723,-1293.817383,-0.004324,-0.004163,-0.105741,-0.016561,-0.000844,-1.057409,-1293.817383,-0.104552,0.000000
1.040000,-0.005211,-1293.906372,-0.004324,-0.004156,-0.105559,-0.023179,-0.001181,-1.055592,-1293.906372,-0.104396,0.000000
1.050000,-0.005959,-1293.772949,-0.004316,-0.004147,-0.105334,-0.026505,-0.001350,-1.053336,-1293.772949,-0.104224,0.000000
1.060000,-0.006706,-1293.817383,-0.004307,-0.004138,-0.105108,-0.029831,-0.001520,-1.051080,-1293.817383,-0.104050,0.000000
1.070000,0.001862,-1293.817383,-0.004299,-0.004131,-0.104934,0.008281,0.000422,-1.049339,-1293.817383,-0.103894,0.000000
1.080000,0.010796,-1293.772949,-0.004281,-0.004126,-0.104813,0.048021,0.002446,-1.048128,-1293.772949,-0.103720,0.000000
1.090000,0.016754,-1293.861938,-0.004286,-0.004121,-0.104683,0.074526,0.003797,-1.046826,-1293.861938,-0.103564,0.000000
1.100000,0.040588,-1293.772949,-0.004286,-0.004116,-0.104536,0.180546,0.009197,-1.045358,-1293.772949,-0.103391,0.000000
1.110000,0.049156,-1293.817383,-0.004255,-0.004109,-0.104380,0.218658,0.011139,-1.043798,-1293.817383,-0.103217,0.000000
1.120000,0.032394,-1293.817383,-0.004273,-0.004104,-0.104250,0.144098,0.007341,-1.042496,-1293.817383,-0.103061,0.000000
1.130000,0.041336,-1293.861938,-0.004255,-0.004098,-0.104094,0.183872,0.009367,-1.040937,-1293.861938,-0.102889,0.000000
1.140000,0.035378,-1293.861938,-0.004260,-0.004090,-0.103877,0.157367,0.008017,-1.038772,-1293.861938,-0.102731,0.000000
1.150000,0.034630,-1293.817383,-0.004230,-0.004080,-0.103633,0.154041,0.007847,-1.036335,-1293.817383,-0.102559,0.000000
1.160000,0.035751,-1293.772949,-0.004225,-0.004071,-0.103408,0.159030,0.008101,-1.034079,-1293.772949,-0.102384,0.000000
1.170000,0.029793,-1293.728516,-0.004212,-0.004063,-0.103208,0.132525,0.006751,-1.032080,-1293.728516,-0.102228,0.000000
1.180000,0.013405,-1293.728516,-0.004217,-0.004058,-0.103061,0.059628,0.003038,-1.030612,-1293.728516,-0.102056,0.000000
1.190000,-0.012291,-1293.817383,-0.004204,-0.004052,-0.102922,-0.054673,-0.002785,-1.029219,-1293.817383,-0.101898,0.000000
1.200000,-0.018616,-1293.683960,-0.004199,-0.004047,-0.102784,-0.082807,-0.004218,-1.027841,-1293.683960,-0.101726,0.000000
1.210000,-0.021599,-1293.861938,-0.004208,-0.004040,-0.102628,-0.096076,-0.004894,-1.026282,-1293.861938,-0.101552,0.000000
1.220000,-0.019363,-1293.772949,-0.004195,-0.004034,-0.102472,-0.086133,-0.004388,-1.024722,-1293.772949,-0.101396,0.000000
1.230000,-0.012291,-1293.772949,-0.004182,-0.004027,-0.102298,-0.054673,-0.002785,-1.022981,-1293.772949,-0.101223,0.000000
1.240000,-0.005211,-1293.861938,-0.004186,-0.004020,-0.102116,-0.023179,-0.001181,-1.021165,-1293.861938,-0.101067,0.000000
1.250000,-0.003723,-1293.817383,-0.004174,-0.004013,-0.101942,-0.016561,-0.000844,-1.019424,-1293.817383,-0.100893,0.000000
1.260000,0.015640,-1293.861938,-0.004174,-0.004006,-0.101761,0.069571,0.003544,-1.017607,-1293.861938,-0.100719,0.000000
1.270000,0.020851,-1293.861938,-0.004156,-0.004000,-0.101596,0.092750,0.004725,-1.015957,-1293.861938,-0.100563,0.000000
1.280000,0.012291,-1293.817383,-0.004148,-0.003995,-0.101475,0.054673,0.002785,-1.014745,-1293.817383,-0.100391,0.000000
1.290000,0.028671,-1293.861938,-0.004156,-0.003990,-0.101344,0.127536,0.006497,-1.013443,-1293.861938,-0.100216,0.000000
1.300000,0.043198,-1293.772949,-0.004143,-0.003984,-0.101188,0.192153,0.009789,-1.011884,-1293.772949,-0.100061,0.000000
1.310000,0.049522,-1293.861938,-0.004139,-0.003980,-0.101084,0.220287,0.011222,-1.010839,-1293.861938,-0.099888,0.000000
1.320000,0.049896,-1293.817383,-0.004139,-0.003976,-0.100979,0.221950,0.011307,-1.009795,-1293.817383,-0.099730,0.000000
1.330000,0.052879,-1293.772949,-0.004118,-0.003969,-0.100824,0.235219,0.011983,-1.008235,-1293.772949,-0.099558,0.000000
1.340000,0.044685,-1293.861938,-0.004118,-0.003960,-0.100581,0.198770,0.010126,-1.005813,-1293.861938,-0.099384,0.000000
1.350000,0.059578,-1293.772949,-0.004105,-0.003950,-0.100330,0.265016,0.013501,-1.003300,-1293.772949,-0.099228,0.000000
1.360000,0.058838,-1293.861938,-0.004100,-0.003942,-0.100121,0.261724,0.013333,-1.001211,-1293.861938,-0.099055,0.000000
1.370000,0.058838,-1293.772949,-0.004087,-0.003935,-0.099948,0.261724,0.013333,-0.999485,-1293.772949,-0.098899,0.000000
1.380000,0.014526,-1293.861938,-0.004100,-0.003929,-0.099800,0.064617,0.003292,-0.998001,-1293.861938,-0.098725,0.000000
1.390000,0.000748,-1293.817383,-0.004087,-0.003923,-0.099653,0.003326,0.000169,-0.996533,-1293.817383,-0.098551,0.000000
1.400000,0.003349,-1293.728516,-0.004074,-0.003917,-0.099488,0.014898,0.000759,-0.994882,-1293.728516,-0.098395,0.000000
1.410000,0.006332,-1293.861938,-0.004070,-0.003910,-0.099323,0.028168,0.001435,-0.993232,-1293.861938,-0.098223,0.000000
1.420000,0.003723,-1293.772949,-0.004074,-0.003905,-0.099193,0.016561,0.000844,-0.991930,-1293.772949,-0.098067,0.000000
1.430000,0.012657,-1293.772949,-0.004053,-0.003898,-0.099011,0.056302,0.002868,-0.990113,-1293.772949,-0.097893,0.000000
1.440000,0.018250,-1293.772949,-0.004053,-0.003890,-0.098811,0.081178,0.004135,-0.988115,-1293.772949,-0.097720,0.000000
1.450000,0.016388,-1293.817383,-0.004031,-0.003882,-0.098613,0.072897,0.003714,-0.986132,-1293.817383,-0.097562,0.000000
1.460000,0.007446,-1293.861938,-0.004036,-0.003876,-0.098456,0.033123,0.001687,-0.984557,-1293.861938,-0.097390,0.000000
1.470000,0.011917,-1293.772949,-0.004023,-0.003871,-0.098326,0.053010,0.002700,-0.983255,-1293.772949,-0.097234,0.000000
1.480000,0.021973,-1293.817383,-0.004018,-0.003866,-0.098204,0.097739,0.004979,-0.982044,-1293.817383,-0.097060,0.000000
1.490000,0.035378,-1293.817383,-0.004023,-0.003861,-0.098074,0.157367,0.008017,-0.980742,-1293.817383,-0.096887,0.000000
1.500000,0.036118,-1293.772949,-0.004001,-0.003857,-0.097962,0.160659,0.008184,-0.979622,-1293.772949,-0.096730,0.000000
1.510000,0.030533,-1293.817383,-0.004018,-0.003854,-0.097883,0.135817,0.006919,-0.978834,-1293.817383,-0.096557,0.000000
1.520000,0.032021,-1293.772949,-0.004014,-0.003850,-0.097797,0.142435,0.007256,-0.977971,-1293.772949,-0.096401,0.000000
1.530000,0.033142,-1293.772949,-0.003988,-0.003844,-0.097641,0.147423,0.007510,-0.976412,-1293.772949,-0.096227,0.000000
1.540000,0.042450,-1293.817383,-0.003988,-0.003835,-0.097399,0.188827,0.009619,-0.973990,-1293.817383,-0.096055,0.000000
1.550000,0.038353,-1293.772949,-0.003967,-0.003823,-0.097113,0.170603,0.008691,-0.971128,-1293.772949,-0.095899,0.000000
1.560000,0.029045,-1293.861938,-0.003975,-0.003813,-0.096852,0.129199,0.006582,-0.968524,-1293.861938,-0.095725,0.000000
1.570000,0.025322,-1293.772949,-0.003958,-0.003806,-0.096669,0.112638,0.005738,-0.966692,-1293.772949,-0.095569,0.000000
1.580000,0.016754,-1293.772949,-0.003941,-0.003800,-0.096513,0.074526,0.003797,-0.965133,-1293.772949,-0.095394,0.000000
1.590000,0.011169,-1293.861938,-0.003945,-0.003795,-0.096383,0.049684,0.002531,-0.963831,-1293.861938,-0.095222,0.000000
1.600000,0.010056,-1293.772949,-0.003936,-0.003789,-0.096245,0.044729,0.002279,-0.962453,-1293.772949,-0.095066,0.000000
1.610000,0.014893,-1293.861938,-0.003945,-0.003783,-0.096097,0.066245,0.003375,-0.960970,-1293.861938,-0.094892,0.000000
1.620000,0.023460,-1293.817383,-0.003932,-0.003777,-0.095932,0.104357,0.005316,-0.959319,-1293.817383,-0.094736,0.000000
1.630000,0.016388,-1293.817383,-0.003919,-0.003769,-0.095734,0.072897,0.003714,-0.957336,-1293.817383,-0.094562,0.000000
1.640000,0.013031,-1293.906372,-0.003928,-0.003761,-0.095525,0.057965,0.002953,-0.955247,-1293.906372,-0.094389,0.000000
1.650000,0.018990,-1293.861938,-0.003915,-0.003753,-0.095326,0.084470,0.004303,-0.953264,-1293.861938,-0.094233,0.000000
1.660000,0.016014,-1293.772949,-0.003898,-0.003746,-0.095143,0.071234,0.003629,-0.951432,-1293.772949,-0.094059,0.000000
1.670000,0.019737,-1293.772949,-0.003898,-0.003740,-0.094987,0.087796,0.004473,-0.949872,-1293.772949,-0.093887,0.000000
1.680000,0.027184,-1293.817383,-0.003885,-0.003735,-0.094857,0.120918,0.006160,-0.948570,-1293.817383,-0.093731,0.000000
1.690000,0.025696,-1293.861938,-0.003876,-0.003730,-0.094745,0.114301,0.005823,-0.947450,-1293.861938,-0.093557,0.000000
1.700000,0.032021,-1293.683960,-0.003867,-0.003728,-0.094692,0.142435,0.007256,-0.946920,-1293.683960,-0.093401,0.000000
1.710000,0.030533,-1293.772949,-0.003885,-0.003727,-0.094675,0.135817,0.006919,-0.946754,-1293.772949,-0.093226,0.000000
1.720000,0.024948,-1293.772949,-0.003880,-0.003725,-0.094606,0.110975,0.005653,-0.946057,-1293.772949,-0.093054,0.000000
1.730000,0.016388,-1293.817383,-0.003867,-0.003718,-0.094441,0.072897,0.003714,-0.944407,-1293.817383,-0.092898,0.000000
1.740000,0.014893,-1293.772949,-0.003872,-0.003706,-0.094138,0.066245,0.003375,-0.941379,-1293.772949,-0.092724,0.000000
1.750000,0.009682,-1293.772949,-0.003850,-0.003692,-0.093773,0.043066,0.002194,-0.937730,-1293.772949,-0.092568,0.000000
1.760000,0.026810,-1293.772949,-0.003833,-0.003680,-0.093478,0.119255,0.006075,-0.934778,-1293.772949,-0.092394,0.000000
1.770000,0.010056,-1293.817383,-0.003820,-0.003672,-0.093270,0.044729,0.002279,-0.932704,-1293.817383,-0.092221,0.000000
1.780000,-0.017128,-1293.772949,-0.003816,-0.003666,-0.093124,-0.076189,-0.003881,-0.931236,-1293.772949,-0.092065,0.000000
1.790000,-0.017876,-1293.817383,-0.003820,-0.003662,-0.093010,-0.079515,-0.004051,-0.930100,-1293.817383,-0.091891,0.000000
1.800000,-0.013031,-1293.817383,-0.003829,-0.003658,-0.092906,-0.057965,-0.002953,-0.929055,-1293.817383,-0.091735,0.000000
1.810000,-0.014893,-1293.772949,-0.003803,-0.003654,-0.092803,-0.066245,-0.003375,-0.928026,-1293.772949,-0.091561,0.000000
1.820000,-0.023087,-1293.772949,-0.003803,-0.003649,-0.092689,-0.102694,-0.005231,-0.926890,-1293.772949,-0.091389,0.000000
1.830000,-0.021225,-1293.817383,-0.003811,-0.003643,-0.092542,-0.094413,-0.004810,-0.925422,-1293.817383,-0.091233,0.000000
1.840000,-0.018616,-1293.817383,-0.003798,-0.003635,-0.092326,-0.082807,-0.004218,-0.923257,-1293.817383,-0.091059,0.000000
1.850000,-0.009682,-1293.817383,-0.003760,-0.003626,-0.092091,-0.043066,-0.002194,-0.920910,-1293.817383,-0.090903,0.000000
1.860000,0.003349,-1293.817383,-0.003764,-0.003617,-0.091865,0.014898,0.000759,-0.918655,-1293.817383,-0.090730,0.000000
1.870000,0.014526,-1293.772949,-0.003755,-0.003610,-0.091700,0.064617,0.003292,-0.917004,-1293.772949,-0.090556,0.000000
1.880000,0.030907,-1293.772949,-0.003755,-0.003605,-0.091561,0.137480,0.007004,-0.915612,-1293.772949,-0.090400,0.000000
1.890000,0.029793,-1293.817383,-0.003768,-0.003601,-0.091466,0.132525,0.006751,-0.914658,-1293.817383,-0.090226,0.000000
1.900000,0.017502,-1293.772949,-0.003734,-0.003599,-0.091423,0.077852,0.003966,-0.914234,-1293.772949,-0.090070,0.000000
1.910000,0.005959,-1293.861938,-0.003738,-0.003597,-0.091363,0.026505,0.001350,-0.913628,-1293.861938,-0.089897,0.000000
1.920000,0.002609,-1293.772949,-0.003755,-0.003592,-0.091249,0.011607,0.000591,-0.912493,-1293.772949,-0.089723,0.000000
1.930000,-0.000000,-1293.817383,-0.003742,-0.003582,-0.090989,-0.000000,-0.000000,-0.909889,-1293.817383,-0.089567,0.000000
1.940000,-0.003349,-1293.817383,-0.003712,-0.003569,-0.090651,-0.014898,-0.000759,-0.906513,-1293.817383,-0.089393,0.000000
1.950000,0.005211,-1293.772949,-0.003695,-0.003557,-0.090348,0.023179,0.001181,-0.903485,-1293.772949,-0.089237,0.000000
1.960000,0.008934,-1293.817383,-0.003695,-0.003547,-0.090096,0.039741,0.002024,-0.900956,-1293.817383,-0.089065,0.000000
1.970000,-0.010429,-1293.772949,-0.003699,-0.003540,-0.089914,-0.046392,-0.002363,-0.899140,-1293.772949,-0.088891,0.000000
1.980000,-0.014893,-1293.728516,-0.003669,-0.003534,-0.089775,-0.066245,-0.003375,-0.897747,-1293.728516,-0.088735,0.000000
1.990000,-0.024948,-1293.861938,-0.003686,-0.003529,-0.089628,-0.110975,-0.005653,-0.896278,-1293.861938,-0.088562,0.000000
2.000000,-0.021599,-1293.772949,-0.003678,-0.003523,-0.089481,-0.096076,-0.004894,-0.894810,-1293.772949,-0.088405,0.000000
2.010000,-0.000748,-1293.817383,-0.003660,-0.003518,-0.089351,-0.003326,-0.000169,-0.893508,-1293.817383,-0.088232,0.000000
2.020000,0.001488,-1293.772949,-0.003656,-0.003513,-0.089237,0.006618,0.000337,-0.892372,-1293.772949,-0.088058,0.000000
2.030000,0.004471,-1293.817383,-0.003648,-0.003508,-0.089107,0.019887,0.001013,-0.891070,-1293.817383,-0.087902,0.000000
2.040000,0.001114,-1293.772949,-0.003639,-0.003501,-0.088934,0.004955,0.000252,-0.889344,-1293.772949,-0.087729,0.000000
2.050000,0.008934,-1293.728516,-0.003643,-0.003492,-0.088709,0.039741,0.002024,-0.887089,-1293.728516,-0.087555,0.000000
2.060000,0.007820,-1293.772949,-0.003635,-0.003484,-0.088483,0.034786,0.001772,-0.884833,-1293.772949,-0.087399,0.000000
2.070000,0.023087,-1293.772949,-0.003635,-0.003476,-0.088302,0.102694,0.005231,-0.883016,-1293.772949,-0.087225,0.000000
2.080000,0.027184,-1293.817383,-0.003622,-0.003473,-0.088206,0.120918,0.006160,-0.882062,-1293.817383,-0.087069,0.000000
2.090000,0.020851,-1293.817383,-0.003609,-0.003472,-0.088179,0.092750,0.004725,-0.881790,-1293.817383,-0.086897,0.000000
2.100000,0.013031,-1293.772949,-0.003609,-0.003470,-0.088137,0.057965,0.002953,-0.881366,-1293.772949,-0.086723,0.000000
2.110000,-0.000000,-1293.861938,-0.003604,-0.003467,-0.088058,-0.000000,-0.000000,-0.880579,-1293.861938,-0.086567,0.000000
2.120000,-0.011169,-1293.728516,-0.003609,-0.003458,-0.087825,-0.049684,-0.002531,-0.878247,-1293.728516,-0.086392,0.000000
2.130000,-0.013031,-1293.772949,-0.003596,-0.003445,-0.087504,-0.057965,-0.002953,-0.875037,-1293.772949,-0.086237,0.000000
2.140000,-0.013031,-1293.772949,-0.003596,-0.003432,-0.087174,-0.057965,-0.002953,-0.871737,-1293.772949,-0.086064,0.000000
2.150000,-0.001114,-1293.772949,-0.003570,-0.003422,-0.086931,-0.004955,-0.000252,-0.869315,-1293.772949,-0.085890,0.000000
2.160000,-0.035004,-1293.861938,-0.003561,-0.003416,-0.086757,-0.155704,-0.007932,-0.867574,-1293.861938,-0.085734,0.000000
2.170000,-0.041702,-1293.861938,-0.003557,-0.003410,-0.086618,-0.185501,-0.009450,-0.866181,-1293.861938,-0.085561,0.000000
2.180000,-0.056229,-1293.772949,-0.003540,-0.003405,-0.086488,-0.250117,-0.012742,-0.864879,-1293.772949,-0.085404,0.000000
2.190000,-0.054367,-1293.861938,-0.003553,-0.003400,-0.086350,-0.241837,-0.012320,-0.863501,-1293.861938,-0.085231,0.000000
2.200000,-0.037613,-1293.817383,-0.003553,-0.003394,-0.086202,-0.167311,-0.008523,-0.862017,-1293.817383,-0.085057,0.000000
2.210000,-0.023087,-1293.817383,-0.003540,-0.003389,-0.086081,-0.102694,-0.005231,-0.860806,-1293.817383,-0.084901,0.000000
2.220000,-0.021973,-1293.861938,-0.003523,-0.003384,-0.085943,-0.097739,-0.004979,-0.859429,-1293.861938,-0.084729,0.000000
2.230000,-0.009682,-1293.772949,-0.003518,-0.003377,-0.085778,-0.043066,-0.002194,-0.857778,-1293.772949,-0.084573,0.000000
2.240000,0.005211,-1293.861938,-0.003514,-0.003370,-0.085587,0.023179,0.001181,-0.855871,-1293.861938,-0.084399,0.000000
2.250000,0.006332,-1293.728516,-0.003510,-0.003362,-0.085387,0.028168,0.001435,-0.853872,-1293.728516,-0.084225,0.000000
2.260000,0.029045,-1293.817383,-0.003514,-0.003357,-0.085257,0.129199,0.006582,-0.852570,-1293.817383,-0.084069,0.000000
2.270000,0.022713,-1293.772949,-0.003492,-0.003350,-0.085101,0.101031,0.005147,-0.851011,-1293.772949,-0.083896,0.000000
2.280000,0.013779,-1293.817383,-0.003471,-0.003345,-0.084954,0.061291,0.003122,-0.849542,-1293.817383,-0.083740,0.000000
2.290000,0.007446,-1293.772949,-0.003484,-0.003340,-0.084841,0.033123,0.001687,-0.848407,-1293.772949,-0.083566,0.000000
2.300000,-0.012657,-1293.772949,-0.003492,-0.003335,-0.084701,-0.056302,-0.002868,-0.847014,-1293.772949,-0.083393,0.000000
2.310000,-0.014893,-1293.772949,-0.003488,-0.003327,-0.084511,-0.066245,-0.003375,-0.845106,-1293.772949,-0.083236,0.000000
2.320000,-0.016388,-1293.772949,-0.003475,-0.003317,-0.084259,-0.072897,-0.003714,-0.842593,-1293.772949,-0.083063,0.000000
2.330000,-0.011917,-1293.817383,-0.003445,-0.003307,-0.083991,-0.053010,-0.002700,-0.839914,-1293.817383,-0.082907,0.000000
2.340000,-0.005959,-1293.817383,-0.003454,-0.003298,-0.083766,-0.026505,-0.001350,-0.837658,-1293.817383,-0.082733,0.000000
2.350000,-0.030907,-1293.861938,-0.003436,-0.003291,-0.083592,-0.137480,-0.007004,-0.835917,-1293.861938,-0.082561,0.000000
2.360000,-0.055481,-1293.861938,-0.003428,-0.003285,-0.083436,-0.246792,-0.012572,-0.834357,-1293.861938,-0.082403,0.000000
2.370000,-0.049522,-1293.772949,-0.003432,-0.003279,-0.083298,-0.220287,-0.011222,-0.832980,-1293.772949,-0.082231,0.000000
2.380000,-0.059204,-1293.772949,-0.003410,-0.003275,-0.083175,-0.263353,-0.013416,-0.831753,-1293.772949,-0.082075,0.000000
2.390000,-0.055855,-1293.817383,-0.003415,-0.003269,-0.083038,-0.248455,-0.012657,-0.830376,-1293.817383,-0.081901,0.000000
2.400000,-0.045059,-1293.772949,-0.003410,-0.003263,-0.082882,-0.200433,-0.010211,-0.828816,-1293.772949,-0.081728,0.000000
2.410000,-0.027557,-1293.861938,-0.003397,-0.003256,-0.082708,-0.122581,-0.006245,-0.827075,-1293.861938,-0.081572,0.000000
2.420000,-0.011169,-1293.728516,-0.003397,-0.003250,-0.082552,-0.049684,-0.002531,-0.825516,-1293.728516,-0.081398,0.000000
2.430000,0.007446,-1293.817383,-0.003380,-0.003244,-0.082387,0.033123,0.001687,-0.823866,-1293.817383,-0.081224,0.000000
2.440000,0.006706,-1293.817383,-0.003380,-0.003236,-0.082205,0.029831,0.001520,-0.822049,-1293.817383,-0.081068,0.000000
2.450000,0.001488,-1293.772949,-0.003367,-0.003231,-0.082057,0.006618,0.000337,-0.820565,-1293.772949,-0.080895,0.000000
2.460000,0.033882,-1293.772949,-0.003363,-0.003224,-0.081901,0.150715,0.007678,-0.819006,-1293.772949,-0.080739,0.000000
2.470000,0.040215,-1293.861938,-0.003363,-0.003218,-0.081736,0.178883,0.009113,-0.817356,-1293.861938,-0.080565,0.000000
2.480000,0.023834,-1293.728516,-0.003346,-0.003213,-0.081614,0.106020,0.005401,-0.816144,-1293.728516,-0.080393,0.000000
2.490000,-0.005585,-1293.861938,-0.003354,-0.003208,-0.081477,-0.024842,-0.001266,-0.814767,-1293.861938,-0.080235,0.000000
2.500000,-0.018616,-1293.817383,-0.003337,-0.003201,-0.081293,-0.082807,-0.004218,-0.812935,-1293.817383,-0.080063,0.000000
2.510000,-0.020111,-1293.906372,-0.003337,-0.003191,-0.081051,-0.089459,-0.004557,-0.810513,-1293.906372,-0.079907,0.000000
2.520000,0.005211,-1293.817383,-0.003316,-0.003181,-0.080800,0.023179,0.001181,-0.807999,-1293.817383,-0.079733,0.000000
2.530000,0.000374,-1293.861938,-0.003316,-0.003173,-0.080600,0.001663,0.000085,-0.806001,-1293.861938,-0.079560,0.000000
2.540000,-0.026436,-1293.817383,-0.003311,-0.003167,-0.080444,-0.117593,-0.005990,-0.804442,-1293.817383,-0.079404,0.000000
2.550000,-0.061813,-1293.817383,-0.003298,-0.003162,-0.080305,-0.274960,-0.014007,-0.803049,-1293.817383,-0.079230,0.000000
2.560000,-0.065536,-1293.817383,-0.003290,-0.003156,-0.080167,-0.291521,-0.014851,-0.801671,-1293.817383,-0.079074,0.000000
2.570000,-0.058090,-1293.817383,-0.003294,-0.003151,-0.080028,-0.258398,-0.013163,-0.800278,-1293.817383,-0.078900,0.000000
2.580000,-0.055115,-1293.817383,-0.003277,-0.003145,-0.079872,-0.245163,-0.012489,-0.798719,-1293.817383,-0.078727,0.000000
2.590000,-0.041336,-1293.817383,-0.003277,-0.003138,-0.079698,-0.183872,-0.009367,-0.796978,-1293.817383,-0.078571,0.000000
2.600000,-0.024948,-1293.772949,-0.003272,-0.003131,-0.079533,-0.110975,-0.005653,-0.795328,-1293.772949,-0.078397,0.000000
2.610000,-0.021225,-1293.861938,-0.003260,-0.003125,-0.079369,-0.094413,-0.004810,-0.793692,-1293.861938,-0.078241,0.000000
2.620000,0.019363,-1293.861938,-0.003264,-0.003118,-0.079204,0.086133,0.004388,-0.792042,-1293.861938,-0.078067,0.000000
2.630000,0.032768,-1293.861938,-0.003260,-0.003112,-0.079048,0.145760,0.007425,-0.790483,-1293.861938,-0.077895,0.000000
2.640000,0.037613,-1293.861938,-0.003255,-0.003107,-0.078909,0.167311,0.008523,-0.789090,-1293.861938,-0.077739,0.000000
2.650000,0.064049,-1293.817383,-0.003251,-0.003103,-0.078805,0.284903,0.014514,-0.788045,-1293.817383,-0.077565,0.000000
2.660000,0.068886,-1293.817383,-0.003221,-0.003097,-0.078658,0.306419,0.015610,-0.786577,-1293.817383,-0.077409,0.000000
2.670000,0.072609,-1293.817383,-0.003225,-0.003091,-0.078511,0.322981,0.016453,-0.785108,-1293.817383,-0.077235,0.000000
2.680000,0.083038,-1293.861938,-0.003229,-0.003088,-0.078423,0.369373,0.018817,-0.784230,-1293.861938,-0.077062,0.000000
2.690000,0.074478,-1293.817383,-0.003225,-0.003084,-0.078328,0.331295,0.016877,-0.783276,-1293.817383,-0.076906,0.000000
2.700000,0.079689,-1293.728516,-0.003225,-0.003075,-0.078111,0.354474,0.018058,-0.781111,-1293.728516,-0.076732,0.000000
2.710000,0.102402,-1293.772949,-0.003199,0.000013,0.000338,0.455506,0.023205,0.003376,-1293.772949,0.001552,0.000000
2.720000,0.191772,-1293.772949,-0.003186,0.000022,0.000563,0.853047,0.043456,0.005632,-1293.772949,0.001587,0.000000
2.730000,0.304604,-1293.861938,-0.003186,0.000019,0.000494,1.354944,0.069024,0.004936,-1293.861938,0.001587,0.000000
2.740000,0.318748,-1293.817383,-0.003191,0.000016,0.000416,1.417864,0.072229,0.004163,-1293.817383,0.001587,0.000000
2.750000,0.300507,-1293.817383,-0.003182,0.000014,0.000365,1.336720,0.068096,0.003649,-1293.817383,0.000416,0.000000
2.760000,0.291565,-1293.817383,-0.003182,0.000014,0.000356,1.296946,0.066070,0.003558,-1293.817383,0.000416,0.000000
2.770000,0.295288,-1293.728516,-0.003178,0.000014,0.000356,1.313507,0.066913,0.003558,-1293.728516,0.000416,0.000000
2.780000,0.298271,-1293.817383,-0.003178,0.000014,0.000356,1.326777,0.067589,0.003558,-1293.817383,0.000416,0.000000
2.790000,0.295288,-1293.861938,-0.003191,0.000014,0.000347,1.313507,0.066913,0.003467,-1293.861938,0.000416,0.000000
2.800000,0.289703,-1293.772949,-0.003195,0.000014,0.000347,1.288665,0.065648,0.003467,-1293.772949,0.000416,0.000000
2.810000,0.281143,-1293.817383,-0.003178,0.000014,0.000347,1.250587,0.063708,0.003467,-1293.817383,0.000416,0.000000
2.820000,0.278908,-1293.817383,-0.003178,0.000014,0.000347,1.240644,0.063201,0.003467,-1293.817383,0.000416,0.000000
2.830000,0.286728,-1293.817383,-0.003186,0.000014,0.000347,1.275429,0.064973,0.003467,-1293.817383,0.000416,0.000000
2.840000,0.290451,-1293.817383,-0.003186,0.000014,0.000347,1.291991,0.065817,0.003467,-1293.817383,0.000416,0.000000
2.850000,0.283379,-1293.772949,-0.003178,0.000014,0.000347,1.260531,0.064215,0.003467,-1293.772949,0.000416,0.000000
2.860000,0.288589,-1293.817383,-0.003186,0.000014,0.000347,1.283710,0.065395,0.003467,-1293.817383,0.000416,0.000000
2.870000,0.291939,-1293.772949,-0.003182,0.000014,0.000347,1.298609,0.066154,0.003467,-1293.772949,0.000416,0.000000
2.880000,0.286354,-1293.861938,-0.003182,0.000014,0.000347,1.273767,0.064889,0.003467,-1293.861938,0.000416,0.000000
2.890000,0.285606,-1293.817383,-0.003165,0.000014,0.000347,1.270441,0.064719,0.003467,-1293.817383,0.000416,0.000000
2.900000,0.286728,-1293.772949,-0.003186,0.000014,0.000347,1.275429,0.064973,0.003467,-1293.772949,0.000416,0.000000
2.910000,0.291199,-1293.817383,-0.003182,0.000014,0.000347,1.295317,0.065987,0.003467,-1293.817383,0.000416,0.000000
2.920000,0.287102,-1293.728516,-0.003191,0.000014,0.000347,1.277092,0.065058,0.003467,-1293.728516,0.000416,0.000000
2.930000,0.281883,-1293.861938,-0.003169,0.000014,0.000347,1.253879,0.063876,0.003467,-1293.861938,0.000416,0.000000
2.940000,0.268478,-1293.772949,-0.003182,0.000014,0.000347,1.194252,0.060838,0.003467,-1293.772949,0.000416,0.000000
2.950000,0.277786,-1293.817383,-0.003182,0.000014,0.000347,1.235655,0.062947,0.003467,-1293.817383,0.000416,0.000000
2.960000,0.285606,-1293.861938,-0.003178,0.000014,0.000347,1.270441,0.064719,0.003467,-1293.861938,0.000416,0.000000
2.970000,0.286354,-1293.817383,-0.003173,0.000014,0.000347,1.273767,0.064889,0.003467,-1293.817383,0.000416,0.000000
2.980000,0.278534,-1293.817383,-0.003182,0.000014,0.000347,1.238981,0.063117,0.003467,-1293.817383,0.000416,0.000000
2.990000,0.272202,-1293.817383,-0.003182,0.000014,0.000347,1.210813,0.061682,0.003467,-1293.817383,0.000416,0.000000
3.000000,0.280022,-1293.772949,-0.003169,0.000014,0.000347,1.245599,0.063454,0.003467,-1293.772949,0.000416,0.000000
3.010000,0.278160,-1293.817383,-0.003182,0.000014,0.000347,1.237318,0.063032,0.003467,-1293.817383,0.000416,0.000000
3.020000,0.276299,-1293.861938,-0.003195,0.000014,0.000347,1.229037,0.062610,0.003467,-1293.861938,0.000416,0.000000
3.030000,0.279282,-1293.861938,-0.003186,0.000014,0.000347,1.242307,0.063286,0.003467,-1293.861938,0.000416,0.000000
3.040000,0.274063,-1293.906372,-0.003169,0.000014,0.000347,1.219094,0.062104,0.003467,-1293.906372,0.000416,0.000000
3.050000,0.281517,-1293.772949,-0.003173,0.000014,0.000347,1.252250,0.063793,0.003467,-1293.772949,0.000416,0.000000
3.060000,0.275558,-1293.861938,-0.003186,0.000014,0.000347,1.225745,0.062442,0.003467,-1293.861938,0.000416,0.000000
3.070000,0.285240,-1293.817383,-0.003182,0.000014,0.000347,1.268812,0.064636,0.003467,-1293.817383,0.000416,0.000000
3.080000,0.276299,-1293.772949,-0.003173,0.000014,0.000347,1.229037,0.062610,0.003467,-1293.772949,0.000416,0.000000
3.090000,0.277420,-1293.772949,-0.003173,0.000014,0.000347,1.234026,0.062864,0.003467,-1293.772949,0.000416,0.000000
3.100000,0.276299,-1293.817383,-0.003178,0.000014,0.000347,1.229037,0.062610,0.003467,-1293.817383,0.000416,0.000000
3.110000,0.272575,-1293.772949,-0.003178,0.000014,0.000347,1.212476,0.061766,0.003467,-1293.772949,0.000416,0.000000
3.120000,0.267738,-1293.772949,-0.003182,0.000014,0.000347,1.190960,0.060670,0.003467,-1293.772949,0.000416,0.000000
3.130000,0.271461,-1293.772949,-0.003178,0.000014,0.000347,1.207521,0.061514,0.003467,-1293.772949,0.000416,0.000000
3.140000,0.273697,-1293.861938,-0.003186,0.000014,0.000347,1.217465,0.062021,0.003467,-1293.861938,0.000416,0.000000
3.150000,0.275925,-1293.772949,-0.003182,0.000014,0.000347,1.227374,0.062525,0.003467,-1293.772949,0.000416,0.000000
3.160000,0.272202,-1293.772949,-0.003173,0.000014,0.000347,1.210813,0.061682,0.003467,-1293.772949,0.000416,0.000000
3.170000,0.286354,-1293.772949,-0.003173,0.000014,0.000347,1.273767,0.064889,0.003467,-1293.772949,0.000416,0.000000
3.180000,0.275558,-1293.861938,-0.003169,0.000014,0.000347,1.225745,0.062442,0.003467,-1293.861938,0.000416,0.000000
3.190000,0.274437,-1293.817383,-0.003182,0.000014,0.000347,1.220757,0.062188,0.003467,-1293.817383,0.000416,0.000000
3.200000,0.279282,-1293.772949,-0.003178,0.000013,0.000338,1.242307,0.063286,0.003376,-1293.772949,0.000416,0.000000
3.210000,0.272949,-1293.861938,-0.003178,0.000013,0.000338,1.214139,0.061851,0.003376,-1293.861938,0.000416,0.000000
3.220000,0.281143,-1293.728516,-0.003182,0.000013,0.000338,1.250587,0.063708,0.003376,-1293.728516,0.000416,0.000000
3.230000,0.274437,-1293.817383,-0.003178,0.000013,0.000338,1.220757,0.062188,0.003376,-1293.817383,0.000416,0.000000
3.240000,0.276672,-1293.817383,-0.003191,0.000013,0.000338,1.230700,0.062695,0.003376,-1293.817383,0.000416,0.000000
3.250000,0.277046,-1293.728516,-0.003178,0.000013,0.000338,1.232363,0.062780,0.003376,-1293.728516,0.000416,0.000000
3.260000,0.269600,-1293.817383,-0.003173,0.000013,0.000338,1.199240,0.061092,0.003376,-1293.817383,0.000416,0.000000
3.270000,0.271835,-1293.728516,-0.003178,0.000013,0.000338,1.209184,0.061599,0.003376,-1293.728516,0.000433,0.000000
3.280000,0.275558,-1293.817383,-0.003182,0.000013,0.000338,1.225745,0.062442,0.003376,-1293.817383,0.000451,0.000000
3.290000,0.264755,-1293.861938,-0.003186,0.000013,0.000338,1.177690,0.059994,0.003376,-1293.861938,0.000468,0.000000
3.300000,0.262520,-1293.817383,-0.003169,0.000013,0.000338,1.167747,0.059488,0.003376,-1293.817383,0.000486,0.000000
3.310000,0.267738,-1293.861938,-0.003169,0.000013,0.000338,1.190960,0.060670,0.003376,-1293.861938,0.000503,0.000000
3.320000,0.264015,-1293.817383,-0.003169,0.000013,0.000338,1.174398,0.059827,0.003376,-1293.817383,0.000521,0.000000
3.330000,0.268852,-1293.817383,-0.003186,0.000013,0.000338,1.195915,0.060923,0.003376,-1293.817383,0.000537,0.000000
3.340000,0.270340,-1293.817383,-0.003191,0.000013,0.000338,1.202532,0.061260,0.003376,-1293.817383,0.000556,0.000000
3.350000,0.241669,-1293.817383,-0.003173,0.000013,0.000338,1.074996,0.054763,0.003376,-1293.817383,0.000563,0.000000
3.360000,0.220444,-1293.861938,-0.003195,0.000013,0.000338,0.980583,0.049953,0.003376,-1293.861938,0.000581,0.000000
3.370000,0.299759,-1293.728516,-0.003173,0.000013,0.000338,1.333394,0.067926,0.003376,-1293.728516,0.000598,0.000000
3.380000,0.297150,-1293.817383,-0.003173,0.000013,0.000338,1.321788,0.067335,0.003376,-1293.817383,0.000616,0.000000
3.390000,0.225655,-1293.817383,-0.003178,0.000013,0.000338,1.003762,0.051134,0.003376,-1293.817383,0.000633,0.000000
3.400000,0.228638,-1293.861938,-0.003178,0.000013,0.000338,1.017031,0.051810,0.003376,-1293.861938,0.000651,0.000000
3.410000,0.286354,-1293.817383,-0.003178,0.000013,0.000338,1.273767,0.064889,0.003376,-1293.817383,0.000668,0.000000
3.420000,0.317261,-1293.772949,-0.003173,0.000013,0.000338,1.411246,0.071892,0.003376,-1293.772949,0.000684,0.000000
3.430000,0.309441,-1293.817383,-0.003173,0.000013,0.000338,1.376461,0.070120,0.003376,-1293.817383,0.000702,0.000000
3.440000,0.277046,-1293.772949,-0.003182,0.000013,0.000338,1.232363,0.062780,0.003376,-1293.772949,0.000719,0.000000
3.450000,0.273697,-1293.728516,-0.003178,0.000013,0.000338,1.217465,0.062021,0.003376,-1293.728516,0.000737,0.000000
3.460000,0.293800,-1293.861938,-0.003182,0.000014,0.000347,1.306889,0.066576,0.003467,-1293.861938,0.000754,0.000000
3.470000,0.291939,-1293.772949,-0.003195,0.000014,0.000347,1.298609,0.066154,0.003467,-1293.772949,0.000772,0.000000
3.480000,0.291199,-1293.817383,-0.003182,0.000014,0.000347,1.295317,0.065987,0.003467,-1293.817383,0.000781,0.000000
3.490000,0.280022,-1293.817383,-0.003182,0.000014,0.000347,1.245599,0.063454,0.003467,-1293.817383,0.000798,0.000000
3.500000,0.264755,-1293.861938,-0.003178,0.000014,0.000347,1.177690,0.059994,0.003467,-1293.861938,0.000815,0.000000
3.510000,0.247627,-1293.817383,-0.003178,0.000014,0.000347,1.101501,0.056113,0.003467,-1293.817383,0.000833,0.000000
3.520000,0.259918,-1293.772949,-0.003178,0.000014,0.000347,1.156174,0.058898,0.003467,-1293.772949,0.000849,0.000000
3.530000,0.271461,-1293.861938,-0.003173,0.000014,0.000347,1.207521,0.061514,0.003467,-1293.861938,0.000867,0.000000
3.540000,0.251350,-1293.772949,-0.003186,0.000014,0.000347,1.118062,0.056957,0.003467,-1293.772949,0.000884,0.000000
3.550000,0.249863,-1293.817383,-0.003178,0.000014,0.000347,1.111445,0.056620,0.003467,-1293.817383,0.000902,0.000000
3.560000,0.247253,-1293.817383,-0.003182,0.000014,0.000347,1.099838,0.056028,0.003467,-1293.817383,0.000919,0.000000
3.570000,0.247253,-1293.817383,-0.003173,0.000014,0.000356,1.099838,0.056028,0.003558,-1293.817383,0.000937,0.000000
3.580000,0.244652,-1293.861938,-0.003169,0.000015,0.000372,1.088266,0.055439,0.003724,-1293.861938,0.000954,0.000000
3.590000,0.250237,-1293.861938,-0.003195,0.000015,0.000372,1.113108,0.056704,0.003724,-1293.861938,0.000972,0.000000
3.600000,0.266243,-1293.728516,-0.003178,0.000015,0.000372,1.184308,0.060332,0.003724,-1293.728516,0.000989,0.000000
3.610000,0.272949,-1293.861938,-0.003182,0.000015,0.000372,1.214139,0.061851,0.003724,-1293.861938,0.000998,0.000000
3.620000,0.279655,-1293.861938,-0.003182,0.000015,0.000372,1.243970,0.063371,0.003724,-1293.861938,0.001014,0.000000
3.630000,0.276299,-1293.861938,-0.003165,0.000015,0.000382,1.229037,0.062610,0.003815,-1293.861938,0.001033,0.000000
3.640000,0.266991,-1293.772949,-0.003186,0.000015,0.000382,1.187634,0.060501,0.003815,-1293.772949,0.001049,0.000000
3.650000,0.258057,-1293.772949,-0.003191,0.000016,0.000398,1.147893,0.058476,0.003982,-1293.772949,0.001067,0.000000
3.660000,0.255821,-1293.861938,-0.003182,0.000016,0.000398,1.137950,0.057970,0.003982,-1293.861938,0.001084,0.000000
3.670000,0.271461,-1293.772949,-0.003173,0.000016,0.000416,1.207521,0.061514,0.004163,-1293.772949,0.001101,0.000000
3.680000,0.274437,-1293.817383,-0.003191,0.000017,0.000425,1.220757,0.062188,0.004254,-1293.817383,0.001119,0.000000
3.690000,0.256935,-1293.817383,-0.003178,0.000017,0.000442,1.142905,0.058222,0.004421,-1293.817383,0.001135,0.000000
3.700000,0.271088,-1293.772949,-0.003178,0.000018,0.000451,1.205858,0.061429,0.004512,-1293.772949,0.001154,0.000000
3.710000,0.267738,-1293.906372,-0.003182,0.000018,0.000460,1.190960,0.060670,0.004602,-1293.906372,0.001170,0.000000
3.720000,0.253960,-1293.861938,-0.003186,0.000018,0.000460,1.129669,0.057548,0.004602,-1293.861938,0.001188,0.000000
3.730000,0.257683,-1293.817383,-0.003165,0.000018,0.000468,1.146230,0.058392,0.004678,-1293.817383,0.001205,0.000000
3.740000,0.257683,-1293.817383,-0.003186,0.000019,0.000477,1.146230,0.058392,0.004769,-1293.817383,0.001214,0.000000
3.750000,0.271835,-1293.817383,-0.003173,0.000019,0.000486,1.209184,0.061599,0.004860,-1293.817383,0.001231,0.000000
3.760000,0.275558,-1293.817383,-0.003173,0.000019,0.000494,1.225745,0.062442,0.004936,-1293.817383,0.001249,0.000000
3.770000,0.270714,-1293.817383,-0.003178,0.000020,0.000503,1.204195,0.061345,0.005026,-1293.817383,0.001266,0.000000
3.780000,0.265877,-1293.817383,-0.003178,0.000020,0.000503,1.182679,0.060249,0.005026,-1293.817383,0.001284,0.000000
3.790000,0.254700,-1293.817383,-0.003173,0.000020,0.000512,1.132961,0.057716,0.005117,-1293.817383,0.001300,0.000000
3.800000,0.283005,-1293.772949,-0.003178,0.000020,0.000512,1.258868,0.064130,0.005117,-1293.772949,0.001319,0.000000
3.810000,0.288589,-1293.861938,-0.003186,0.000020,0.000512,1.283710,0.065395,0.005117,-1293.861938,0.001335,0.000000
3.820000,0.288216,-1293.817383,-0.003186,0.000021,0.000521,1.282047,0.065311,0.005208,-1293.817383,0.001353,0.000000
3.830000,0.282257,-1293.772949,-0.003178,0.000021,0.000537,1.255542,0.063960,0.005375,-1293.772949,0.001370,0.000000
3.840000,0.276299,-1293.772949,-0.003178,0.000023,0.000572,1.229037,0.062610,0.005723,-1293.772949,0.001387,0.000000
3.850000,0.288589,-1293.817383,-0.003178,0.000024,0.000598,1.283710,0.065395,0.005980,-1293.817383,0.001405,0.000000
3.860000,0.297523,-1293.772949,-0.003169,0.000025,0.000633,1.323451,0.067420,0.006328,-1293.772949,0.001422,0.000000
3.870000,0.306091,-1293.861938,-0.003178,0.000026,0.000659,1.361562,0.069361,0.006586,-1293.861938,0.001431,0.000000
3.880000,0.326942,-1293.817383,-0.003173,0.000027,0.000677,1.454313,0.074086,0.006767,-1293.817383,0.001449,0.000000
3.890000,0.333275,-1293.817383,-0.003169,0.000027,0.000684,1.482481,0.075521,0.006843,-1293.817383,0.001466,0.000000
3.900000,0.341469,-1293.728516,-0.003195,0.000027,0.000684,1.518929,0.077378,0.006843,-1293.728516,0.001482,0.000000
3.910000,0.357101,-1293.817383,-0.003191,0.000027,0.000684,1.588467,0.080920,0.006843,-1293.817383,0.001500,0.000000
3.920000,0.342583,-1293.728516,-0.003186,0.000028,0.000702,1.523884,0.077630,0.007025,-1293.728516,0.001517,0.000000
3.930000,0.352638,-1293.772949,-0.003182,0.000028,0.000719,1.568613,0.079909,0.007191,-1293.772949,0.001535,0.000000
3.940000,0.365295,-1293.817383,-0.003178,0.000029,0.000728,1.624915,0.082777,0.007282,-1293.817383,0.001552,0.000000
3.950000,0.365669,-1293.772949,-0.003173,0.000029,0.000737,1.626578,0.082862,0.007373,-1293.772949,0.001570,0.000000
3.960000,0.344070,-1293.861938,-0.003169,0.000030,0.000754,1.530502,0.077967,0.007540,-1293.861938,0.001587,0.000000
3.970000,0.339607,-1293.772949,-0.003195,0.000030,0.000772,1.510648,0.076956,0.007721,-1293.772949,0.001605,0.000000
3.980000,0.345932,-1293.817383,-0.003178,0.000031,0.000789,1.538782,0.078389,0.007888,-1293.817383,0.001621,0.000000
3.990000,0.355240,-1293.817383,-0.003191,0.000031,0.000798,1.580186,0.080499,0.007979,-1293.817383,0.001640,0.000000
4.000000,0.374603,-1293.772949,-0.003186,0.000031,0.000798,1.666319,0.084886,0.007979,-1293.772949,0.001647,0.000000
4.010000,0.374603,-1293.861938,-0.003182,0.000032,0.000807,1.666319,0.084886,0.008069,-1293.861938,0.001665,0.000000
4.020000,0.385406,-1293.817383,-0.003169,0.000032,0.000815,1.714374,0.087334,0.008145,-1293.817383,0.001682,0.000000
4.030000,0.389877,-1293.817383,-0.003178,0.000033,0.000833,1.734261,0.088347,0.008327,-1293.817383,0.001700,0.000000
4.040000,0.386147,-1293.817383,-0.003182,0.000033,0.000849,1.717666,0.087502,0.008493,-1293.817383,0.001717,0.000000
4.050000,0.390244,-1293.772949,-0.003165,0.000035,0.000884,1.735890,0.088430,0.008842,-1293.772949,0.001735,0.000000
4.060000,0.403648,-1293.817383,-0.003173,0.000036,0.000910,1.795518,0.091468,0.009099,-1293.817383,0.001752,0.000000
4.070000,0.405510,-1293.772949,-0.003173,0.000036,0.000919,1.803798,0.091890,0.009190,-1293.772949,0.001770,0.000000
4.080000,0.423386,-1293.861938,-0.003169,0.000037,0.000937,1.883313,0.095941,0.009371,-1293.861938,0.001786,0.000000
4.090000,0.431953,-1293.817383,-0.003165,0.000037,0.000945,1.921425,0.097882,0.009447,-1293.817383,0.001803,0.000000
4.100000,0.440887,-1293.772949,-0.003173,0.000038,0.000963,1.961165,0.099907,0.009629,-1293.772949,0.001821,0.000000
4.110000,0.443123,-1293.817383,-0.003173,0.000038,0.000972,1.971109,0.100413,0.009720,-1293.817383,0.001838,0.000000
4.120000,0.451691,-1293.817383,-0.003165,0.000039,0.000980,2.009220,0.102355,0.009795,-1293.817383,0.001847,0.000000
4.130000,0.466209,-1293.861938,-0.003169,0.000040,0.001005,2.073803,0.105645,0.010053,-1293.861938,0.001865,0.000000
4.140000,0.473656,-1293.861938,-0.003169,0.000040,0.001023,2.106926,0.107332,0.010234,-1293.861938,0.001882,0.000000
4.150000,0.489670,-1293.861938,-0.003156,0.000041,0.001033,2.178160,0.110961,0.010325,-1293.861938,0.001899,0.000000
4.160000,0.493393,-1293.817383,-0.003169,0.000041,0.001033,2.194721,0.111804,0.010325,-1293.817383,0.001917,0.000000
4.170000,0.485947,-1293.817383,-0.003152,0.000041,0.001040,2.161599,0.110117,0.010401,-1293.817383,0.001933,0.000000
4.180000,0.499352,-1293.861938,-0.003165,0.000041,0.001049,2.221226,0.113155,0.010492,-1293.861938,0.001951,0.000000
4.190000,0.506424,-1293.861938,-0.003186,0.000042,0.001067,2.252686,0.114757,0.010673,-1293.861938,0.001968,0.000000
4.200000,0.510521,-1293.817383,-0.003169,0.000042,0.001075,2.270911,0.115686,0.010749,-1293.817383,0.001986,0.000000
4.210000,0.521690,-1293.861938,-0.003156,0.000043,0.001093,2.320595,0.118217,0.010931,-1293.861938,0.002003,0.000000
4.220000,0.530632,-1293.817383,-0.003169,0.000043,0.001101,2.360369,0.120243,0.011006,-1293.817383,0.002021,0.000000
4.230000,0.523186,-1293.861938,-0.003156,0.000044,0.001110,2.327246,0.118556,0.011097,-1293.861938,0.002038,0.000000
4.240000,0.545898,-1293.817383,-0.003160,0.000044,0.001119,2.428277,0.123702,0.011188,-1293.817383,0.002056,0.000000
4.250000,0.552597,-1293.728516,-0.003152,0.000044,0.001119,2.458074,0.125220,0.011188,-1293.728516,0.002064,0.000000
4.260000,0.548134,-1293.906372,-0.003169,0.000044,0.001128,2.438221,0.124209,0.011279,-1293.906372,0.002082,0.000000
4.270000,0.545525,-1293.728516,-0.003160,0.000045,0.001135,2.426615,0.123618,0.011355,-1293.728516,0.002098,0.000000
4.280000,0.536217,-1293.817383,-0.003156,0.000046,0.001163,2.385211,0.121508,0.011627,-1293.817383,0.002117,0.000000
4.290000,0.549995,-1293.817383,-0.003173,0.000048,0.001214,2.446502,0.124631,0.012142,-1293.817383,0.002133,0.000000
4.300000,0.584999,-1293.728516,-0.003165,0.000049,0.001249,2.602206,0.132563,0.012490,-1293.728516,0.002151,0.000000
4.310000,0.603989,-1293.906372,-0.003173,0.000050,0.001275,2.686676,0.136866,0.012748,-1293.906372,0.002168,0.000000
4.320000,0.627823,-1293.817383,-0.003165,0.000051,0.001284,2.792696,0.142267,0.012838,-1293.817383,0.002185,0.000000
4.330000,0.647186,-1293.861938,-0.003147,0.000051,0.001291,2.878828,0.146655,0.012914,-1293.861938,0.002203,0.000000
4.340000,0.662827,-1293.772949,-0.003165,0.000051,0.001300,2.948400,0.150199,0.013005,-1293.772949,0.002219,0.000000
4.350000,0.657608,-1293.683960,-0.003156,0.000052,0.001319,2.925187,0.149016,0.013187,-1293.683960,0.002238,0.000000
4.360000,0.653885,-1293.861938,-0.003165,0.000052,0.001326,2.908625,0.148172,0.013262,-1293.861938,0.002254,0.000000
4.370000,0.671761,-1293.728516,-0.003160,0.000053,0.001335,2.988140,0.152223,0.013353,-1293.728516,0.002272,0.000000
4.380000,0.672134,-1293.772949,-0.003152,0.000053,0.001353,2.989803,0.152308,0.013535,-1293.772949,0.002280,0.000000
4.390000,0.682190,-1293.861938,-0.003169,0.000053,0.001353,3.034532,0.154586,0.013535,-1293.861938,0.002298,0.000000
4.400000,0.688889,-1293.817383,-0.003165,0.000054,0.001361,3.064329,0.156104,0.013610,-1293.817383,0.002315,0.000000
4.410000,0.685539,-1293.861938,-0.003156,0.000054,0.001370,3.049431,0.155345,0.013701,-1293.861938,0.002333,0.000000
4.420000,0.679207,-1293.817383,-0.003156,0.000055,0.001387,3.021263,0.153910,0.013868,-1293.817383,0.002350,0.000000
4.430000,0.689636,-1293.817383,-0.003156,0.000056,0.001414,3.067655,0.156274,0.014140,-1293.817383,0.002368,0.000000
4.440000,0.701920,-1293.861938,-0.003156,0.000056,0.001431,3.122294,0.159057,0.014307,-1293.861938,0.002384,0.000000
4.450000,0.713463,-1293.772949,-0.003143,0.000057,0.001440,3.173641,0.161673,0.014398,-1293.772949,0.002403,0.000000
4.460000,0.723145,-1293.817383,-0.003152,0.000057,0.001456,3.216707,0.163867,0.014564,-1293.817383,0.002419,0.000000
4.470000,0.733948,-1293.728516,-0.003147,0.000057,0.001456,3.264763,0.166315,0.014564,-1293.728516,0.002437,0.000000
4.480000,0.741768,-1293.950806,-0.003134,0.000058,0.001466,3.299548,0.168087,0.014655,-1293.950806,0.002454,0.000000
4.490000,0.744003,-1293.817383,-0.003152,0.000058,0.001466,3.309492,0.168594,0.014655,-1293.817383,0.002472,0.000000
4.500000,0.750702,-1293.861938,-0.003143,0.000058,0.001466,3.339289,0.170111,0.014655,-1293.861938,0.002489,0.000000
4.510000,0.742508,-1293.817383,-0.003156,0.000058,0.001466,3.302840,0.168255,0.014655,-1293.817383,0.002498,0.000000
4.520000,0.750702,-1293.772949,-0.003147,0.000058,0.001475,3.339289,0.170111,0.014746,-1293.772949,0.002515,0.000000
4.530000,0.746605,-1293.817383,-0.003152,0.000058,0.001482,3.321064,0.169183,0.014822,-1293.817383,0.002533,0.000000
4.540000,0.745117,-1293.861938,-0.003152,0.000059,0.001500,3.314447,0.168846,0.015003,-1293.861938,0.002550,0.000000
4.550000,0.754425,-1293.772949,-0.003143,0.000059,0.001509,3.355850,0.170955,0.015094,-1293.772949,0.002568,0.000000
4.560000,0.761871,-1293.817383,-0.003165,0.000060,0.001526,3.388973,0.172643,0.015261,-1293.817383,0.002584,0.000000
4.570000,0.773788,-1293.817383,-0.003152,0.000061,0.001552,3.441983,0.175343,0.015518,-1293.817383,0.002601,0.000000
4.580000,0.786079,-1293.861938,-0.003143,0.000063,0.001596,3.496656,0.178128,0.015957,-1293.861938,0.002619,0.000000
4.590000,0.817734,-1293.817383,-0.003160,0.000064,0.001631,3.637461,0.185301,0.016305,-1293.817383,0.002636,0.000000
4.600000,0.838959,-1293.772949,-0.003139,0.000066,0.001682,3.731875,0.190111,0.016820,-1293.772949,0.002654,0.000000
4.610000,0.879173,-1293.861938,-0.003152,0.000068,0.001726,3.910758,0.199224,0.017259,-1293.861938,0.002671,0.000000
4.620000,0.930557,-1293.772949,-0.003147,0.000069,0.001752,4.139326,0.210867,0.017516,-1293.772949,0.002689,0.000000
4.630000,0.963699,-1293.861938,-0.003147,0.000070,0.001770,4.286749,0.218377,0.017698,-1293.861938,0.002705,0.000000
4.640000,0.977104,-1293.861938,-0.003143,0.000071,0.001796,4.346376,0.221415,0.017956,-1293.861938,0.002715,0.000000
4.650000,0.991631,-1293.772949,-0.003143,0.000073,0.001847,4.410993,0.224707,0.018470,-1293.772949,0.002731,0.000000
4.660000,1.021790,-1293.906372,-0.003143,0.000074,0.001882,4.545147,0.231541,0.018818,-1293.906372,0.002749,0.000000
4.670000,1.062752,-1293.772949,-0.003139,0.000075,0.001899,4.727356,0.240823,0.018985,-1293.772949,0.002766,0.000000
4.680000,1.078392,-1293.772949,-0.003143,0.000075,0.001908,4.796927,0.244367,0.019076,-1293.772949,0.002784,0.000000
4.690000,1.095146,-1293.861938,-0.003152,0.000075,0.001917,4.871453,0.248164,0.019167,-1293.861938,0.002801,0.000000
4.700000,1.105949,-1293.817383,-0.003134,0.000076,0.001933,4.919508,0.250612,0.019333,-1293.817383,0.002819,0.000000
4.710000,1.111534,-1293.817383,-0.003134,0.000077,0.001961,4.944351,0.251877,0.019606,-1293.817383,0.002836,0.000000
4.720000,1.130898,-1293.861938,-0.003134,0.000077,0.001968,5.030483,0.256265,0.019681,-1293.861938,0.002854,0.000000
4.730000,1.142815,-1293.817383,-0.003126,0.000078,0.001986,5.083493,0.258965,0.019863,-1293.817383,0.002870,0.000000
4.740000,1.152122,-1293.817383,-0.003130,0.000078,0.001994,5.124897,0.261075,0.019939,-1293.817383,0.002887,0.000000
4.750000,1.163292,-1293.772949,-0.003134,0.000079,0.002003,5.174581,0.263606,0.020030,-1293.772949,0.002905,0.000000
4.760000,1.180794,-1293.772949,-0.003134,0.000079,0.002003,5.252433,0.267572,0.020030,-1293.772949,0.002914,0.000000
4.770000,1.212074,-1293.772949,-0.003134,0.000079,0.002003,5.391576,0.274660,0.020030,-1293.772949,0.002931,0.000000
4.780000,1.214310,-1293.772949,-0.003134,0.000079,0.002012,5.401519,0.275167,0.020121,-1293.772949,0.002949,0.000000
4.790000,1.231438,-1293.861938,-0.003126,0.000080,0.002029,5.477708,0.279048,0.020287,-1293.861938,0.002966,0.000000
4.800000,1.229950,-1293.817383,-0.003147,0.000081,0.002056,5.471091,0.278711,0.020560,-1293.817383,0.002982,0.000000
4.810000,1.238884,-1293.861938,-0.003134,0.000083,0.002098,5.510831,0.280735,0.020983,-1293.861938,0.003001,0.000000
4.820000,1.267555,-1293.772949,-0.003122,0.000084,0.002133,5.638367,0.287232,0.021332,-1293.772949,0.003017,0.000000
4.830000,1.305534,-1293.817383,-0.003134,0.000085,0.002151,5.807307,0.295838,0.021513,-1293.817383,0.003035,0.000000
4.840000,1.334953,-1293.817383,-0.003126,0.000085,0.002159,5.938169,0.302505,0.021589,-1293.817383,0.003052,0.000000
4.850000,1.349106,-1293.772949,-0.003126,0.000086,0.002177,6.001122,0.305712,0.021771,-1293.772949,0.003070,0.000000
4.860000,1.355804,-1293.906372,-0.003130,0.000086,0.002185,6.030920,0.307230,0.021846,-1293.906372,0.003087,0.000000
4.870000,1.368469,-1293.817383,-0.003117,0.000086,0.002185,6.087255,0.310100,0.021846,-1293.817383,0.003105,0.000000
4.880000,1.380760,-1293.817383,-0.003126,0.000086,0.002194,6.141928,0.312885,0.021937,-1293.817383,0.003122,0.000000
4.890000,1.369583,-1293.817383,-0.003126,0.000087,0.002203,6.092210,0.310352,0.022028,-1293.817383,0.003131,0.000000
4.900000,1.377037,-1293.817383,-0.003122,0.000087,0.002212,6.125367,0.312041,0.022119,-1293.817383,0.003148,0.000000
4.910000,1.396027,-1293.817383,-0.003134,0.000087,0.002219,6.209836,0.316344,0.022195,-1293.817383,0.003166,0.000000
4.920000,1.393044,-1293.728516,-0.003126,0.000088,0.002247,6.196567,0.315668,0.022467,-1293.728516,0.003182,0.000000
4.930000,1.413895,-1293.861938,-0.003139,0.000089,0.002272,6.289318,0.320393,0.022725,-1293.861938,0.003201,0.000000
4.940000,1.429169,-1293.817383,-0.003122,0.000089,0.002272,6.357260,0.323854,0.022725,-1293.817383,0.003217,0.000000
4.950000,1.447037,-1293.817383,-0.003134,0.000090,0.002289,6.436741,0.327903,0.022891,-1293.817383,0.003235,0.000000
4.960000,1.446671,-1293.861938,-0.003113,0.000090,0.002298,6.435112,0.327820,0.022982,-1293.861938,0.003252,0.000000
4.970000,1.460442,-1293.861938,-0.003117,0.000090,0.002298,6.496368,0.330941,0.022982,-1293.861938,0.003269,0.000000
4.980000,1.456352,-1293.817383,-0.003122,0.000091,0.002307,6.478179,0.330014,0.023073,-1293.817383,0.003287,0.000000
4.990000,1.458954,-1293.772949,-0.003109,0.000091,0.002315,6.489751,0.330604,0.023148,-1293.772949,0.003303,0.000000
5.000000,1.471985,-1293.772949,-0.003126,0.000092,0.002333,6.547716,0.333557,0.023330,-1293.772949,0.003322,0.000000
5.010000,1.476830,-1293.817383,-0.003122,0.000092,0.002342,6.569266,0.334654,0.023421,-1293.817383,0.003338,0.000000
5.020000,1.485023,-1293.817383,-0.003122,0.000094,0.002384,6.605714,0.336511,0.023845,-1293.817383,0.003347,0.000000
5.030000,1.517044,-1293.861938,-0.003117,0.000094,0.002384,6.748149,0.343767,0.023845,-1293.861938,0.003366,0.000000
5.040000,1.540504,-1293.817383,-0.003130,0.000094,0.002384,6.852506,0.349083,0.023845,-1293.817383,0.003382,0.000000
5.050000,1.544975,-1293.772949,-0.003126,0.000094,0.002384,6.872393,0.350096,0.023845,-1293.772949,0.003399,0.000000
5.060000,1.539757,-1293.861938,-0.003134,0.000094,0.002394,6.849180,0.348914,0.023936,-1293.861938,0.003417,0.000000
5.070000,1.536781,-1293.772949,-0.003126,0.000094,0.002394,6.835945,0.348240,0.023936,-1293.772949,0.003434,0.000000
5.080000,1.549438,-1293.817383,-0.003117,0.000094,0.002394,6.892247,0.351108,0.023936,-1293.817383,0.003452,0.000000
5.090000,1.545349,-1293.817383,-0.003122,0.000094,0.002394,6.874056,0.350181,0.023936,-1293.817383,0.003468,0.000000
5.100000,1.548698,-1293.772949,-0.003126,0.000095,0.002403,6.888955,0.350940,0.024027,-1293.772949,0.003487,0.000000
5.110000,1.541252,-1293.817383,-0.003126,0.000095,0.002403,6.855832,0.349253,0.024027,-1293.817383,0.003503,0.000000
5.120000,1.538269,-1293.728516,-0.003113,0.000095,0.002403,6.842563,0.348577,0.024027,-1293.728516,0.003521,0.000000
5.130000,1.545349,-1293.817383,-0.003122,0.000095,0.002403,6.874056,0.350181,0.024027,-1293.817383,0.003538,0.000000
5.140000,1.560616,-1293.861938,-0.003117,0.000095,0.002410,6.941965,0.353641,0.024102,-1293.861938,0.003556,0.000000
5.150000,1.558006,-1293.817383,-0.003122,0.000096,0.002428,6.930358,0.353049,0.024284,-1293.817383,0.003564,0.000000
5.160000,1.580719,-1293.817383,-0.003113,0.000096,0.002437,7.031389,0.358196,0.024375,-1293.817383,0.003582,0.000000
5.170000,1.596733,-1293.772949,-0.003109,0.000096,0.002437,7.102623,0.361825,0.024375,-1293.772949,0.003599,0.000000
5.180000,1.599342,-1293.817383,-0.003122,0.000096,0.002437,7.114230,0.362416,0.024375,-1293.817383,0.003617,0.000000
5.190000,1.599342,-1293.817383,-0.003109,0.000096,0.002445,7.114230,0.362416,0.024450,-1293.817383,0.003633,0.000000
5.200000,1.608276,-1293.772949,-0.003117,0.000097,0.002454,7.153971,0.364441,0.024541,-1293.772949,0.003652,0.000000
5.210000,1.615349,-1293.817383,-0.003109,0.000097,0.002472,7.185431,0.366043,0.024723,-1293.817383,0.003668,0.000000
5.220000,1.624290,-1293.817383,-0.003117,0.000100,0.002533,7.225205,0.368069,0.025329,-1293.817383,0.003685,0.000000
5.230000,1.663017,-1293.817383,-0.003100,0.000103,0.002619,7.397470,0.376845,0.026191,-1293.817383,0.003703,0.000000
5.240000,1.723709,-1293.772949,-0.003113,0.000106,0.002680,7.667441,0.390598,0.026797,-1293.772949,0.003720,0.000000
5.250000,1.797066,-1293.772949,-0.003109,0.000106,0.002689,7.993748,0.407221,0.026888,-1293.772949,0.003738,0.000000
5.260000,1.840263,-1293.861938,-0.003122,0.000106,0.002689,8.185901,0.417010,0.026888,-1293.861938,0.003755,0.000000
5.270000,1.856651,-1293.772949,-0.003109,0.000106,0.002689,8.258798,0.420723,0.026888,-1293.772949,0.003773,0.000000
5.280000,1.866707,-1293.906372,-0.003122,0.000106,0.002696,8.303527,0.423002,0.026964,-1293.906372,0.003780,0.000000
5.290000,1.865585,-1293.772949,-0.003109,0.000106,0.002696,8.298538,0.422748,0.026964,-1293.772949,0.003799,0.000000
5.300000,1.870796,-1293.817383,-0.003117,0.000106,0.002696,8.321717,0.423928,0.026964,-1293.817383,0.003815,0.000000
5.310000,1.875267,-1293.861938,-0.003113,0.000106,0.002696,8.341604,0.424942,0.026964,-1293.861938,0.003833,0.000000
5.320000,1.899101,-1293.772949,-0.003122,0.000107,0.002705,8.447624,0.430342,0.027054,-1293.772949,0.003850,0.000000
5.330000,1.892021,-1293.861938,-0.003104,0.000107,0.002715,8.416130,0.428738,0.027145,-1293.861938,0.003868,0.000000
5.340000,1.887184,-1293.817383,-0.003122,0.000107,0.002715,8.394614,0.427642,0.027145,-1293.817383,0.003885,0.000000
5.350000,1.887184,-1293.817383,-0.003104,0.000107,0.002724,8.394614,0.427642,0.027236,-1293.817383,0.003903,0.000000
5.360000,1.888672,-1293.817383,-0.003100,0.000108,0.002731,8.401232,0.427979,0.027312,-1293.817383,0.003920,0.000000
5.370000,1.894630,-1293.772949,-0.003109,0.000108,0.002749,8.427737,0.429329,0.027493,-1293.772949,0.003938,0.000000
5.380000,1.906548,-1293.817383,-0.003096,0.000110,0.002784,8.480747,0.432030,0.027842,-1293.817383,0.003954,0.000000
5.390000,1.929634,-1293.817383,-0.003113,0.000111,0.002810,8.583441,0.437261,0.028099,-1293.817383,0.003971,0.000000
5.400000,1.945648,-1293.772949,-0.003100,0.000112,0.002836,8.654675,0.440890,0.028356,-1293.772949,0.003989,0.000000
5.410000,1.975067,-1293.817383,-0.003117,0.000113,0.002870,8.785538,0.447557,0.028705,-1293.817383,0.003998,0.000000
5.420000,2.004852,-1293.728516,-0.003109,0.000113,0.002870,8.918029,0.454306,0.028705,-1293.728516,0.004015,0.000000
5.430000,2.030174,-1293.817383,-0.003096,0.000113,0.002870,9.030666,0.460044,0.028705,-1293.817383,0.004033,0.000000
5.440000,2.036880,-1293.728516,-0.003104,0.000113,0.002880,9.060497,0.461564,0.028795,-1293.728516,0.004050,0.000000
5.450000,2.054008,-1293.861938,-0.003091,0.000113,0.002880,9.136686,0.465445,0.028795,-1293.861938,0.004066,0.000000
5.460000,2.051773,-1293.817383,-0.003096,0.000113,0.002880,9.126742,0.464938,0.028795,-1293.817383,0.004085,0.000000
5.470000,2.042091,-1293.817383,-0.003096,0.000114,0.002887,9.083676,0.462745,0.028871,-1293.817383,0.004101,0.000000
5.480000,2.035759,-1293.861938,-0.003100,0.000114,0.002887,9.055509,0.461310,0.028871,-1293.861938,0.004119,0.000000
5.490000,2.036507,-1293.861938,-0.003109,0.000114,0.002887,9.058834,0.461479,0.028871,-1293.861938,0.004136,0.000000
5.500000,2.045067,-1293.861938,-0.003109,0.000114,0.002896,9.096911,0.463419,0.028962,-1293.861938,0.004154,0.000000
5.510000,2.052147,-1293.906372,-0.003109,0.000114,0.002905,9.128406,0.465023,0.029053,-1293.906372,0.004171,0.000000
5.520000,2.052887,-1293.817383,-0.003104,0.000115,0.002922,9.131698,0.465191,0.029219,-1293.817383,0.004189,0.000000
5.530000,2.054749,-1293.861938,-0.003087,0.000115,0.002931,9.139978,0.465613,0.029310,-1293.861938,0.004197,0.000000
5.540000,2.062943,-1293.817383,-0.003109,0.000116,0.002957,9.176427,0.467469,0.029568,-1293.817383,0.004215,0.000000
5.550000,2.081566,-1293.817383,-0.003113,0.000120,0.003052,9.259268,0.471690,0.030521,-1293.817383,0.004232,0.000000
5.560000,2.138535,-1293.906372,-0.003113,0.000127,0.003217,9.512677,0.484599,0.032172,-1293.906372,0.004250,0.000000
5.570000,2.306099,-1293.728516,-0.003109,0.000134,0.003391,10.258040,0.522569,0.033913,-1293.728516,0.004266,0.000000
5.580000,2.542191,-1293.861938,-0.003096,0.000138,0.003503,11.308228,0.576069,0.035033,-1293.861938,0.004285,0.000000
5.590000,2.719437,-1293.817383,-0.003096,0.000138,0.003512,12.096659,0.616233,0.035124,-1293.817383,0.004301,0.000000
5.600000,2.774178,-1293.728516,-0.003074,0.000138,0.003512,12.340158,0.628638,0.035124,-1293.728516,0.004319,0.000000
5.610000,2.781998,-1293.817383,-0.003104,0.000139,0.003521,12.374944,0.630410,0.035215,-1293.817383,0.004336,0.000000
5.620000,2.788322,-1293.772949,-0.003083,0.000139,0.003521,12.403078,0.631843,0.035215,-1293.772949,0.004354,0.000000
5.630000,2.791679,-1293.906372,-0.003087,0.000139,0.003521,12.418010,0.632604,0.035215,-1293.906372,0.004371,0.000000
5.640000,2.789818,-1293.861938,-0.003083,0.000139,0.003529,12.409729,0.632182,0.035290,-1293.861938,0.004387,0.000000
5.650000,2.789070,-1293.861938,-0.003091,0.000140,0.003547,12.406404,0.632012,0.035472,-1293.861938,0.004406,0.000000
5.660000,2.796143,-1293.861938,-0.003078,0.000140,0.003556,12.437863,0.633615,0.035563,-1293.861938,0.004415,0.000000
5.670000,2.799126,-1293.817383,-0.003087,0.000140,0.003564,12.451133,0.634291,0.035639,-1293.817383,0.004431,0.000000
5.680000,2.823326,-1293.772949,-0.003078,0.000141,0.003582,12.558782,0.639775,0.035820,-1293.772949,0.004450,0.000000
5.690000,2.829285,-1293.817383,-0.003074,0.000141,0.003590,12.585287,0.641125,0.035896,-1293.817383,0.004466,0.000000
5.700000,2.831146,-1293.772949,-0.003087,0.000142,0.003608,12.593568,0.641547,0.036078,-1293.772949,0.004483,0.000000
5.710000,2.848274,-1293.906372,-0.003091,0.000142,0.003617,12.669757,0.645428,0.036168,-1293.906372,0.004501,0.000000
5.720000,2.856094,-1293.772949,-0.003087,0.000143,0.003624,12.704542,0.647200,0.036244,-1293.772949,0.004518,0.000000
5.730000,2.879929,-1293.817383,-0.003087,0.000143,0.003633,12.810562,0.652601,0.036335,-1293.817383,0.004536,0.000000
5.740000,2.891846,-1293.861938,-0.003083,0.000143,0.003643,12.863572,0.655302,0.036426,-1293.861938,0.004552,0.000000
5.750000,2.890724,-1293.772949,-0.003078,0.000144,0.003659,12.858583,0.655047,0.036592,-1293.772949,0.004571,0.000000
5.760000,2.894821,-1293.817383,-0.003078,0.000145,0.003677,12.876807,0.655976,0.036774,-1293.817383,0.004587,0.000000
5.770000,2.922752,-1293.772949,-0.003087,0.000145,0.003694,13.001052,0.662305,0.036941,-1293.772949,0.004605,0.000000
5.780000,2.932060,-1293.861938,-0.003074,0.000146,0.003712,13.042456,0.664414,0.037122,-1293.861938,0.004622,0.000000
5.790000,2.948814,-1293.817383,-0.003087,0.000147,0.003729,13.116982,0.668211,0.037289,-1293.817383,0.004631,0.000000
5.800000,2.977493,-1293.817383,-0.003087,0.000148,0.003764,13.244552,0.674710,0.037637,-1293.817383,0.004648,0.000000
5.810000,3.003555,-1293.906372,-0.003087,0.000149,0.003780,13.360481,0.680615,0.037804,-1293.906372,0.004666,0.000000
5.820000,3.041908,-1293.772949,-0.003074,0.000150,0.003799,13.531084,0.689306,0.037985,-1293.772949,0.004683,0.000000
5.830000,3.055313,-1293.861938,-0.003074,0.000150,0.003815,13.590712,0.692344,0.038152,-1293.861938,0.004701,0.000000
5.840000,3.077286,-1293.817383,-0.003083,0.000151,0.003833,13.688451,0.697323,0.038333,-1293.817383,0.004717,0.000000
5.850000,3.097397,-1293.772949,-0.003083,0.000152,0.003850,13.777909,0.701880,0.038500,-1293.772949,0.004736,0.000000
5.860000,3.133141,-1293.906372,-0.003074,0.000152,0.003859,13.936905,0.709980,0.038591,-1293.906372,0.004752,0.000000
5.870000,3.148407,-1293.772949,-0.003074,0.000152,0.003868,14.004814,0.713439,0.038682,-1293.772949,0.004769,0.000000
5.880000,3.156227,-1293.861938,-0.003074,0.000153,0.003885,14.039599,0.715211,0.038848,-1293.861938,0.004787,0.000000
5.890000,3.180061,-1293.817383,-0.003078,0.000153,0.003894,14.145619,0.720612,0.038939,-1293.817383,0.004804,0.000000
5.900000,3.177826,-1293.772949,-0.003074,0.000154,0.003903,14.135675,0.720106,0.039030,-1293.772949,0.004822,0.000000
5.910000,3.189743,-1293.906372,-0.003074,0.000154,0.003920,14.188685,0.722806,0.039196,-1293.906372,0.004839,0.000000
5.920000,3.217674,-1293.772949,-0.003061,0.000155,0.003929,14.312930,0.729135,0.039287,-1293.772949,0.004848,0.000000
5.930000,3.222511,-1293.861938,-0.003070,0.000156,0.003954,14.334446,0.730231,0.039545,-1293.861938,0.004864,0.000000
5.940000,3.227722,-1293.906372,-0.003070,0.000156,0.003971,14.357625,0.731412,0.039711,-1293.906372,0.004883,0.000000
5.950000,3.256027,-1293.817383,-0.003061,0.000156,0.003971,14.483533,0.737826,0.039711,-1293.817383,0.004899,0.000000
5.960001,3.260864,-1293.861938,-0.003065,0.000156,0.003971,14.505049,0.738922,0.039711,-1293.861938,0.004917,0.000000
5.970000,3.265709,-1293.772949,-0.003070,0.000157,0.003980,14.526599,0.740020,0.039802,-1293.772949,0.004934,0.000000
5.980000,3.268311,-1293.817383,-0.003074,0.000157,0.003989,14.538172,0.740610,0.039893,-1293.817383,0.004952,0.000000
5.990000,3.269806,-1293.861938,-0.003074,0.000158,0.004006,14.544823,0.740949,0.040059,-1293.861938,0.004969,0.000000
6.000000,3.281715,-1293.817383,-0.003070,0.000159,0.004033,14.597799,0.743647,0.040332,-1293.817383,0.004987,0.000000
6.010000,3.305923,-1293.861938,-0.003083,0.000160,0.004059,14.705482,0.749133,0.040589,-1293.861938,0.005004,0.000000
6.020000,3.333107,-1293.817383,-0.003074,0.000161,0.004085,14.826401,0.755293,0.040847,-1293.817383,0.005022,0.000000
6.030000,3.370346,-1293.950806,-0.003065,0.000162,0.004110,14.992048,0.763731,0.041104,-1293.950806,0.005038,0.000000
6.040000,3.410934,-1293.861938,-0.003070,0.000163,0.004136,15.172594,0.772929,0.041361,-1293.861938,0.005057,0.000000
6.050000,3.444443,-1293.861938,-0.003083,0.000163,0.004136,15.321647,0.780522,0.041361,-1293.861938,0.005064,0.000000
6.060000,3.466415,-1293.861938,-0.003065,0.000163,0.004145,15.419386,0.785501,0.041452,-1293.861938,0.005082,0.000000
6.070000,3.480934,-1293.817383,-0.003078,0.000163,0.004145,15.483969,0.788791,0.041452,-1293.817383,0.005099,0.000000
6.080000,3.476097,-1293.861938,-0.003074,0.000164,0.004154,15.462452,0.787695,0.041543,-1293.861938,0.005117,0.000000
6.090000,3.478333,-1293.861938,-0.003070,0.000164,0.004163,15.472396,0.788201,0.041634,-1293.861938,0.005134,0.000000
6.100000,3.479820,-1293.772949,-0.003061,0.000164,0.004171,15.479013,0.788539,0.041710,-1293.772949,0.005152,0.000000
6.110000,3.492851,-1293.861938,-0.003070,0.000166,0.004206,15.536979,0.791491,0.042058,-1293.861938,0.005169,0.000000
6.120000,3.528229,-1293.817383,-0.003070,0.000166,0.004224,15.694345,0.799508,0.042239,-1293.817383,0.005185,0.000000
6.130000,3.540520,-1293.817383,-0.003048,0.000167,0.004232,15.749019,0.802293,0.042315,-1293.817383,0.005203,0.000000
6.140000,3.555038,-1293.772949,-0.003057,0.000167,0.004241,15.813601,0.805583,0.042406,-1293.772949,0.005220,0.000000
6.150000,3.571053,-1293.861938,-0.003057,0.000167,0.004250,15.884835,0.809212,0.042497,-1293.861938,0.005238,0.000000
6.160000,3.591904,-1293.906372,-0.003048,0.000168,0.004266,15.977586,0.813937,0.042663,-1293.906372,0.005255,0.000000
6.170000,3.598610,-1293.817383,-0.003057,0.000169,0.004285,16.007416,0.815457,0.042845,-1293.817383,0.005264,0.000000
6.180000,3.617973,-1293.817383,-0.003061,0.000169,0.004301,16.093550,0.819844,0.043012,-1293.817383,0.005281,0.000000
6.190000,3.640686,-1293.817383,-0.003074,0.000170,0.004310,16.194580,0.824991,0.043102,-1293.817383,0.005299,0.000000
6.200000,3.658188,-1293.817383,-0.003057,0.000170,0.004319,16.272432,0.828957,0.043193,-1293.817383,0.005316,0.000000
6.210001,3.672340,-1293.906372,-0.003074,0.000171,0.004336,16.335386,0.832164,0.043360,-1293.906372,0.005334,0.000000
6.220000,3.688347,-1293.772949,-0.003053,0.000172,0.004362,16.406586,0.835791,0.043617,-1293.772949,0.005350,0.000000
6.230000,3.706596,-1293.817383,-0.003053,0.000172,0.004380,16.487764,0.839927,0.043799,-1293.817383,0.005368,0.000000
6.240000,3.741600,-1293.817383,-0.003074,0.000174,0.004415,16.643469,0.847859,0.044147,-1293.817383,0.005385,0.000000
6.250000,3.780701,-1293.772949,-0.003057,0.000175,0.004450,16.817396,0.856719,0.044495,-1293.772949,0.005403,0.000000
6.260000,3.836182,-1293.906372,-0.003048,0.000176,0.004466,17.064188,0.869291,0.044662,-1293.906372,0.005420,0.000000
6.270000,3.884590,-1293.861938,-0.003057,0.000176,0.004466,17.279520,0.880261,0.044662,-1293.861938,0.005438,0.000000
6.280000,3.874535,-1293.861938,-0.003061,0.000176,0.004466,17.234791,0.877982,0.044662,-1293.861938,0.005455,0.000000
6.290000,3.882355,-1293.861938,-0.003053,0.000176,0.004475,17.269577,0.879754,0.044753,-1293.861938,0.005471,0.000000
6.300000,3.897247,-1293.817383,-0.003061,0.000176,0.004475,17.335821,0.883129,0.044753,-1293.817383,0.005481,0.000000
6.310000,3.902832,-1293.861938,-0.003065,0.000176,0.004475,17.360664,0.884394,0.044753,-1293.861938,0.005499,0.000000
6.320000,3.899857,-1293.728516,-0.003044,0.000177,0.004501,17.347429,0.883720,0.045010,-1293.728516,0.005515,0.000000
6.330000,3.906929,-1293.772949,-0.003044,0.000178,0.004518,17.378889,0.885323,0.045177,-1293.772949,0.005534,0.000000
6.340000,3.931877,-1293.728516,-0.003053,0.000179,0.004552,17.489862,0.890976,0.045525,-1293.728516,0.005550,0.000000
6.350000,3.963158,-1293.817383,-0.003057,0.000180,0.004571,17.629005,0.898064,0.045706,-1293.817383,0.005567,0.000000
6.360000,3.991837,-1293.817383,-0.003044,0.000180,0.004571,17.756577,0.904563,0.045706,-1293.817383,0.005585,0.000000
6.370000,3.986992,-1293.817383,-0.003053,0.000180,0.004571,17.735025,0.903465,0.045706,-1293.817383,0.005602,0.000000
6.380000,4.012688,-1293.817383,-0.003044,0.000180,0.004578,17.849327,0.909288,0.045782,-1293.817383,0.005620,0.000000
6.390000,4.026466,-1293.772949,-0.003053,0.000181,0.004587,17.910618,0.912410,0.045873,-1293.772949,0.005636,0.000000
6.400000,4.037636,-1293.817383,-0.003044,0.000181,0.004596,17.960300,0.914941,0.045964,-1293.817383,0.005655,0.000000
6.410000,4.047691,-1293.772949,-0.003048,0.000181,0.004596,18.005030,0.917220,0.045964,-1293.772949,0.005671,0.000000
6.420000,4.057739,-1293.817383,-0.003044,0.000181,0.004596,18.049726,0.919497,0.045964,-1293.817383,0.005689,0.000000
6.430000,4.055138,-1293.817383,-0.003031,0.000181,0.004596,18.038153,0.918907,0.045964,-1293.817383,0.005697,0.000000
6.440001,4.056252,-1293.861938,-0.003053,0.000182,0.004613,18.043108,0.919160,0.046130,-1293.861938,0.005715,0.000000
6.450000,4.051414,-1293.817383,-0.003040,0.000182,0.004631,18.021591,0.918064,0.046312,-1293.817383,0.005732,0.000000
6.460001,4.072639,-1293.861938,-0.003057,0.000183,0.004657,18.116005,0.922873,0.046569,-1293.861938,0.005750,0.000000
6.470000,4.088280,-1293.772949,-0.003053,0.000185,0.004708,18.185577,0.926417,0.047084,-1293.772949,0.005767,0.000000
6.480000,4.139290,-1293.817383,-0.003044,0.000186,0.004736,18.412481,0.937977,0.047357,-1293.817383,0.005785,0.000000
6.490000,4.183975,-1293.861938,-0.003044,0.000187,0.004761,18.611252,0.948102,0.047614,-1293.861938,0.005801,0.000000
6.500000,4.230522,-1293.861938,-0.003044,0.000188,0.004769,18.818302,0.958650,0.047690,-1293.861938,0.005820,0.000000
6.510000,4.258827,-1293.861938,-0.003057,0.000188,0.004769,18.944210,0.965064,0.047690,-1293.861938,0.005836,0.000000
6.520000,4.290474,-1293.817383,-0.003035,0.000188,0.004769,19.084982,0.972235,0.047690,-1293.817383,0.005854,0.000000
6.530000,4.287872,-1293.861938,-0.003040,0.000188,0.004769,19.073408,0.971646,0.047690,-1293.861938,0.005871,0.000000
6.540000,4.280418,-1293.906372,-0.003044,0.000188,0.004787,19.040253,0.969957,0.047871,-1293.906372,0.005888,0.000000
6.550000,4.294945,-1293.861938,-0.003040,0.000190,0.004822,19.104868,0.973248,0.048220,-1293.861938,0.005906,0.000000
6.560000,4.314682,-1293.950806,-0.003048,0.000192,0.004883,19.192663,0.977721,0.048825,-1293.950806,0.005915,0.000000
6.570000,4.376869,-1293.817383,-0.003035,0.000195,0.004952,19.469286,0.991813,0.049522,-1293.817383,0.005932,0.000000
6.580000,4.480385,-1293.817383,-0.003035,0.000197,0.005004,19.929747,1.015270,0.050036,-1293.817383,0.005950,0.000000
6.590000,4.590981,-1293.772949,-0.003048,0.000199,0.005048,20.421701,1.040331,0.050475,-1293.772949,0.005967,0.000000
6.600000,4.678490,-1293.817383,-0.003053,0.000200,0.005073,20.810961,1.060161,0.050733,-1293.817383,0.005983,0.000000
6.610000,4.747002,-1293.861938,-0.003035,0.000200,0.005082,21.115719,1.075686,0.050824,-1293.861938,0.006001,0.000000
6.620000,4.779030,-1293.772949,-0.003040,0.000200,0.005082,21.258186,1.082944,0.050824,-1293.772949,0.006018,0.000000
6.630000,4.792435,-1293.817383,-0.003044,0.000200,0.005082,21.317814,1.085981,0.050824,-1293.817383,0.006036,0.000000
6.640000,4.787964,-1293.772949,-0.003040,0.000201,0.005108,21.297928,1.084968,0.051081,-1293.772949,0.006053,0.000000
6.650000,4.801743,-1293.861938,-0.003040,0.000202,0.005134,21.359217,1.088090,0.051338,-1293.861938,0.006071,0.000000
6.660000,4.834137,-1293.861938,-0.003035,0.000203,0.005160,21.503315,1.095431,0.051596,-1293.861938,0.006088,0.000000
6.670001,4.860580,-1293.817383,-0.003040,0.000204,0.005178,21.620941,1.101423,0.051777,-1293.817383,0.006106,0.000000
6.680000,4.892227,-1293.861938,-0.003035,0.000206,0.005220,21.761713,1.108595,0.052201,-1293.861938,0.006122,0.000000
6.690001,4.938400,-1293.861938,-0.003035,0.000206,0.005238,21.967102,1.119058,0.052383,-1293.861938,0.006132,0.000000
6.700000,4.992767,-1293.817383,-0.003022,0.000206,0.005238,22.208939,1.131377,0.052383,-1293.817383,0.006148,0.000000
6.710001,5.018837,-1293.906372,-0.003035,0.000206,0.005238,22.324902,1.137285,0.052383,-1293.906372,0.006166,0.000000
6.720000,5.019211,-1293.772949,-0.003031,0.000207,0.005247,22.326565,1.137370,0.052474,-1293.772949,0.006183,0.000000
6.730000,5.002449,-1293.817383,-0.003040,0.000207,0.005264,22.252005,1.133571,0.052640,-1293.817383,0.006201,0.000000
6.740000,5.027771,-1293.861938,-0.003027,0.000209,0.005299,22.364643,1.139309,0.052989,-1293.861938,0.006218,0.000000
6.750000,5.054214,-1293.772949,-0.003031,0.000210,0.005325,22.482269,1.145301,0.053246,-1293.772949,0.006236,0.000000
6.760000,5.091820,-1293.772949,-0.003031,0.000211,0.005350,22.649546,1.153823,0.053503,-1293.772949,0.006253,0.000000
6.770000,5.122353,-1293.772949,-0.003027,0.000212,0.005385,22.785362,1.160742,0.053851,-1293.772949,0.006269,0.000000
6.780000,5.181564,-1293.772949,-0.003035,0.000212,0.005385,23.048750,1.174159,0.053851,-1293.772949,0.006287,0.000000
6.790000,5.202789,-1293.817383,-0.003031,0.000212,0.005385,23.143162,1.178969,0.053851,-1293.817383,0.006304,0.000000
6.800000,5.203903,-1293.817383,-0.003022,0.000212,0.005394,23.148117,1.179221,0.053942,-1293.817383,0.006322,0.000000
6.810000,5.221031,-1293.906372,-0.003022,0.000213,0.005411,23.224306,1.183103,0.054109,-1293.906372,0.006331,0.000000
6.820000,5.223640,-1293.861938,-0.003031,0.000214,0.005446,23.235912,1.183694,0.054457,-1293.861938,0.006348,0.000000
6.830000,5.249336,-1293.817383,-0.003018,0.000215,0.005455,23.350214,1.189517,0.054548,-1293.817383,0.006365,0.000000
6.840000,5.275032,-1293.861938,-0.003035,0.000215,0.005464,23.464514,1.195339,0.054639,-1293.861938,0.006383,0.000000
6.850000,5.297371,-1293.817383,-0.003022,0.000215,0.005464,23.563883,1.200401,0.054639,-1293.817383,0.006400,0.000000
6.860000,5.308914,-1293.817383,-0.003022,0.000216,0.005490,23.615231,1.203017,0.054896,-1293.817383,0.006418,0.000000
6.870000,5.328278,-1293.772949,-0.003022,0.000216,0.005490,23.701363,1.207405,0.054896,-1293.772949,0.006434,0.000000
6.880000,5.331627,-1293.817383,-0.003005,0.000216,0.005499,23.716261,1.208164,0.054987,-1293.817383,0.006452,0.000000
6.890000,5.338707,-1293.861938,-0.003031,0.000216,0.005499,23.747755,1.209768,0.054987,-1293.861938,0.006469,0.000000
6.900000,5.345406,-1293.772949,-0.003022,0.000217,0.005524,23.777552,1.211286,0.055244,-1293.772949,0.006487,0.000000
6.910000,5.352112,-1293.861938,-0.003022,0.000217,0.005524,23.807383,1.212806,0.055244,-1293.861938,0.006504,0.000000
6.920001,5.358437,-1293.817383,-0.003018,0.000218,0.005534,23.835516,1.214239,0.055335,-1293.817383,0.006522,0.000000
6.930000,5.365517,-1293.817383,-0.003022,0.000218,0.005534,23.867010,1.215843,0.055335,-1293.817383,0.006539,0.000000
6.940001,5.369614,-1293.861938,-0.003031,0.000218,0.005541,23.885235,1.216772,0.055411,-1293.861938,0.006548,0.000000
6.950000,5.359558,-1293.817383,-0.003018,0.000218,0.005541,23.840506,1.214493,0.055411,-1293.817383,0.006565,0.000000
6.960001,5.368118,-1293.906372,-0.003022,0.000219,0.005567,23.878582,1.216433,0.055668,-1293.906372,0.006583,0.000000
6.970000,5.384506,-1293.772949,-0.003022,0.000221,0.005602,23.951481,1.220147,0.056016,-1293.772949,0.006599,0.000000
6.980000,5.411316,-1293.906372,-0.003014,0.000221,0.005602,24.070736,1.226222,0.056016,-1293.906372,0.006618,0.000000
6.990000,5.430305,-1293.817383,-0.003022,0.000221,0.005611,24.155205,1.230525,0.056107,-1293.817383,0.006634,0.000000
7.000000,5.448555,-1293.817383,-0.003031,0.000221,0.005611,24.236383,1.234660,0.056107,-1293.817383,0.006651,0.000000
7.010000,5.460098,-1293.817383,-0.003018,0.000221,0.005611,24.287729,1.237276,0.056107,-1293.817383,0.006669,0.000000
7.020000,5.473877,-1293.861938,-0.003022,0.000221,0.005611,24.349020,1.240398,0.056107,-1293.861938,0.006686,0.000000
7.030000,5.467171,-1293.906372,-0.003031,0.000221,0.005611,24.319189,1.238879,0.056107,-1293.906372,0.006704,0.000000
7.040000,5.470528,-1293.728516,-0.003022,0.000221,0.005611,24.334122,1.239639,0.056107,-1293.728516,0.006720,0.000000
7.050000,5.467918,-1293.817383,-0.003022,0.000221,0.005611,24.322515,1.239048,0.056107,-1293.817383,0.006739,0.000000
7.060000,5.461960,-1293.906372,-0.003005,0.000221,0.005611,24.296011,1.237698,0.056107,-1293.906372,0.006755,0.000000
7.070000,5.475739,-1293.772949,-0.003022,0.000221,0.005611,24.357302,1.240820,0.056107,-1293.772949,0.006764,0.000000
7.080000,5.469406,-1293.817383,-0.003005,0.000221,0.005620,24.329134,1.239385,0.056198,-1293.817383,0.006781,0.000000
7.090000,5.461212,-1293.861938,-0.003031,0.000222,0.005629,24.292685,1.237528,0.056289,-1293.861938,0.006799,0.000000
7.100000,5.457115,-1293.861938,-0.003009,0.000222,0.005646,24.274460,1.236600,0.056455,-1293.861938,0.006816,0.000000
7.110000,5.469032,-1293.817383,-0.003018,0.000224,0.005689,24.327471,1.239300,0.056895,-1293.817383,0.006834,0.000000
7.120000,5.512230,-1293.772949,-0.003014,0.000227,0.005767,24.519623,1.249089,0.057667,-1293.772949,0.006851,0.000000
7.130000,5.595642,-1293.861938,-0.003009,0.000230,0.005836,24.890659,1.267991,0.058363,-1293.861938,0.006869,0.000000
7.140000,5.731186,-1293.817383,-0.003022,0.000232,0.005880,25.493587,1.298705,0.058802,-1293.817383,0.006885,0.000000
7.150001,5.826515,-1293.772949,-0.003014,0.000233,0.005906,25.917635,1.320307,0.059060,-1293.772949,0.006904,0.000000
7.160000,5.891678,-1293.817383,-0.003018,0.000233,0.005915,26.207493,1.335073,0.059150,-1293.817383,0.006920,0.000000
7.170001,5.939339,-1293.772949,-0.003001,0.000233,0.005923,26.419498,1.345873,0.059226,-1293.772949,0.006938,0.000000
7.180000,5.964287,-1293.861938,-0.003018,0.000233,0.005923,26.530472,1.351527,0.059226,-1293.861938,0.006955,0.000000
7.190001,5.978813,-1293.861938,-0.003005,0.000233,0.005923,26.595089,1.354818,0.059226,-1293.861938,0.006972,0.000000
7.200000,5.981049,-1293.772949,-0.003014,0.000233,0.005923,26.605032,1.355325,0.059226,-1293.772949,0.006981,0.000000
7.210001,5.975090,-1293.861938,-0.003005,0.000234,0.005932,26.578527,1.353975,0.059317,-1293.861938,0.006999,0.000000
7.220000,5.976952,-1293.817383,-0.003009,0.000235,0.005957,26.586809,1.354397,0.059574,-1293.817383,0.007016,0.000000
7.230000,5.986259,-1293.772949,-0.003009,0.000236,0.005983,26.628212,1.356506,0.059832,-1293.772949,0.007034,0.000000
7.240000,6.027962,-1293.817383,-0.003001,0.000237,0.006018,26.813713,1.365956,0.060180,-1293.817383,0.007051,0.000000
7.250000,6.066689,-1293.817383,-0.002997,0.000238,0.006045,26.985979,1.374731,0.060452,-1293.817383,0.007067,0.000000
7.260000,6.096481,-1293.861938,-0.003018,0.000239,0.006079,27.118504,1.381482,0.060785,-1293.861938,0.007085,0.000000
7.270000,6.138557,-1293.683960,-0.003005,0.000240,0.006106,27.305668,1.391017,0.061058,-1293.683960,0.007102,0.000000
7.280000,6.198143,-1293.817383,-0.003001,0.000241,0.006132,27.570717,1.404519,0.061315,-1293.817383,0.007120,0.000000
7.290000,6.245430,-1293.817383,-0.002992,0.000242,0.006157,27.781059,1.415235,0.061573,-1293.817383,0.007137,0.000000
7.300000,6.292725,-1293.772949,-0.003005,0.000244,0.006192,27.991438,1.425952,0.061921,-1293.772949,0.007155,0.000000
7.310000,6.350815,-1293.861938,-0.003018,0.000246,0.006236,28.249836,1.439115,0.062360,-1293.861938,0.007172,0.000000
7.320000,6.421562,-1293.861938,-0.003005,0.000247,0.006278,28.564535,1.455147,0.062784,-1293.861938,0.007190,0.000000
7.330000,6.498268,-1293.906372,-0.003001,0.000248,0.006304,28.905741,1.472529,0.063041,-1293.906372,0.007197,0.000000
7.340000,6.558228,-1293.861938,-0.003014,0.000249,0.006322,29.172453,1.486116,0.063223,-1293.861938,0.007216,0.000000
7.350000,6.603279,-1293.817383,-0.003009,0.000249,0.006331,29.372852,1.496324,0.063314,-1293.817383,0.007232,0.000000
7.360000,6.635307,-1293.861938,-0.003005,0.000251,0.006365,29.515322,1.503582,0.063647,-1293.861938,0.007250,0.000000
7.370000,6.669189,-1293.817383,-0.002988,0.000252,0.006409,29.666037,1.511260,0.064086,-1293.817383,0.007267,0.000000
7.380000,6.722443,-1293.906372,-0.002984,0.000254,0.006452,29.902918,1.523327,0.064525,-1293.906372,0.007285,0.000000
7.390000,6.783882,-1293.861938,-0.002992,0.000255,0.006487,30.176214,1.537250,0.064873,-1293.861938,0.007302,0.000000
7.400001,6.850906,-1293.861938,-0.003005,0.000257,0.006522,30.474354,1.552438,0.065221,-1293.861938,0.007320,0.000000
7.410000,6.913841,-1293.817383,-0.003001,0.000258,0.006548,30.754301,1.566699,0.065479,-1293.817383,0.007337,0.000000
7.420001,6.964485,-1293.861938,-0.003001,0.000258,0.006565,30.979578,1.578175,0.065645,-1293.861938,0.007353,0.000000
7.430000,7.002090,-1293.906372,-0.002988,0.000259,0.006583,31.146854,1.586696,0.065827,-1293.906372,0.007371,0.000000
7.440001,7.029274,-1293.861938,-0.002992,0.000259,0.006590,31.267773,1.592856,0.065903,-1293.861938,0.007388,0.000000
7.450000,7.053482,-1293.861938,-0.002997,0.000260,0.006608,31.375456,1.598342,0.066084,-1293.861938,0.007406,0.000000
7.460001,7.060928,-1293.906372,-0.002992,0.000261,0.006618,31.408579,1.600029,0.066175,-1293.906372,0.007415,0.000000
7.470000,7.078056,-1293.772949,-0.002979,0.000261,0.006634,31.484768,1.603910,0.066342,-1293.772949,0.007432,0.000000
7.480000,7.094437,-1293.861938,-0.002984,0.000262,0.006643,31.557631,1.607622,0.066432,-1293.861938,0.007449,0.000000
7.490000,7.115662,-1293.861938,-0.002984,0.000262,0.006643,31.652044,1.612432,0.066432,-1293.861938,0.007467,0.000000
7.500000,7.132050,-1293.817383,-0.002971,0.000262,0.006651,31.724941,1.616146,0.066508,-1293.817383,0.007483,0.000000
7.510000,7.133163,-1293.817383,-0.002992,0.000262,0.006660,31.729897,1.616398,0.066599,-1293.817383,0.007502,0.000000
7.520000,7.130562,-1293.817383,-0.002988,0.000263,0.006678,31.718323,1.615808,0.066781,-1293.817383,0.007518,0.000000
7.530000,7.131676,-1293.861938,-0.002984,0.000264,0.006695,31.723278,1.616061,0.066947,-1293.861938,0.007536,0.000000
7.540000,7.158859,-1293.817383,-0.002992,0.000264,0.006713,31.844196,1.622221,0.067129,-1293.817383,0.007553,0.000000
7.550000,7.186790,-1293.861938,-0.002992,0.000265,0.006720,31.968441,1.628550,0.067205,-1293.861938,0.007571,0.000000
7.560000,7.213974,-1293.861938,-0.002988,0.000265,0.006720,32.089359,1.634710,0.067205,-1293.861938,0.007588,0.000000
7.570000,7.211365,-1293.772949,-0.002988,0.000265,0.006730,32.077751,1.634119,0.067295,-1293.772949,0.007606,0.000000
7.580000,7.208015,-1293.861938,-0.002992,0.000265,0.006739,32.062855,1.633360,0.067386,-1293.861938,0.007614,0.000000
7.590000,7.223282,-1293.817383,-0.002979,0.000266,0.006748,32.130764,1.636819,0.067477,-1293.817383,0.007632,0.000000
7.600000,7.221794,-1293.817383,-0.002971,0.000266,0.006755,32.124146,1.636482,0.067553,-1293.817383,0.007649,0.000000
7.610000,7.235199,-1293.861938,-0.002988,0.000267,0.006773,32.183773,1.639519,0.067734,-1293.861938,0.007667,0.000000
7.620000,7.243393,-1293.772949,-0.002979,0.000267,0.006790,32.220222,1.641376,0.067901,-1293.772949,0.007683,0.000000
7.630001,7.263870,-1293.906372,-0.002984,0.000268,0.006799,32.311310,1.646016,0.067992,-1293.906372,0.007702,0.000000
7.640000,7.289932,-1293.772949,-0.002984,0.000268,0.006808,32.427238,1.651922,0.068083,-1293.772949,0.007718,0.000000
7.650001,7.285095,-1293.772949,-0.002992,0.000269,0.006825,32.405724,1.650826,0.068249,-1293.772949,0.007736,0.000000
7.660000,7.299248,-1293.861938,-0.002975,0.000269,0.006843,32.468674,1.654033,0.068431,-1293.861938,0.007753,0.000000
7.670001,7.334991,-1293.817383,-0.002984,0.000270,0.006869,32.627670,1.662133,0.068688,-1293.817383,0.007770,0.000000
7.680000,7.365898,-1293.861938,-0.002984,0.000271,0.006895,32.765152,1.669136,0.068946,-1293.861938,0.007788,0.000000
7.690001,7.389732,-1293.906372,-0.002979,0.000272,0.006920,32.871170,1.674537,0.069203,-1293.906372,0.007804,0.000000
7.700000,7.428459,-1293.817383,-0.002979,0.000273,0.006938,33.043438,1.683313,0.069385,-1293.817383,0.007823,0.000000
7.710001,7.472397,-1293.861938,-0.002988,0.000274,0.006964,33.238880,1.693269,0.069642,-1293.861938,0.007832,0.000000
7.720000,7.512611,-1293.772949,-0.002979,0.000276,0.006999,33.417763,1.702382,0.069990,-1293.772949,0.007848,0.000000
7.730000,7.553574,-1293.861938,-0.002971,0.000277,0.007025,33.599972,1.711664,0.070248,-1293.861938,0.007865,0.000000
7.740000,7.607201,-1293.817383,-0.002975,0.000277,0.007034,33.838520,1.723816,0.070338,-1293.817383,0.007883,0.000000
7.750000,7.641083,-1293.817383,-0.002984,0.000277,0.007041,33.989235,1.731494,0.070414,-1293.817383,0.007900,0.000000
7.760000,7.660446,-1293.906372,-0.002971,0.000278,0.007060,34.075367,1.735882,0.070596,-1293.906372,0.007918,0.000000
7.770000,7.698059,-1293.817383,-0.002975,0.000279,0.007076,34.242676,1.744405,0.070762,-1293.817383,0.007935,0.000000
7.780000,7.716301,-1293.861938,-0.002971,0.000279,0.007085,34.323822,1.748539,0.070853,-1293.861938,0.007953,0.000000
7.790000,7.730827,-1293.861938,-0.002971,0.000280,0.007102,34.388439,1.751830,0.071020,-1293.861938,0.007969,0.000000
7.800000,7.752419,-1293.817383,-0.002971,0.000280,0.007120,34.484478,1.756723,0.071201,-1293.817383,0.007988,0.000000
7.810000,7.775513,-1293.861938,-0.002966,0.000281,0.007129,34.587208,1.761956,0.071292,-1293.861938,0.008004,0.000000
7.820000,7.804924,-1293.861938,-0.002962,0.000281,0.007146,34.718037,1.768621,0.071459,-1293.861938,0.008022,0.000000
7.830000,7.821312,-1293.906372,-0.002984,0.000282,0.007172,34.790932,1.772335,0.071716,-1293.906372,0.008039,0.000000
7.840000,7.830994,-1293.906372,-0.002979,0.000283,0.007181,34.834000,1.774529,0.071807,-1293.906372,0.008048,0.000000
7.850000,7.861153,-1293.817383,-0.002979,0.000283,0.007197,34.968155,1.781363,0.071974,-1293.817383,0.008065,0.000000
7.860001,7.875305,-1293.861938,-0.002975,0.000284,0.007206,35.031109,1.784570,0.072064,-1293.861938,0.008083,0.000000
7.870000,7.877541,-1293.772949,-0.002962,0.000284,0.007216,35.041050,1.785076,0.072155,-1293.772949,0.008100,0.000000
7.880001,7.909561,-1293.906372,-0.002971,0.000285,0.007232,35.183487,1.792332,0.072322,-1293.906372,0.008118,0.000000
7.890000,7.928551,-1293.906372,-0.002958,0.000285,0.007241,35.267956,1.796635,0.072413,-1293.906372,0.008134,0.000000
7.900001,7.937866,-1293.772949,-0.002979,0.000285,0.007250,35.309391,1.798746,0.072503,-1293.772949,0.008151,0.000000
7.910000,7.957596,-1293.817383,-0.002975,0.000286,0.007267,35.397156,1.803217,0.072670,-1293.817383,0.008169,0.000000
7.920001,7.977707,-1293.817383,-0.002966,0.000287,0.007285,35.486614,1.807774,0.072852,-1293.817383,0.008186,0.000000
7.930000,8.001541,-1293.861938,-0.002971,0.000287,0.007302,35.592632,1.813175,0.073018,-1293.861938,0.008204,0.000000
7.940001,8.032448,-1293.906372,-0.002966,0.000288,0.007311,35.730114,1.820179,0.073109,-1293.906372,0.008221,0.000000
7.950000,8.041008,-1293.817383,-0.002966,0.000288,0.007320,35.768188,1.822118,0.073200,-1293.817383,0.008239,0.000000
7.960001,8.051811,-1293.906372,-0.002975,0.000289,0.007337,35.816246,1.824566,0.073366,-1293.906372,0.008256,0.000000
7.970000,8.073036,-1293.772949,-0.002966,0.000289,0.007346,35.910660,1.829376,0.073457,-1293.772949,0.008265,0.000000
7.980000,8.102821,-1293.906372,-0.002975,0.000290,0.007362,36.043148,1.836125,0.073624,-1293.906372,0.008281,0.000000
7.990000,8.128517,-1293.817383,-0.002962,0.000291,0.007397,36.157452,1.841948,0.073972,-1293.817383,0.008300,0.000000
8.000000,8.159050,-1293.772949,-0.002971,0.000292,0.007415,36.293266,1.848867,0.074154,-1293.772949,0.008316,0.000000
8.010000,8.188095,-1293.861938,-0.002966,0.000292,0.007423,36.422466,1.855449,0.074229,-1293.861938,0.008334,0.000000
8.020000,8.226082,-1293.817383,-0.002958,0.000293,0.007432,36.591438,1.864057,0.074320,-1293.817383,0.008351,0.000000
8.030001,8.251770,-1293.861938,-0.002962,0.000293,0.007432,36.705708,1.869878,0.074320,-1293.861938,0.008369,0.000000
8.040000,8.248047,-1293.861938,-0.002966,0.000293,0.007441,36.689144,1.869034,0.074411,-1293.861938,0.008386,0.000000
8.050000,8.261086,-1293.817383,-0.002966,0.000293,0.007449,36.747143,1.871989,0.074487,-1293.817383,0.008404,0.000000
8.060000,8.251404,-1293.861938,-0.002966,0.000294,0.007458,36.704079,1.869795,0.074578,-1293.861938,0.008421,0.000000
8.070001,8.261086,-1293.817383,-0.002966,0.000294,0.007458,36.747143,1.871989,0.074578,-1293.817383,0.008439,0.000000
8.080000,8.270767,-1293.861938,-0.002962,0.000294,0.007476,36.790211,1.874183,0.074759,-1293.861938,0.008455,0.000000
8.090000,8.272255,-1293.861938,-0.002962,0.000295,0.007493,36.796829,1.874520,0.074926,-1293.861938,0.008472,0.000000
8.100000,8.284172,-1293.861938,-0.002966,0.000296,0.007511,36.849838,1.877220,0.075107,-1293.861938,0.008481,0.000000
8.110001,8.321037,-1293.861938,-0.002966,0.000296,0.007527,37.013821,1.885574,0.075274,-1293.861938,0.008499,0.000000
8.120001,8.335182,-1293.817383,-0.002971,0.000297,0.007536,37.076740,1.888779,0.075365,-1293.817383,0.008516,0.000000
8.130000,8.357529,-1293.817383,-0.002971,0.000297,0.007536,37.176144,1.893843,0.075365,-1293.817383,0.008534,0.000000
8.140000,8.362000,-1293.861938,-0.002966,0.000297,0.007544,37.196030,1.894856,0.075441,-1293.861938,0.008551,0.000000
8.150001,8.367950,-1293.817383,-0.002962,0.000297,0.007553,37.222504,1.896205,0.075531,-1293.817383,0.008567,0.000000
8.160001,8.368698,-1293.861938,-0.002966,0.000298,0.007571,37.225830,1.896374,0.075713,-1293.861938,0.008586,0.000000
8.170000,8.390671,-1293.861938,-0.002953,0.000299,0.007606,37.323566,1.901353,0.076061,-1293.861938,0.008602,0.000000
8.180000,8.417480,-1293.861938,-0.002953,0.000301,0.007641,37.442822,1.907428,0.076409,-1293.861938,0.008620,0.000000
8.190001,8.480408,-1293.772949,-0.002962,0.000301,0.007658,37.722736,1.921688,0.076576,-1293.772949,0.008637,0.000000
8.200001,8.529190,-1293.817383,-0.002958,0.000302,0.007667,37.939732,1.932742,0.076667,-1293.817383,0.008655,0.000000
8.210000,8.561218,-1293.861938,-0.002958,0.000302,0.007667,38.082199,1.940000,0.076667,-1293.861938,0.008672,0.000000
8.220000,8.575363,-1293.817383,-0.002953,0.000303,0.007692,38.145119,1.943205,0.076924,-1293.817383,0.008681,0.000000
8.230000,8.579460,-1293.861938,-0.002958,0.000303,0.007702,38.163345,1.944133,0.077015,-1293.861938,0.008698,0.000000
8.240001,8.604408,-1293.817383,-0.002962,0.000304,0.007709,38.274319,1.949787,0.077091,-1293.817383,0.008716,0.000000
8.250000,8.639412,-1293.861938,-0.002953,0.000304,0.007709,38.430023,1.957719,0.077091,-1293.861938,0.008733,0.000000
8.260000,8.646492,-1293.861938,-0.002953,0.000304,0.007709,38.461517,1.959323,0.077091,-1293.861938,0.008751,0.000000
8.270000,8.638672,-1293.817383,-0.002958,0.000304,0.007718,38.426731,1.957551,0.077182,-1293.817383,0.008767,0.000000
8.280001,8.647232,-1293.817383,-0.002949,0.000305,0.007744,38.464809,1.959491,0.077439,-1293.817383,0.008785,0.000000
8.290000,8.663246,-1293.817383,-0.002958,0.000306,0.007779,38.536045,1.963120,0.077787,-1293.817383,0.008802,0.000000
8.300000,8.709793,-1293.817383,-0.002958,0.000308,0.007814,38.743095,1.973667,0.078135,-1293.817383,0.008820,0.000000
8.310000,8.754852,-1293.861938,-0.002945,0.000309,0.007848,38.943527,1.983878,0.078484,-1293.861938,0.008837,0.000000
8.320001,8.817780,-1293.861938,-0.002953,0.000311,0.007900,39.223442,1.998137,0.078998,-1293.861938,0.008854,0.000000
8.330000,8.916458,-1293.861938,-0.002949,0.000312,0.007927,39.662388,2.020498,0.079271,-1293.861938,0.008872,0.000000
8.340000,9.007317,-1293.817383,-0.002953,0.000313,0.007953,40.066544,2.041087,0.079528,-1293.817383,0.008888,0.000000
8.350000,9.060196,-1293.817383,-0.002940,0.000314,0.007969,40.301765,2.053070,0.079695,-1293.817383,0.008898,0.000000
8.360001,9.104881,-1293.861938,-0.002949,0.000314,0.007969,40.500534,2.063196,0.079695,-1293.861938,0.008916,0.000000
8.370001,9.123497,-1293.861938,-0.002945,0.000314,0.007988,40.583340,2.067414,0.079876,-1293.861938,0.008932,0.000000
8.380000,9.155525,-1293.817383,-0.002940,0.000315,0.007995,40.725811,2.074672,0.079952,-1293.817383,0.008949,0.000000
8.390000,9.173027,-1293.772949,-0.002958,0.000316,0.008030,40.803661,2.078638,0.080300,-1293.772949,0.008967,0.000000
8.400001,9.202065,-1293.861938,-0.002945,0.000318,0.008065,40.932827,2.085218,0.080649,-1293.861938,0.008984,0.000000
8.410001,9.251968,-1293.906372,-0.002949,0.000319,0.008100,41.154812,2.096526,0.080997,-1293.906372,0.009002,0.000000
8.420000,9.326065,-1293.817383,-0.002932,0.000320,0.008125,41.484409,2.113317,0.081254,-1293.817383,0.009019,0.000000
8.430000,9.401291,-1293.861938,-0.002949,0.000320,0.008134,41.819031,2.130363,0.081345,-1293.861938,0.009037,0.000000
8.440001,9.428101,-1293.772949,-0.002932,0.000321,0.008151,41.938286,2.136438,0.081511,-1293.772949,0.009053,0.000000
8.450001,9.466080,-1293.772949,-0.002940,0.000322,0.008178,42.107227,2.145044,0.081784,-1293.772949,0.009072,0.000000
8.460000,9.486565,-1293.906372,-0.002958,0.000324,0.008239,42.198345,2.149686,0.082390,-1293.906372,0.009088,0.000000
8.470000,9.573326,-1293.817383,-0.002945,0.000326,0.008290,42.584282,2.169347,0.082904,-1293.817383,0.009106,0.000000
8.480000,9.674606,-1293.817383,-0.002936,0.000327,0.008316,43.034798,2.192297,0.083162,-1293.817383,0.009114,0.000000
8.490001,9.751320,-1293.817383,-0.002932,0.000328,0.008325,43.376038,2.209681,0.083253,-1293.817383,0.009132,0.000000
8.500000,9.790047,-1293.817383,-0.002928,0.000328,0.008325,43.548302,2.218456,0.083253,-1293.817383,0.009149,0.000000
8.510000,9.809036,-1293.906372,-0.002940,0.000328,0.008334,43.632771,2.222759,0.083343,-1293.906372,0.009167,0.000000
8.520000,9.827652,-1293.817383,-0.002919,0.000328,0.008342,43.715580,2.226978,0.083419,-1293.817383,0.009184,0.000000
8.530001,9.840691,-1293.817383,-0.002936,0.000329,0.008351,43.773579,2.229933,0.083510,-1293.817383,0.009202,0.000000
8.540000,9.833611,-1293.861938,-0.002928,0.000329,0.008351,43.742085,2.228328,0.083510,-1293.861938,0.009218,0.000000
8.550000,9.836220,-1293.861938,-0.002932,0.000329,0.008360,43.753693,2.228919,0.083601,-1293.861938,0.009235,0.000000
8.560000,9.840317,-1293.906372,-0.002928,0.000329,0.008369,43.771915,2.229848,0.083692,-1293.906372,0.009253,0.000000
8.570001,9.851112,-1293.728516,-0.002936,0.000329,0.008369,43.819935,2.232294,0.083692,-1293.728516,0.009270,0.000000
8.580001,9.851486,-1293.861938,-0.002928,0.000330,0.008386,43.821598,2.232379,0.083858,-1293.861938,0.009288,0.000000
8.590000,9.861542,-1293.817383,-0.002932,0.000331,0.008395,43.866329,2.234657,0.083949,-1293.817383,0.009305,0.000000
8.600000,9.870102,-1293.906372,-0.002936,0.000331,0.008412,43.904408,2.236597,0.084116,-1293.906372,0.009323,0.000000
8.610001,9.893562,-1293.861938,-0.002932,0.000332,0.008421,44.008762,2.241913,0.084206,-1293.861938,0.009332,0.000000
8.620001,9.899521,-1293.817383,-0.002928,0.000332,0.008430,44.035267,2.243263,0.084297,-1293.817383,0.009349,0.000000
8.630000,9.903244,-1293.906372,-0.002936,0.000333,0.008446,44.051830,2.244107,0.084464,-1293.906372,0.009365,0.000000
8.640000,9.920372,-1293.772949,-0.002932,0.000333,0.008465,44.128017,2.247988,0.084645,-1293.772949,0.009384,0.000000
8.650001,9.964684,-1293.861938,-0.002919,0.000334,0.008472,44.325127,2.258029,0.084721,-1293.861938,0.009400,0.000000
8.660001,9.962822,-1293.906372,-0.002936,0.000335,0.008507,44.316845,2.257608,0.085069,-1293.906372,0.009418,0.000000
8.670000,10.002296,-1293.817383,-0.002928,0.000336,0.008525,44.492435,2.266553,0.085251,-1293.817383,0.009435,0.000000
8.680000,10.048843,-1293.861938,-0.002940,0.000336,0.008542,44.699490,2.277101,0.085418,-1293.861938,0.009453,0.000000
8.690001,10.068581,-1293.817383,-0.002919,0.000337,0.008551,44.787285,2.281573,0.085508,-1293.817383,0.009470,0.000000
8.700001,10.100975,-1293.772949,-0.002919,0.000337,0.008551,44.931381,2.288913,0.085508,-1293.772949,0.009488,0.000000
8.710000,10.101349,-1293.906372,-0.002932,0.000337,0.008551,44.933044,2.288998,0.085508,-1293.906372,0.009505,0.000000
8.720000,10.095016,-1293.728516,-0.002928,0.000337,0.008560,44.904877,2.287563,0.085599,-1293.728516,0.009523,0.000000
8.730000,10.103210,-1293.861938,-0.002932,0.000338,0.008595,44.941326,2.289420,0.085947,-1293.861938,0.009539,0.000000
8.740001,10.127411,-1293.817383,-0.002932,0.000339,0.008620,45.048973,2.294904,0.086205,-1293.817383,0.009549,0.000000
8.750000,10.174332,-1293.861938,-0.002919,0.000340,0.008646,45.257687,2.305537,0.086462,-1293.861938,0.009565,0.000000
8.760000,10.210083,-1293.817383,-0.002932,0.000340,0.008646,45.416718,2.313638,0.086462,-1293.817383,0.009583,0.000000
8.770000,10.219391,-1293.772949,-0.002928,0.000340,0.008646,45.458122,2.315747,0.086462,-1293.772949,0.009600,0.000000
8.780001,10.239128,-1293.861938,-0.002923,0.000341,0.008663,45.545918,2.320220,0.086629,-1293.861938,0.009618,0.000000
8.790000,10.267426,-1293.861938,-0.002932,0.000341,0.008663,45.671791,2.326632,0.086629,-1293.861938,0.009635,0.000000
8.800000,10.275993,-1293.772949,-0.002923,0.000341,0.008663,45.709900,2.328573,0.086629,-1293.772949,0.009651,0.000000
8.810000,10.268539,-1293.906372,-0.002923,0.000341,0.008672,45.676746,2.326884,0.086720,-1293.906372,0.009670,0.000000
8.820001,10.262589,-1293.861938,-0.002923,0.000342,0.008690,45.650272,2.325536,0.086901,-1293.861938,0.009686,0.000000
8.830001,10.254768,-1293.861938,-0.002928,0.000343,0.008707,45.615486,2.323764,0.087068,-1293.861938,0.009704,0.000000
8.840000,10.275246,-1293.817383,-0.002928,0.000344,0.008725,45.706577,2.328404,0.087249,-1293.817383,0.009721,0.000000
8.850000,10.293495,-1293.861938,-0.002928,0.000344,0.008733,45.787754,2.332539,0.087325,-1293.861938,0.009739,0.000000
8.860001,10.316208,-1293.861938,-0.002923,0.000345,0.008751,45.888786,2.337686,0.087507,-1293.861938,0.009756,0.000000
8.870001,10.336685,-1293.817383,-0.002923,0.000346,0.008776,45.979874,2.342326,0.087764,-1293.817383,0.009765,0.000000
8.880000,10.372063,-1293.906372,-0.002915,0.000346,0.008785,46.137238,2.350343,0.087855,-1293.906372,0.009782,0.000000
8.890000,10.410042,-1293.817383,-0.002928,0.000346,0.008793,46.306179,2.358949,0.087931,-1293.817383,0.009800,0.000000
8.900001,10.423447,-1293.906372,-0.002923,0.000347,0.008802,46.365807,2.361987,0.088022,-1293.906372,0.009817,0.000000
8.910001,10.437973,-1293.906372,-0.002923,0.000347,0.008820,46.430424,2.365278,0.088203,-1293.906372,0.009835,0.000000
8.920000,10.442444,-1293.861938,-0.002928,0.000348,0.008828,46.450310,2.366292,0.088279,-1293.861938,0.009851,0.000000
8.930000,10.457336,-1293.817383,-0.002915,0.000348,0.008837,46.516556,2.369666,0.088370,-1293.817383,0.009869,0.000000
8.940001,10.481537,-1293.861938,-0.002928,0.000348,0.008837,46.624203,2.375150,0.088370,-1293.861938,0.009886,0.000000
8.950001,10.491592,-1293.906372,-0.002919,0.000348,0.008837,46.668934,2.377429,0.088370,-1293.906372,0.009904,0.000000
8.960000,10.499413,-1293.861938,-0.002928,0.000348,0.008837,46.703720,2.379201,0.088370,-1293.861938,0.009921,0.000000
8.970000,10.507980,-1293.817383,-0.002928,0.000348,0.008837,46.741833,2.381142,0.088370,-1293.817383,0.009938,0.000000
8.980000,10.501274,-1293.861938,-0.002915,0.000348,0.008837,46.712002,2.379623,0.088370,-1293.861938,0.009956,0.000000
8.990001,10.485634,-1293.861938,-0.002936,0.000348,0.008846,46.642429,2.376079,0.088461,-1293.861938,0.009965,0.000000
9.000000,10.488991,-1293.861938,-0.002923,0.000348,0.008846,46.657360,2.376839,0.088461,-1293.861938,0.009982,0.000000
9.010000,10.482658,-1293.817383,-0.002919,0.000349,0.008863,46.629192,2.375404,0.088627,-1293.817383,0.010000,0.000000
9.020000,10.478561,-1293.772949,-0.002919,0.000350,0.008881,46.610970,2.374476,0.088809,-1293.772949,0.010016,0.000000
9.030001,10.495316,-1293.950806,-0.002910,0.000351,0.008907,46.685493,2.378273,0.089066,-1293.950806,0.010033,0.000000
9.040000,10.543350,-1293.817383,-0.002910,0.000353,0.008967,46.899162,2.389157,0.089672,-1293.817383,0.010051,0.000000
9.050000,10.615593,-1293.817383,-0.002923,0.000356,0.009037,47.220516,2.405528,0.090368,-1293.817383,0.010068,0.000000
9.060000,10.744064,-1293.861938,-0.002915,0.000359,0.009114,47.791985,2.434640,0.091140,-1293.861938,0.010086,0.000000
9.070001,10.888542,-1293.817383,-0.002906,0.000360,0.009149,48.434654,2.467379,0.091488,-1293.817383,0.010103,0.000000
9.080001,11.017754,-1293.861938,-0.002919,0.000361,0.009167,49.009415,2.496659,0.091670,-1293.861938,0.010121,0.000000
9.090000,11.085526,-1293.817383,-0.002923,0.000361,0.009167,49.310879,2.512016,0.091670,-1293.817383,0.010137,0.000000
9.100000,11.106010,-1293.861938,-0.002919,0.000361,0.009167,49.402000,2.516658,0.091670,-1293.861938,0.010156,0.000000
9.110001,11.115692,-1293.861938,-0.002919,0.000361,0.009175,49.445068,2.518852,0.091746,-1293.861938,0.010172,0.000000
9.120001,11.116432,-1293.817383,-0.002919,0.000361,0.009175,49.448360,2.519020,0.091746,-1293.817383,0.010181,0.000000
9.130000,11.128723,-1293.906372,-0.002902,0.000361,0.009175,49.503033,2.521805,0.091746,-1293.906372,0.010198,0.000000
9.140000,11.133194,-1293.817383,-0.002910,0.000362,0.009184,49.522919,2.522818,0.091837,-1293.817383,0.010216,0.000000
9.150001,11.133934,-1293.772949,-0.002910,0.000362,0.009193,49.526211,2.522985,0.091928,-1293.772949,0.010233,0.000000
9.160001,11.145851,-1293.861938,-0.002919,0.000363,0.009209,49.579224,2.525686,0.092094,-1293.861938,0.010251,0.000000
9.170000,11.155533,-1293.861938,-0.002910,0.000363,0.009228,49.622288,2.527880,0.092276,-1293.861938,0.010268,0.000000
9.180000,11.167450,-1293.861938,-0.002915,0.000364,0.009235,49.675297,2.530580,0.092351,-1293.861938,0.010286,0.000000
9.190001,11.181976,-1293.861938,-0.002919,0.000364,0.009244,49.739914,2.533872,0.092442,-1293.861938,0.010302,0.000000
9.200001,11.199104,-1293.861938,-0.002910,0.000365,0.009262,49.816105,2.537753,0.092624,-1293.861938,0.010321,0.000000
9.210000,11.202080,-1293.861938,-0.002915,0.000366,0.009288,49.829338,2.538428,0.092881,-1293.861938,0.010337,0.000000
9.220000,11.234474,-1293.817383,-0.002915,0.000367,0.009323,49.973438,2.545768,0.093230,-1293.817383,0.010354,0.000000
9.230000,11.281395,-1293.861938,-0.002897,0.000368,0.009340,50.182152,2.556401,0.093396,-1293.861938,0.010372,0.000000
9.240001,11.328690,-1293.817383,-0.002919,0.000368,0.009358,50.392529,2.567118,0.093578,-1293.817383,0.010389,0.000000
9.250000,11.365921,-1293.861938,-0.002897,0.000369,0.009365,50.558144,2.575555,0.093653,-1293.861938,0.010398,0.000000
9.260000,11.383057,-1293.906372,-0.002902,0.000369,0.009384,50.634365,2.579437,0.093835,-1293.906372,0.010416,0.000000
9.270000,11.406517,-1293.861938,-0.002902,0.000370,0.009409,50.738720,2.584754,0.094092,-1293.861938,0.010433,0.000000
9.280001,11.451569,-1293.861938,-0.002910,0.000371,0.009435,50.939121,2.594963,0.094350,-1293.861938,0.010449,0.000000
9.290001,11.502586,-1293.861938,-0.002906,0.000374,0.009496,51.166061,2.606524,0.094955,-1293.861938,0.010468,0.000000
9.300000,11.597168,-1293.817383,-0.002893,0.000376,0.009549,51.586781,2.627956,0.095485,-1293.817383,0.010484,0.000000
9.310000,11.703293,-1293.861938,-0.002906,0.000377,0.009583,52.058846,2.652004,0.095834,-1293.861938,0.010502,0.000000
9.320001,11.796387,-1293.817383,-0.002897,0.000379,0.009618,52.472950,2.673100,0.096182,-1293.817383,0.010519,0.000000
9.330001,11.870865,-1293.906372,-0.002893,0.000380,0.009644,52.804245,2.689976,0.096439,-1293.906372,0.010537,0.000000
9.340000,11.943474,-1293.861938,-0.002897,0.000381,0.009686,53.127224,2.706430,0.096863,-1293.861938,0.010554,0.000000
9.350000,12.019440,-1293.861938,-0.002893,0.000382,0.009714,53.465137,2.723644,0.097136,-1293.861938,0.010572,0.000000
9.360001,12.098381,-1293.906372,-0.002906,0.000382,0.009714,53.816288,2.741532,0.097136,-1293.906372,0.010589,0.000000
9.370001,12.129288,-1293.772949,-0.002889,0.000383,0.009739,53.953766,2.748536,0.097393,-1293.772949,0.010607,0.000000
9.380000,12.143814,-1293.861938,-0.002889,0.000384,0.009765,54.018383,2.751828,0.097650,-1293.861938,0.010614,0.000000
9.390000,12.182907,-1293.906372,-0.002893,0.000384,0.009765,54.192276,2.760686,0.097650,-1293.906372,0.010633,0.000000
9.400001,12.214935,-1293.861938,-0.002902,0.000384,0.009765,54.334747,2.767944,0.097650,-1293.861938,0.010649,0.000000
9.410001,12.230576,-1293.906372,-0.002893,0.000385,0.009774,54.404316,2.771488,0.097741,-1293.906372,0.010667,0.000000
9.420000,12.230202,-1293.817383,-0.002880,0.000385,0.009774,54.402653,2.771403,0.097741,-1293.817383,0.010684,0.000000
9.430000,12.230202,-1293.906372,-0.002889,0.000385,0.009782,54.402653,2.771403,0.097817,-1293.906372,0.010702,0.000000
9.440001,12.233925,-1293.817383,-0.002897,0.000385,0.009791,54.419216,2.772247,0.097908,-1293.817383,0.010719,0.000000
9.450001,12.222382,-1293.817383,-0.002893,0.000386,0.009800,54.367870,2.769631,0.097998,-1293.817383,0.010735,0.000000
9.460000,12.220894,-1293.861938,-0.002897,0.000386,0.009817,54.361252,2.769294,0.098165,-1293.861938,0.010754,0.000000
9.470000,12.230949,-1293.817383,-0.002880,0.000387,0.009842,54.405979,2.771573,0.098422,-1293.817383,0.010770,0.000000
9.480000,12.247330,-1293.861938,-0.002880,0.000389,0.009886,54.478844,2.775285,0.098861,-1293.861938,0.010788,0.000000
9.490001,12.319572,-1293.861938,-0.002889,0.000390,0.009912,54.800194,2.791655,0.099119,-1293.861938,0.010805,0.000000
9.500000,12.382874,-1293.861938,-0.002893,0.000391,0.009938,55.081772,2.805999,0.099376,-1293.861938,0.010823,0.000000
9.510000,12.416016,-1293.906372,-0.002893,0.000392,0.009965,55.229195,2.813509,0.099649,-1293.906372,0.010831,0.000000
9.520000,12.466286,-1293.817383,-0.002893,0.000393,0.009991,55.452808,2.824901,0.099906,-1293.817383,0.010849,0.000000
9.530001,12.524750,-1293.861938,-0.002893,0.000394,0.010000,55.712868,2.838149,0.099997,-1293.861938,0.010866,0.000000
9.540001,12.554535,-1293.772949,-0.002889,0.000394,0.010016,55.845360,2.844898,0.100163,-1293.772949,0.010884,0.000000
9.550000,12.585442,-1293.861938,-0.002893,0.000395,0.010042,55.982841,2.851902,0.100421,-1293.861938,0.010900,0.000000
9.560000,12.611885,-1293.906372,-0.002880,0.000396,0.010060,56.100468,2.857894,0.100603,-1293.906372,0.010919,0.000000
9.570001,12.651352,-1293.906372,-0.002876,0.000396,0.010068,56.276024,2.866838,0.100678,-1293.906372,0.010935,0.000000
9.580001,12.664757,-1293.861938,-0.002884,0.000397,0.010077,56.335651,2.869875,0.100769,-1293.861938,0.010953,0.000000
9.590000,12.681145,-1293.861938,-0.002893,0.000397,0.010095,56.408550,2.873589,0.100951,-1293.861938,0.010970,0.000000
9.600000,12.697525,-1293.817383,-0.002876,0.000399,0.010130,56.481411,2.877300,0.101299,-1293.817383,0.010988,0.000000
9.610001,12.733276,-1293.861938,-0.002893,0.000399,0.010147,56.640442,2.885401,0.101465,-1293.861938,0.011005,0.000000
9.620001,12.785408,-1293.861938,-0.002880,0.000401,0.010181,56.872334,2.897215,0.101814,-1293.861938,0.011023,0.000000
9.630000,12.824135,-1293.861938,-0.002906,0.000402,0.010207,57.044601,2.905991,0.102071,-1293.861938,0.011031,0.000000
9.640000,12.865097,-1293.817383,-0.002893,0.000402,0.010216,57.226810,2.915273,0.102162,-1293.817383,0.011049,0.000000
9.650001,12.893768,-1293.861938,-0.002880,0.000403,0.010225,57.354347,2.921770,0.102253,-1293.861938,0.011066,0.000000
9.660001,12.920952,-1293.861938,-0.002884,0.000403,0.010242,57.475266,2.927930,0.102419,-1293.861938,0.011084,0.000000
9.670000,12.934357,-1293.817383,-0.002893,0.000404,0.010259,57.534893,2.930967,0.102586,-1293.817383,0.011100,0.000000
9.680000,12.958565,-1293.817383,-0.002880,0.000405,0.010277,57.642574,2.936453,0.102767,-1293.817383,0.011119,0.000000
9.690001,12.985374,-1293.817383,-0.002880,0.000405,0.010277,57.761829,2.942528,0.102767,-1293.817383,0.011135,0.000000
9.700001,12.989471,-1293.772949,-0.002876,0.000405,0.010277,57.780056,2.943456,0.102767,-1293.772949,0.011152,0.000000
9.710000,12.998405,-1293.906372,-0.002884,0.000405,0.010286,57.819794,2.945481,0.102858,-1293.906372,0.011170,0.000000
9.720000,12.986488,-1293.861938,-0.002884,0.000406,0.010312,57.766785,2.942780,0.103116,-1293.861938,0.011187,0.000000
9.730000,13.005478,-1293.906372,-0.002867,0.000407,0.010337,57.851254,2.947083,0.103373,-1293.906372,0.011205,0.000000
9.740001,13.043091,-1293.861938,-0.002876,0.000408,0.010363,58.018566,2.955606,0.103630,-1293.861938,0.011221,0.000000
9.750000,13.098572,-1293.817383,-0.002863,0.000408,0.010363,58.265358,2.968179,0.103630,-1293.817383,0.011240,0.000000
9.760000,13.129852,-1293.772949,-0.002871,0.000408,0.010363,58.404499,2.975267,0.103630,-1293.772949,0.011247,0.000000
9.770000,13.122032,-1293.817383,-0.002859,0.000408,0.010363,58.369713,2.973495,0.103630,-1293.817383,0.011265,0.000000
9.780001,13.117935,-1293.906372,-0.002854,0.000408,0.010363,58.351490,2.972567,0.103630,-1293.906372,0.011282,0.000000
9.790001,13.104904,-1293.817383,-0.002859,0.000408,0.010363,58.293526,2.969614,0.103630,-1293.817383,0.011300,0.000000
9.800000,13.106766,-1293.817383,-0.002871,0.000408,0.010372,58.301807,2.970036,0.103721,-1293.817383,0.011317,0.000000
9.810000,13.097458,-1293.861938,-0.002880,0.000409,0.010381,58.260403,2.967927,0.103812,-1293.861938,0.011335,0.000000
9.820001,13.078094,-1293.817383,-0.002867,0.000409,0.010398,58.174271,2.963539,0.103979,-1293.817383,0.011352,0.000000
9.830001,13.042717,-1293.906372,-0.002871,0.000410,0.010416,58.016903,2.955522,0.104160,-1293.906372,0.011370,0.000000
9.840000,13.060966,-1293.772949,-0.002876,0.000411,0.010433,58.098080,2.959657,0.104327,-1293.772949,0.011386,0.000000
9.850000,13.075485,-1293.861938,-0.002867,0.000412,0.010468,58.162663,2.962947,0.104675,-1293.861938,0.011405,0.000000
9.860001,13.122780,-1293.906372,-0.002867,0.000413,0.010484,58.373039,2.973664,0.104842,-1293.906372,0.011421,0.000000
9.870001,13.158150,-1293.861938,-0.002867,0.000413,0.010502,58.530373,2.981679,0.105023,-1293.861938,0.011438,0.000000
9.880000,13.179749,-1293.906372,-0.002854,0.000414,0.010519,58.626450,2.986574,0.105190,-1293.906372,0.011456,0.000000
9.890000,13.225555,-1293.861938,-0.002871,0.000415,0.010537,58.830208,2.996954,0.105371,-1293.861938,0.011465,0.000000
9.900001,13.240822,-1293.861938,-0.002876,0.000416,0.010572,58.898117,3.000413,0.105720,-1293.861938,0.011482,0.000000
9.910001,13.286621,-1293.906372,-0.002863,0.000417,0.010589,59.101841,3.010791,0.105886,-1293.906372,0.011500,0.000000
9.920000,13.333916,-1293.817383,-0.002876,0.000418,0.010607,59.312218,3.021508,0.106068,-1293.817383,0.011517,0.000000
9.930000,13.377106,-1293.817383,-0.002863,0.000418,0.010607,59.504337,3.031296,0.106068,-1293.817383,0.011533,0.000000
9.940001,13.389771,-1293.817383,-0.002876,0.000418,0.010614,59.560673,3.034165,0.106144,-1293.817383,0.011551,0.000000
9.950001,13.402802,-1293.861938,-0.002854,0.000419,0.010633,59.618637,3.037118,0.106325,-1293.861938,0.011568,0.000000
9.960000,13.407272,-1293.950806,-0.002859,0.000419,0.010649,59.638527,3.038131,0.106492,-1293.950806,0.011586,0.000000
9.970000,13.431099,-1293.817383,-0.002850,0.000420,0.010667,59.744511,3.043530,0.106673,-1293.817383,0.011603,0.000000
9.980000,13.467964,-1293.906372,-0.002876,0.000421,0.010693,59.908497,3.051884,0.106931,-1293.906372,0.011621,0.000000
9.990001,13.505203,-1293.817383,-0.002859,0.000422,0.010728,60.074146,3.060323,0.107279,-1293.817383,0.011638,0.000000
10.000000,13.558083,-1293.861938,-0.002867,0.000422,0.010728,60.309364,3.072305,0.107279,-1293.861938,0.011656,0.000000
10.010000,13.575584,-1293.817383,-0.002867,0.000422,0.010728,60.387215,3.076271,0.107279,-1293.817383,0.011673,0.000000
10.020000,13.590477,-1293.772949,-0.002876,0.000423,0.010735,60.453461,3.079646,0.107355,-1293.772949,0.011682,0.000000
10.030001,13.593460,-1293.906372,-0.002867,0.000424,0.010763,60.466732,3.080322,0.107627,-1293.906372,0.011698,0.000000
10.040001,13.608353,-1293.906372,-0.002871,0.000424,0.010779,60.532974,3.083697,0.107794,-1293.906372,0.011717,0.000000
10.050000,13.637398,-1293.861938,-0.002867,0.000424,0.010779,60.662174,3.090278,0.107794,-1293.861938,0.011733,0.000000
10.060000,13.648193,-1293.995361,-0.002854,0.000425,0.010798,60.710197,3.092725,0.107975,-1293.995361,0.011751,0.000000
10.070001,13.662346,-1293.817383,-0.002846,0.000426,0.010831,60.773151,3.095932,0.108309,-1293.817383,0.011768,0.000000
10.080001,13.683945,-1293.817383,-0.002859,0.000427,0.010849,60.869225,3.100826,0.108490,-1293.817383,0.011786,0.000000
10.090000,13.734955,-1293.861938,-0.002854,0.000428,0.010875,61.096130,3.112385,0.108748,-1293.861938,0.011803,0.000000
10.100000,13.773682,-1293.861938,-0.002850,0.000429,0.010900,61.268394,3.121161,0.109005,-1293.861938,0.011821,0.000000
10.110001,13.817253,-1293.906372,-0.002850,0.000429,0.010900,61.462212,3.131034,0.109005,-1293.906372,0.011838,0.000000
10.120001,13.855606,-1293.817383,-0.002837,0.000429,0.010900,61.632812,3.139725,0.109005,-1293.817383,0.011854,0.000000
10.130000,13.850395,-1293.861938,-0.002850,0.000429,0.010900,61.609634,3.138545,0.109005,-1293.861938,0.011872,0.000000
10.140000,13.847786,-1293.861938,-0.002850,0.000430,0.010919,61.598030,3.137953,0.109187,-1293.861938,0.011889,0.000000
10.150001,13.846298,-1293.772949,-0.002846,0.000432,0.010961,61.591412,3.137616,0.109611,-1293.772949,0.011898,0.000000
10.160001,13.901039,-1293.861938,-0.002863,0.000433,0.011005,61.834911,3.150020,0.110050,-1293.861938,0.011916,0.000000
10.170000,13.982956,-1293.861938,-0.002863,0.000434,0.011031,62.199295,3.168583,0.110307,-1293.861938,0.011933,0.000000
10.180000,14.027267,-1293.906372,-0.002854,0.000435,0.011040,62.396400,3.178624,0.110398,-1293.906372,0.011950,0.000000
10.190001,14.078285,-1293.861938,-0.002854,0.000435,0.011040,62.623341,3.190185,0.110398,-1293.861938,0.011968,0.000000
10.200001,14.092064,-1293.817383,-0.002850,0.000435,0.011040,62.684631,3.193307,0.110398,-1293.817383,0.011984,0.000000
10.210000,14.090202,-1293.817383,-0.002867,0.000435,0.011040,62.676350,3.192886,0.110398,-1293.817383,0.012003,0.000000
10.220000,14.089455,-1293.817383,-0.002854,0.000435,0.011056,62.673023,3.192716,0.110564,-1293.817383,0.012019,0.000000
10.230000,14.087219,-1293.861938,-0.002859,0.000436,0.011075,62.663082,3.192209,0.110746,-1293.861938,0.012037,0.000000
10.240001,14.099510,-1293.817383,-0.002867,0.000437,0.011109,62.717754,3.194995,0.111094,-1293.817383,0.012054,0.000000
10.250001,14.134888,-1293.817383,-0.002850,0.000438,0.011135,62.875122,3.203012,0.111352,-1293.817383,0.012072,0.000000
10.260000,14.193718,-1293.950806,-0.002846,0.000440,0.011170,63.136810,3.216342,0.111700,-1293.950806,0.012089,0.000000
10.270000,14.248833,-1293.861938,-0.002850,0.000441,0.011205,63.381973,3.228832,0.112048,-1293.861938,0.012098,0.000000
10.280001,14.326660,-1293.906372,-0.002846,0.000443,0.011240,63.728168,3.246468,0.112396,-1293.906372,0.012115,0.000000
10.290001,14.395172,-1293.861938,-0.002837,0.000444,0.011265,64.032921,3.261992,0.112654,-1293.861938,0.012133,0.000000
10.300000,14.456245,-1293.906372,-0.002846,0.000444,0.011274,64.304588,3.275832,0.112744,-1293.906372,0.012150,0.000000
10.310000,14.493111,-1293.906372,-0.002850,0.000444,0.011274,64.468575,3.284186,0.112744,-1293.906372,0.012168,0.000000
10.320001,14.505028,-1293.817383,-0.002850,0.000444,0.011282,64.521584,3.286886,0.112820,-1293.817383,0.012184,0.000000
10.330001,14.506889,-1293.861938,-0.002837,0.000444,0.011282,64.529869,3.287308,0.112820,-1293.861938,0.012203,0.000000
10.340000,14.519920,-1293.817383,-0.002850,0.000445,0.011291,64.587830,3.290261,0.112911,-1293.817383,0.012219,0.000000
10.350000,14.522896,-1293.861938,-0.002833,0.000445,0.011291,64.601067,3.290935,0.112911,-1293.861938,0.012236,0.000000
10.360001,14.506142,-1293.817383,-0.002863,0.000445,0.011300,64.526543,3.287139,0.113002,-1293.817383,0.012254,0.000000
10.370001,14.506889,-1293.861938,-0.002854,0.000446,0.011335,64.529869,3.287308,0.113350,-1293.861938,0.012271,0.000000
10.380000,14.540024,-1293.817383,-0.002854,0.000448,0.011370,64.677254,3.294816,0.113698,-1293.817383,0.012289,0.000000
10.390000,14.588432,-1293.861938,-0.002854,0.000449,0.011412,64.892586,3.305786,0.114122,-1293.861938,0.012305,0.000000
10.400001,14.658073,-1293.861938,-0.002850,0.000451,0.011447,65.202370,3.321567,0.114470,-1293.861938,0.012315,0.000000
10.410001,14.729935,-1293.906372,-0.002833,0.000451,0.011456,65.522018,3.337851,0.114561,-1293.906372,0.012331,0.000000
10.420000,14.780205,-1293.817383,-0.002828,0.000451,0.011465,65.745636,3.349242,0.114652,-1293.817383,0.012349,0.000000
10.430000,14.795845,-1293.906372,-0.002833,0.000452,0.011473,65.815208,3.352787,0.114728,-1293.906372,0.012366,0.000000
10.440001,14.810745,-1293.817383,-0.002828,0.000452,0.011473,65.881485,3.356163,0.114728,-1293.817383,0.012384,0.000000
10.450001,14.819679,-1293.861938,-0.002837,0.000452,0.011482,65.921227,3.358187,0.114819,-1293.861938,0.012401,0.000000
10.460000,14.813721,-1293.906372,-0.002841,0.000453,0.011508,65.894722,3.356837,0.115076,-1293.906372,0.012419,0.000000
10.470000,14.834572,-1293.772949,-0.002837,0.000454,0.011533,65.987473,3.361562,0.115333,-1293.772949,0.012436,0.000000
10.480000,14.866600,-1293.817383,-0.002820,0.000455,0.011561,66.129936,3.368820,0.115606,-1293.817383,0.012454,0.000000
10.490001,14.910912,-1293.861938,-0.002841,0.000456,0.011577,66.327049,3.378861,0.115772,-1293.861938,0.012470,0.000000
10.500001,14.947777,-1293.817383,-0.002828,0.000457,0.011595,66.491035,3.387215,0.115954,-1293.817383,0.012489,0.000000
10.510000,14.970490,-1293.861938,-0.002837,0.000458,0.011629,66.592064,3.392361,0.116287,-1293.861938,0.012505,0.000000
10.520000,15.023369,-1293.861938,-0.002837,0.000459,0.011647,66.827286,3.404344,0.116469,-1293.861938,0.012522,0.000000
10.530001,15.085556,-1293.906372,-0.002837,0.000459,0.011664,67.103905,3.418436,0.116635,-1293.906372,0.012531,0.000000
10.540001,15.125023,-1293.861938,-0.002837,0.000459,0.011664,67.279465,3.427379,0.116635,-1293.861938,0.012549,0.000000
10.550000,15.129494,-1293.861938,-0.002824,0.000459,0.011664,67.299347,3.428392,0.116635,-1293.861938,0.012566,0.000000
10.560000,15.127632,-1293.906372,-0.002833,0.000459,0.011664,67.291069,3.427970,0.116635,-1293.906372,0.012584,0.000000
10.570001,15.122047,-1293.817383,-0.002837,0.000459,0.011664,67.266228,3.426705,0.116635,-1293.817383,0.012601,0.000000
10.580001,15.114227,-1293.906372,-0.002833,0.000459,0.011664,67.231438,3.424933,0.116635,-1293.906372,0.012617,0.000000
10.590000,15.103424,-1293.906372,-0.002837,0.000459,0.011664,67.183388,3.422485,0.116635,-1293.906372,0.012635,0.000000
10.600000,15.092628,-1293.817383,-0.002820,0.000460,0.011691,67.135361,3.420039,0.116908,-1293.817383,0.012652,0.000000
10.610001,15.094116,-1293.906372,-0.002828,0.000462,0.011742,67.141983,3.420376,0.117423,-1293.906372,0.012670,0.000000
10.620001,15.142151,-1293.817383,-0.002811,0.000464,0.011777,67.355652,3.431261,0.117771,-1293.817383,0.012687,0.000000
10.630000,15.214020,-1293.950806,-0.002837,0.000465,0.011812,67.675339,3.447546,0.118119,-1293.950806,0.012705,0.000000
10.640000,15.294456,-1293.817383,-0.002815,0.000466,0.011838,68.033142,3.465773,0.118376,-1293.817383,0.012722,0.000000
10.650001,15.345840,-1293.906372,-0.002824,0.000467,0.011863,68.261711,3.477417,0.118634,-1293.906372,0.012740,0.000000
10.660001,15.400581,-1293.861938,-0.002820,0.000467,0.011872,68.505211,3.489822,0.118725,-1293.861938,0.012748,0.000000
10.670000,15.424416,-1293.861938,-0.002824,0.000467,0.011872,68.611229,3.495223,0.118725,-1293.861938,0.012766,0.000000
10.680000,15.442657,-1293.906372,-0.002820,0.000467,0.011872,68.692368,3.499356,0.118725,-1293.906372,0.012782,0.000000
10.690001,15.441170,-1293.861938,-0.002833,0.000467,0.011872,68.685753,3.499019,0.118725,-1293.861938,0.012801,0.000000
10.700001,15.451225,-1293.861938,-0.002815,0.000468,0.011889,68.730484,3.501298,0.118891,-1293.861938,0.012817,0.000000
10.710000,15.460907,-1293.861938,-0.002833,0.000469,0.011916,68.773552,3.503492,0.119164,-1293.861938,0.012835,0.000000
10.720000,15.475426,-1293.906372,-0.002815,0.000470,0.011933,68.838135,3.506782,0.119330,-1293.906372,0.012852,0.000000
10.730000,15.505959,-1293.906372,-0.002828,0.000471,0.011959,68.973946,3.513700,0.119588,-1293.906372,0.012870,0.000000
10.740001,15.533516,-1293.861938,-0.002820,0.000471,0.011968,69.096527,3.519945,0.119678,-1293.861938,0.012887,0.000000
10.750001,15.564423,-1293.861938,-0.002815,0.000472,0.011994,69.234009,3.526948,0.119936,-1293.861938,0.012905,0.000000
10.760000,15.597191,-1293.906372,-0.002820,0.000472,0.011994,69.379768,3.534374,0.119936,-1293.906372,0.012922,0.000000
10.770000,15.628471,-1293.772949,-0.002820,0.000472,0.011994,69.518913,3.541462,0.119936,-1293.772949,0.012938,0.000000
10.780001,15.632942,-1293.906372,-0.002820,0.000472,0.011994,69.538803,3.542475,0.119936,-1293.906372,0.012956,0.000000
10.790001,15.629593,-1293.817383,-0.002828,0.000472,0.011994,69.523903,3.541716,0.119936,-1293.817383,0.012966,0.000000
10.800000,15.599052,-1293.861938,-0.002815,0.000472,0.011994,69.388054,3.534796,0.119936,-1293.861938,0.012982,0.000000
10.810000,15.583786,-1293.950806,-0.002811,0.000472,0.011994,69.320145,3.531336,0.119936,-1293.950806,0.013000,0.000000
10.820001,15.575226,-1293.861938,-0.002815,0.000472,0.011994,69.282066,3.529397,0.119936,-1293.861938,0.013017,0.000000
10.830001,15.573364,-1293.861938,-0.002820,0.000473,0.012003,69.273781,3.528975,0.120027,-1293.861938,0.013034,0.000000
10.840000,15.548782,-1293.861938,-0.002811,0.000473,0.012003,69.164436,3.523405,0.120027,-1293.861938,0.013052,0.000000
10.850000,15.535378,-1293.861938,-0.002811,0.000473,0.012003,69.104813,3.520367,0.120027,-1293.861938,0.013068,0.000000
10.860001,15.525322,-1293.906372,-0.002820,0.000473,0.012012,69.060081,3.518088,0.120117,-1293.906372,0.013087,0.000000
10.870001,15.512291,-1293.817383,-0.002807,0.000474,0.012045,69.002113,3.515136,0.120450,-1293.817383,0.013103,0.000000
10.880000,15.525696,-1293.861938,-0.002811,0.000475,0.012054,69.061745,3.518173,0.120541,-1293.861938,0.013121,0.000000
10.890000,15.542084,-1293.861938,-0.002824,0.000475,0.012054,69.134644,3.521887,0.120541,-1293.861938,0.013138,0.000000
10.900001,15.553253,-1293.861938,-0.002811,0.000475,0.012054,69.184326,3.524418,0.120541,-1293.861938,0.013156,0.000000
10.910001,15.556602,-1293.861938,-0.002824,0.000475,0.012054,69.199226,3.525177,0.120541,-1293.861938,0.013173,0.000000
10.920000,15.561073,-1293.817383,-0.002811,0.000475,0.012054,69.219109,3.526190,0.120541,-1293.817383,0.013182,0.000000
10.930000,15.544319,-1293.861938,-0.002820,0.000475,0.012063,69.144585,3.522393,0.120632,-1293.861938,0.013199,0.000000
10.940001,15.543198,-1293.817383,-0.002807,0.000476,0.012080,69.139595,3.522139,0.120799,-1293.817383,0.013217,0.000000
10.950001,15.537239,-1293.906372,-0.002807,0.000477,0.012107,69.113091,3.520789,0.121071,-1293.906372,0.013234,0.000000
10.960001,15.564423,-1293.861938,-0.002833,0.000477,0.012107,69.234009,3.526948,0.121071,-1293.861938,0.013252,0.000000
10.970000,15.572990,-1293.817383,-0.002802,0.000477,0.012107,69.272118,3.528890,0.121071,-1293.817383,0.013268,0.000000
10.980000,15.592728,-1293.950806,-0.002815,0.000477,0.012107,69.359917,3.533363,0.121071,-1293.950806,0.013286,0.000000
10.990001,15.567406,-1293.861938,-0.002820,0.000477,0.012107,69.247276,3.527625,0.121071,-1293.861938,0.013303,0.000000
11.000001,15.570381,-1293.817383,-0.002807,0.000477,0.012107,69.260513,3.528299,0.121071,-1293.817383,0.013320,0.000000
11.010000,15.556229,-1293.861938,-0.002820,0.000477,0.012124,69.197563,3.525092,0.121238,-1293.861938,0.013338,0.000000
11.020000,15.555115,-1293.906372,-0.002811,0.000479,0.012168,69.192604,3.524839,0.121677,-1293.906372,0.013355,0.000000
11.030001,15.592354,-1293.950806,-0.002811,0.000483,0.012271,69.358253,3.533278,0.122706,-1293.950806,0.013373,0.000000
11.040001,15.730133,-1293.906372,-0.002815,0.000487,0.012375,69.971123,3.564499,0.123751,-1293.906372,0.013382,0.000000
11.050000,15.962494,-1293.906372,-0.002815,0.000489,0.012427,71.004723,3.617153,0.124266,-1293.906372,0.013399,0.000000
11.060000,16.138252,-1293.772949,-0.002815,0.000489,0.012427,71.786530,3.656980,0.124266,-1293.772949,0.013415,0.000000
11.070001,16.194481,-1293.861938,-0.002811,0.000489,0.012427,72.036652,3.669722,0.124266,-1293.861938,0.013433,0.000000
11.080001,16.217194,-1293.861938,-0.002807,0.000489,0.012427,72.137680,3.674869,0.124266,-1293.861938,0.013450,0.000000
11.090000,16.213470,-1293.772949,-0.002811,0.000489,0.012427,72.121117,3.674025,0.124266,-1293.772949,0.013468,0.000000
11.100000,16.222404,-1293.906372,-0.002807,0.000489,0.012427,72.160858,3.676049,0.124266,-1293.906372,0.013485,0.000000
11.110001,16.215706,-1293.906372,-0.002802,0.000490,0.012436,72.131065,3.674531,0.124357,-1293.906372,0.013503,0.000000
11.120001,16.223526,-1293.817383,-0.002807,0.000490,0.012445,72.165848,3.676304,0.124447,-1293.817383,0.013520,0.000000
11.130000,16.229485,-1293.906372,-0.002811,0.000490,0.012454,72.192352,3.677654,0.124538,-1293.906372,0.013538,0.000000
11.140000,16.241394,-1293.861938,-0.002811,0.000491,0.012461,72.245331,3.680352,0.124614,-1293.861938,0.013554,0.000000
11.150001,16.244377,-1293.817383,-0.002811,0.000491,0.012461,72.258598,3.681028,0.124614,-1293.817383,0.013573,0.000000
11.160001,16.227249,-1293.861938,-0.002807,0.000491,0.012461,72.182411,3.677147,0.124614,-1293.861938,0.013589,0.000000
11.170000,16.236931,-1293.861938,-0.002798,0.000491,0.012470,72.225479,3.679341,0.124705,-1293.861938,0.013598,0.000000
11.180000,16.239532,-1293.906372,-0.002794,0.000491,0.012470,72.237045,3.679931,0.124705,-1293.906372,0.013615,0.000000
11.190001,16.233574,-1293.906372,-0.002802,0.000492,0.012489,72.210541,3.678581,0.124886,-1293.906372,0.013633,0.000000
11.200001,16.225761,-1293.817383,-0.002798,0.000493,0.012514,72.175789,3.676810,0.125144,-1293.817383,0.013650,0.000000
11.210001,16.241028,-1293.906372,-0.002811,0.000495,0.012566,72.243698,3.680269,0.125659,-1293.906372,0.013668,0.000000
11.220000,16.299118,-1293.817383,-0.002794,0.000496,0.012601,72.502098,3.693433,0.126007,-1293.817383,0.013685,0.000000
11.230000,16.376572,-1293.861938,-0.002807,0.000496,0.012601,72.846626,3.710984,0.126007,-1293.861938,0.013703,0.000000
11.240001,16.404869,-1293.861938,-0.002807,0.000496,0.012601,72.972504,3.717396,0.126007,-1293.861938,0.013719,0.000000
11.250001,16.416039,-1293.906372,-0.002794,0.000496,0.012601,73.022186,3.719927,0.126007,-1293.906372,0.013736,0.000000
11.260000,16.419388,-1293.861938,-0.002802,0.000496,0.012601,73.037086,3.720686,0.126007,-1293.861938,0.013754,0.000000
11.270000,16.420883,-1293.817383,-0.002798,0.000496,0.012601,73.043739,3.721025,0.126007,-1293.817383,0.013771,0.000000
11.280001,16.412689,-1293.906372,-0.002802,0.000496,0.012601,73.007286,3.719168,0.126007,-1293.906372,0.013789,0.000000
11.290001,16.399284,-1293.861938,-0.002798,0.000496,0.012601,72.947662,3.716131,0.126007,-1293.861938,0.013806,0.000000
11.300000,16.387741,-1293.906372,-0.002798,0.000496,0.012610,72.896317,3.713515,0.126098,-1293.906372,0.013815,0.000000
11.310000,16.387367,-1293.906372,-0.002802,0.000497,0.012635,72.894653,3.713430,0.126355,-1293.906372,0.013832,0.000000
11.320001,16.403381,-1293.817383,-0.002798,0.000500,0.012705,72.965881,3.717059,0.127051,-1293.817383,0.013850,0.000000
11.330001,16.469292,-1293.861938,-0.002794,0.000505,0.012817,73.259071,3.731995,0.128172,-1293.861938,0.013866,0.000000
11.340000,16.645424,-1293.861938,-0.002790,0.000508,0.012913,74.042542,3.771907,0.129125,-1293.861938,0.013885,0.000000
11.350000,16.900497,-1293.861938,-0.002794,0.000511,0.012982,75.177170,3.829707,0.129822,-1293.861938,0.013901,0.000000
11.360001,17.100464,-1293.861938,-0.002798,0.000513,0.013034,76.066666,3.875021,0.130337,-1293.861938,0.013919,0.000000
11.370001,17.265053,-1293.772949,-0.002781,0.000513,0.013043,76.798790,3.912317,0.130427,-1293.772949,0.013936,0.000000
11.380000,17.336548,-1293.861938,-0.002790,0.000513,0.013043,77.116814,3.928518,0.130427,-1293.861938,0.013954,0.000000
11.390000,17.351814,-1293.861938,-0.002790,0.000513,0.013043,77.184723,3.931977,0.130427,-1293.861938,0.013971,0.000000
11.400001,17.357773,-1293.861938,-0.002781,0.000513,0.013043,77.211227,3.933327,0.130427,-1293.861938,0.013989,0.000000
11.410001,17.355164,-1293.906372,-0.002794,0.000514,0.013061,77.199623,3.932736,0.130609,-1293.906372,0.014006,0.000000
11.420000,17.348831,-1293.817383,-0.002785,0.000516,0.013103,77.171455,3.931301,0.131033,-1293.817383,0.014022,0.000000
11.430000,17.387184,-1293.906372,-0.002794,0.000517,0.013129,77.342056,3.939992,0.131290,-1293.906372,0.014031,0.000000
11.440001,17.447884,-1293.861938,-0.002785,0.000518,0.013164,77.612061,3.953747,0.131639,-1293.861938,0.014050,0.000000
11.450001,17.505600,-1293.861938,-0.002785,0.000518,0.013164,77.868797,3.966826,0.131639,-1293.861938,0.014066,0.000000
11.460001,17.535019,-1293.817383,-0.002785,0.000518,0.013164,77.999657,3.973492,0.131639,-1293.817383,0.014084,0.000000
11.470000,17.542091,-1293.861938,-0.002781,0.000518,0.013164,78.031120,3.975095,0.131639,-1293.861938,0.014101,0.000000
11.480000,17.531670,-1293.906372,-0.002768,0.000519,0.013173,77.984764,3.972733,0.131729,-1293.906372,0.014118,0.000000
11.490001,17.529060,-1293.861938,-0.002790,0.000519,0.013173,77.973152,3.972142,0.131729,-1293.861938,0.014136,0.000000
11.500001,17.519379,-1293.906372,-0.002777,0.000519,0.013173,77.930092,3.969948,0.131729,-1293.906372,0.014152,0.000000
11.510000,17.496292,-1293.861938,-0.002785,0.000520,0.013208,77.827393,3.964716,0.132078,-1293.861938,0.014171,0.000000
11.520000,17.498154,-1293.817383,-0.002777,0.000522,0.013252,77.835678,3.965138,0.132517,-1293.817383,0.014187,0.000000
11.530001,17.549545,-1293.906372,-0.002777,0.000522,0.013268,78.064278,3.976784,0.132683,-1293.906372,0.014205,0.000000
11.540001,17.595345,-1293.817383,-0.002781,0.000522,0.013268,78.267998,3.987162,0.132683,-1293.817383,0.014222,0.000000
11.550000,17.608002,-1293.861938,-0.002777,0.000523,0.013294,78.324303,3.990030,0.132941,-1293.861938,0.014240,0.000000
11.560000,17.622154,-1293.861938,-0.002794,0.000525,0.013347,78.387260,3.993237,0.133471,-1293.861938,0.014248,0.000000
11.570001,17.693275,-1293.817383,-0.002772,0.000527,0.013389,78.703621,4.009354,0.133894,-1293.817383,0.014266,0.000000
11.580001,17.778923,-1293.861938,-0.002777,0.000528,0.013408,79.084602,4.028761,0.134076,-1293.861938,0.014283,0.000000
11.590000,17.831802,-1293.906372,-0.002785,0.000528,0.013415,79.319817,4.040744,0.134152,-1293.906372,0.014301,0.000000
11.600000,17.855629,-1293.817383,-0.002768,0.000529,0.013433,79.425804,4.046143,0.134333,-1293.817383,0.014318,0.000000
11.610001,17.880211,-1293.906372,-0.002777,0.000530,0.013450,79.535149,4.051714,0.134500,-1293.906372,0.014336,0.000000
11.620001,17.911858,-1293.817383,-0.002764,0.000530,0.013468,79.675919,4.058885,0.134682,-1293.817383,0.014352,0.000000
11.630000,17.911491,-1293.950806,-0.002764,0.000530,0.013468,79.674294,4.058802,0.134682,-1293.950806,0.014370,0.000000
11.640000,17.919678,-1293.906372,-0.002781,0.000530,0.013468,79.710709,4.060657,0.134682,-1293.906372,0.014387,0.000000
11.650001,17.923035,-1293.861938,-0.002772,0.000531,0.013477,79.725639,4.061418,0.134773,-1293.861938,0.014405,0.000000
11.660001,17.921539,-1293.861938,-0.002772,0.000531,0.013477,79.718987,4.061079,0.134773,-1293.861938,0.014422,0.000000
11.670001,17.915955,-1293.817383,-0.002777,0.000531,0.013485,79.694145,4.059813,0.134848,-1293.817383,0.014439,0.000000
11.680000,17.905159,-1293.817383,-0.002759,0.000533,0.013529,79.646126,4.057367,0.135287,-1293.817383,0.014448,0.000000
11.690001,17.916328,-1293.772949,-0.002772,0.000533,0.013545,79.695808,4.059898,0.135454,-1293.772949,0.014466,0.000000
11.700001,17.962875,-1293.817383,-0.002777,0.000534,0.013554,79.902863,4.070446,0.135545,-1293.817383,0.014483,0.000000
11.710001,17.994156,-1293.906372,-0.002772,0.000534,0.013573,80.042000,4.077534,0.135726,-1293.906372,0.014501,0.000000
11.720000,18.001602,-1293.861938,-0.002785,0.000535,0.013589,80.075127,4.079221,0.135893,-1293.861938,0.014517,0.000000
11.730000,18.022827,-1293.906372,-0.002764,0.000535,0.013589,80.169540,4.084031,0.135893,-1293.906372,0.014534,0.000000
11.740001,18.037720,-1293.817383,-0.002764,0.000535,0.013589,80.235786,4.087406,0.135893,-1293.817383,0.014552,0.000000
11.750001,18.023575,-1293.817383,-0.002781,0.000535,0.013589,80.172867,4.084200,0.135893,-1293.817383,0.014569,0.000000
11.760000,18.024689,-1293.906372,-0.002768,0.000535,0.013598,80.177818,4.084453,0.135984,-1293.906372,0.014587,0.000000
11.770000,17.998627,-1293.772949,-0.002759,0.000535,0.013598,80.061890,4.078547,0.135984,-1293.772949,0.014604,0.000000
11.780001,17.975533,-1293.950806,-0.002768,0.000536,0.013607,79.959160,4.073314,0.136075,-1293.950806,0.014622,0.000000
11.790001,17.937180,-1293.861938,-0.002764,0.000536,0.013615,79.788559,4.064623,0.136150,-1293.861938,0.014638,0.000000
11.800000,17.925636,-1293.817383,-0.002755,0.000537,0.013641,79.737213,4.062007,0.136408,-1293.817383,0.014657,0.000000
11.810000,17.909622,-1293.906372,-0.002777,0.000538,0.013668,79.665977,4.058379,0.136680,-1293.906372,0.014664,0.000000
11.820001,17.941277,-1293.772949,-0.002768,0.000539,0.013703,79.806786,4.065551,0.137028,-1293.772949,0.014682,0.000000
11.830001,17.988945,-1293.906372,-0.002755,0.000541,0.013736,80.018822,4.076353,0.137361,-1293.906372,0.014699,0.000000
11.840000,18.043304,-1293.817383,-0.002759,0.000542,0.013754,80.260628,4.088671,0.137543,-1293.817383,0.014717,0.000000
11.850000,18.087624,-1293.861938,-0.002764,0.000543,0.013780,80.457771,4.098714,0.137800,-1293.861938,0.014734,0.000000
11.860001,18.136772,-1293.906372,-0.002781,0.000543,0.013798,80.676392,4.109851,0.137982,-1293.906372,0.014752,0.000000
11.870001,18.178482,-1293.861938,-0.002777,0.000544,0.013824,80.861923,4.119303,0.138240,-1293.861938,0.014769,0.000000
11.880000,18.213112,-1293.950806,-0.002759,0.000545,0.013832,81.015968,4.127150,0.138315,-1293.950806,0.014787,0.000000
11.890000,18.238060,-1293.817383,-0.002759,0.000545,0.013850,81.126945,4.132803,0.138497,-1293.817383,0.014803,0.000000
11.900001,18.256302,-1293.906372,-0.002755,0.000546,0.013866,81.208084,4.136937,0.138663,-1293.906372,0.014820,0.000000
11.910001,18.264496,-1293.906372,-0.002764,0.000546,0.013875,81.244537,4.138794,0.138754,-1293.906372,0.014838,0.000000
11.920001,18.290192,-1293.817383,-0.002777,0.000547,0.013885,81.358833,4.144617,0.138845,-1293.817383,0.014855,0.000000
11.930000,18.301735,-1293.861938,-0.002759,0.000547,0.013894,81.410179,4.147233,0.138936,-1293.861938,0.014873,0.000000
11.940001,18.298012,-1293.861938,-0.002768,0.000547,0.013901,81.393623,4.146389,0.139012,-1293.861938,0.014882,0.000000
11.950001,18.298012,-1293.906372,-0.002751,0.000548,0.013927,81.393623,4.146389,0.139269,-1293.906372,0.014899,0.000000
11.960001,18.321472,-1293.906372,-0.002746,0.000549,0.013954,81.497978,4.151705,0.139542,-1293.906372,0.014916,0.000000
11.970000,18.363922,-1293.906372,-0.002751,0.000550,0.013962,81.686806,4.161324,0.139617,-1293.906372,0.014934,0.000000
11.980000,18.387009,-1293.950806,-0.002764,0.000550,0.013971,81.789497,4.166555,0.139708,-1293.950806,0.014950,0.000000
11.990001,18.389244,-1293.817383,-0.002755,0.000550,0.013980,81.799446,4.167062,0.139799,-1293.817383,0.014969,0.000000
12.000001,18.392967,-1293.861938,-0.002764,0.000552,0.014015,81.816002,4.167906,0.140147,-1293.861938,0.014985,0.000000
12.010000,18.414566,-1293.906372,-0.002759,0.000553,0.014057,81.912079,4.172800,0.140571,-1293.906372,0.015003,0.000000
12.020000,18.487549,-1293.772949,-0.002759,0.000556,0.014118,82.236725,4.189338,0.141177,-1293.772949,0.015020,0.000000
12.030001,18.594788,-1293.950806,-0.002746,0.000557,0.014136,82.713745,4.213639,0.141358,-1293.950806,0.015038,0.000000
12.040001,18.680061,-1293.861938,-0.002755,0.000557,0.014152,83.093063,4.232963,0.141525,-1293.861938,0.015055,0.000000
12.050000,18.710968,-1293.861938,-0.002742,0.000558,0.014162,83.230545,4.239966,0.141616,-1293.861938,0.015073,0.000000
12.060000,18.747093,-1293.861938,-0.002746,0.000558,0.014162,83.391235,4.248152,0.141616,-1293.861938,0.015090,0.000000
12.070001,18.759377,-1293.817383,-0.002742,0.000558,0.014162,83.445877,4.250936,0.141616,-1293.817383,0.015099,0.000000
12.080001,18.750443,-1293.861938,-0.002742,0.000558,0.014162,83.406136,4.248911,0.141616,-1293.861938,0.015115,0.000000
12.090000,18.724380,-1293.772949,-0.002751,0.000558,0.014162,83.290207,4.243005,0.141616,-1293.772949,0.015134,0.000000
12.100000,18.716927,-1293.906372,-0.002751,0.000558,0.014162,83.257050,4.241316,0.141616,-1293.906372,0.015150,0.000000
12.110001,18.694962,-1293.861938,-0.002755,0.000558,0.014171,83.159340,4.236339,0.141706,-1293.861938,0.015168,0.000000
12.120001,18.681557,-1293.772949,-0.002738,0.000558,0.014171,83.099716,4.233301,0.141706,-1293.772949,0.015185,0.000000
12.130000,18.665543,-1293.906372,-0.002759,0.000558,0.014171,83.028481,4.229672,0.141706,-1293.906372,0.015203,0.000000
12.140000,18.649155,-1293.817383,-0.002751,0.000558,0.014180,82.955582,4.225959,0.141797,-1293.817383,0.015220,0.000000
12.150001,18.621605,-1293.861938,-0.002742,0.000559,0.014196,82.833038,4.219716,0.141964,-1293.861938,0.015236,0.000000
12.160001,18.626816,-1293.906372,-0.002746,0.000559,0.014205,82.856216,4.220897,0.142055,-1293.906372,0.015255,0.000000
12.170001,18.628677,-1293.861938,-0.002746,0.000559,0.014205,82.864494,4.221319,0.142055,-1293.861938,0.015271,0.000000
12.180000,18.630913,-1293.861938,-0.002738,0.000559,0.014205,82.874435,4.221826,0.142055,-1293.861938,0.015289,0.000000
12.190001,18.621971,-1293.861938,-0.002751,0.000560,0.014213,82.834663,4.219799,0.142130,-1293.861938,0.015306,0.000000
12.200001,18.609688,-1293.861938,-0.002755,0.000560,0.014222,82.780029,4.217016,0.142221,-1293.861938,0.015315,0.000000
12.210001,18.615273,-1293.950806,-0.002742,0.000561,0.014240,82.804871,4.218281,0.142403,-1293.950806,0.015332,0.000000
12.220000,18.606705,-1293.861938,-0.002734,0.000563,0.014301,82.766754,4.216339,0.143008,-1293.861938,0.015350,0.000000
12.230000,18.639847,-1293.861938,-0.002746,0.000564,0.014327,82.914177,4.223849,0.143266,-1293.861938,0.015367,0.000000
12.240001,18.724747,-1293.906372,-0.002746,0.000565,0.014352,83.291832,4.243088,0.143523,-1293.906372,0.015385,0.000000
12.250001,18.765709,-1293.861938,-0.002742,0.000566,0.014387,83.474045,4.252371,0.143871,-1293.861938,0.015401,0.000000
12.260000,18.817101,-1293.861938,-0.002742,0.000569,0.014448,83.702644,4.264016,0.144477,-1293.861938,0.015420,0.000000
12.270000,18.938866,-1293.817383,-0.002742,0.000570,0.014483,84.244286,4.291608,0.144825,-1293.817383,0.015436,0.000000
12.280001,19.031586,-1293.906372,-0.002746,0.000571,0.014501,84.656723,4.312619,0.145007,-1293.906372,0.015454,0.000000
12.290001,19.081856,-1293.861938,-0.002742,0.000572,0.014534,84.880333,4.324010,0.145340,-1293.861938,0.015471,0.000000
12.300000,19.143669,-1293.817383,-0.002738,0.000573,0.014561,85.155296,4.338017,0.145612,-1293.817383,0.015489,0.000000
12.310000,19.199150,-1293.861938,-0.002738,0.000574,0.014587,85.402084,4.350590,0.145870,-1293.861938,0.015506,0.000000
12.320001,19.257988,-1293.817383,-0.002734,0.000575,0.014596,85.663811,4.363923,0.145961,-1293.817383,0.015523,0.000000
12.330001,19.288521,-1293.906372,-0.002755,0.000575,0.014596,85.799629,4.370841,0.145961,-1293.906372,0.015532,0.000000
12.340000,19.284424,-1293.728516,-0.002746,0.000575,0.014596,85.781403,4.369913,0.145961,-1293.728516,0.015550,0.000000
12.350000,19.279587,-1293.861938,-0.002738,0.000575,0.014604,85.759888,4.368817,0.146036,-1293.861938,0.015567,0.000000
12.360001,19.282188,-1293.906372,-0.002734,0.000575,0.014613,85.771461,4.369406,0.146127,-1293.906372,0.015585,0.000000
12.370001,19.286659,-1293.772949,-0.002729,0.000577,0.014664,85.791344,4.370420,0.146642,-1293.772949,0.015601,0.000000
12.380000,19.339905,-1293.906372,-0.002734,0.000579,0.014717,86.028191,4.382485,0.147172,-1293.906372,0.015618,0.000000
12.390000,19.426300,-1293.817383,-0.002738,0.000581,0.014752,86.412498,4.402063,0.147520,-1293.817383,0.015636,0.000000
12.400001,19.507851,-1293.906372,-0.002734,0.000581,0.014752,86.775253,4.420542,0.147520,-1293.906372,0.015653,0.000000
12.410001,19.533539,-1293.950806,-0.002725,0.000581,0.014760,86.889519,4.426363,0.147596,-1293.950806,0.015671,0.000000
12.420001,19.547691,-1293.906372,-0.002721,0.000582,0.014778,86.952477,4.429570,0.147777,-1293.906372,0.015688,0.000000
12.430000,19.554764,-1293.950806,-0.002729,0.000583,0.014813,86.983932,4.431173,0.148126,-1293.950806,0.015706,0.000000
12.440001,19.592377,-1293.861938,-0.002725,0.000583,0.014820,87.151245,4.439696,0.148201,-1293.861938,0.015722,0.000000
12.450001,19.610626,-1293.817383,-0.002712,0.000583,0.014820,87.232422,4.443831,0.148201,-1293.817383,0.015732,0.000000
12.460001,19.608017,-1293.817383,-0.002725,0.000583,0.014820,87.220818,4.443240,0.148201,-1293.817383,0.015748,0.000000
12.470000,19.608391,-1293.817383,-0.002734,0.000584,0.014829,87.222481,4.443325,0.148292,-1293.817383,0.015766,0.000000
12.480000,19.604294,-1293.861938,-0.002725,0.000586,0.014882,87.204254,4.442396,0.148822,-1293.861938,0.015783,0.000000
12.490001,19.640038,-1293.906372,-0.002712,0.000587,0.014916,87.363251,4.450496,0.149155,-1293.906372,0.015801,0.000000
12.500001,19.716003,-1293.906372,-0.002708,0.000588,0.014925,87.701164,4.467710,0.149246,-1293.906372,0.015818,0.000000
12.510000,19.741699,-1293.950806,-0.002729,0.000588,0.014934,87.815460,4.473533,0.149337,-1293.950806,0.015836,0.000000
12.520000,19.772980,-1293.906372,-0.002729,0.000589,0.014950,87.954605,4.480621,0.149503,-1293.906372,0.015853,0.000000
12.530001,19.786011,-1293.906372,-0.002729,0.000589,0.014969,88.012573,4.483574,0.149685,-1293.906372,0.015871,0.000000
12.540001,19.797180,-1293.817383,-0.002725,0.000590,0.014978,88.062256,4.486105,0.149776,-1293.817383,0.015887,0.000000
12.550000,19.832932,-1293.906372,-0.002721,0.000590,0.014994,88.221283,4.494206,0.149942,-1293.906372,0.015904,0.000000
12.560000,19.809471,-1293.861938,-0.002721,0.000590,0.014994,88.116928,4.488891,0.149942,-1293.861938,0.015922,0.000000
12.570001,19.805748,-1293.861938,-0.002716,0.000590,0.014994,88.100365,4.488047,0.149942,-1293.861938,0.015939,0.000000
12.580001,19.802399,-1293.906372,-0.002721,0.000591,0.015003,88.085472,4.487288,0.150033,-1293.906372,0.015948,0.000000
12.590000,19.809471,-1293.817383,-0.002721,0.000591,0.015003,88.116928,4.488891,0.150033,-1293.817383,0.015966,0.000000
12.600000,19.795319,-1293.906372,-0.002712,0.000591,0.015003,88.053978,4.485683,0.150033,-1293.906372,0.015983,0.000000
12.610001,19.770744,-1293.906372,-0.002712,0.000591,0.015003,87.944664,4.480115,0.150033,-1293.906372,0.016000,0.000000
12.620001,19.758453,-1293.817383,-0.002712,0.000592,0.015038,87.889992,4.477330,0.150381,-1293.817383,0.016018,0.000000
12.630001,19.764412,-1293.950806,-0.002725,0.000594,0.015081,87.916496,4.478680,0.150805,-1293.950806,0.016034,0.000000
12.640000,19.812080,-1293.772949,-0.002721,0.000595,0.015115,88.128532,4.489481,0.151154,-1293.772949,0.016052,0.000000
12.650001,19.881714,-1293.861938,-0.002699,0.000596,0.015134,88.438278,4.505260,0.151335,-1293.861938,0.016069,0.000000
12.660001,19.915970,-1293.861938,-0.002716,0.000596,0.015141,88.590660,4.513023,0.151411,-1293.861938,0.016087,0.000000
12.670001,19.927513,-1293.817383,-0.002703,0.000596,0.015150,88.642006,4.515639,0.151502,-1293.817383,0.016104,0.000000
12.680000,19.955070,-1293.861938,-0.002703,0.000597,0.015176,88.764587,4.521883,0.151759,-1293.861938,0.016122,0.000000
12.690001,19.977409,-1293.817383,-0.002716,0.000599,0.015203,88.863953,4.526946,0.152032,-1293.817383,0.016139,0.000000
12.700001,20.014275,-1293.861938,-0.002721,0.000599,0.015211,89.027939,4.535299,0.152107,-1293.861938,0.016157,0.000000
12.710001,20.038483,-1293.861938,-0.002721,0.000599,0.015220,89.135620,4.540785,0.152198,-1293.861938,0.016165,0.000000
12.720000,20.065666,-1293.817383,-0.002721,0.000599,0.015220,89.256538,4.546945,0.152198,-1293.817383,0.016183,0.000000
12.730000,20.061569,-1293.906372,-0.002721,0.000600,0.015229,89.238319,4.546016,0.152289,-1293.906372,0.016199,0.000000
12.740001,20.037735,-1293.772949,-0.002712,0.000601,0.015255,89.132294,4.540616,0.152546,-1293.772949,0.016218,0.000000
12.750001,20.048904,-1293.906372,-0.002712,0.000601,0.015264,89.181984,4.543147,0.152637,-1293.906372,0.016234,0.000000
12.760000,20.052628,-1293.817383,-0.002703,0.000601,0.015264,89.198540,4.543990,0.152637,-1293.817383,0.016252,0.000000
12.770000,20.050392,-1293.861938,-0.002695,0.000601,0.015271,89.188599,4.543484,0.152713,-1293.861938,0.016269,0.000000
12.780001,20.045555,-1293.906372,-0.002690,0.000602,0.015289,89.167084,4.542388,0.152895,-1293.906372,0.016287,0.000000
12.790001,20.079071,-1293.861938,-0.002712,0.000602,0.015289,89.316170,4.549983,0.152895,-1293.861938,0.016304,0.000000
12.800000,20.076462,-1293.817383,-0.002708,0.000602,0.015289,89.304565,4.549391,0.152895,-1293.817383,0.016320,0.000000
12.810000,20.058212,-1293.906372,-0.002721,0.000602,0.015289,89.223381,4.545256,0.152895,-1293.906372,0.016339,0.000000
12.820001,20.056725,-1293.772949,-0.002708,0.000602,0.015289,89.216766,4.544919,0.152895,-1293.772949,0.016355,0.000000
12.830001,20.041832,-1293.950806,-0.002712,0.000602,0.015289,89.150520,4.541544,0.152895,-1293.950806,0.016373,0.000000
12.840000,20.028053,-1293.817383,-0.002695,0.000602,0.015299,89.089233,4.538422,0.152985,-1293.817383,0.016383,0.000000
12.850000,19.994537,-1293.861938,-0.002695,0.000602,0.015299,88.940147,4.530827,0.152985,-1293.861938,0.016399,0.000000
12.860001,19.991562,-1293.861938,-0.002699,0.000602,0.015299,88.926910,4.530153,0.152985,-1293.861938,0.016416,0.000000
12.870001,19.971077,-1293.772949,-0.002690,0.000603,0.015306,88.835785,4.525511,0.153061,-1293.772949,0.016434,0.000000
12.880001,19.934959,-1293.906372,-0.002690,0.000603,0.015306,88.675125,4.517326,0.153061,-1293.906372,0.016451,0.000000
12.890000,19.926765,-1293.772949,-0.002699,0.000603,0.015324,88.638680,4.515470,0.153243,-1293.772949,0.016469,0.000000
12.900001,19.934959,-1293.906372,-0.002708,0.000604,0.015332,88.675125,4.517326,0.153319,-1293.906372,0.016485,0.000000
12.910001,19.952461,-1293.861938,-0.002703,0.000604,0.015332,88.752983,4.521292,0.153319,-1293.861938,0.016504,0.000000
12.920001,19.940544,-1293.861938,-0.002699,0.000604,0.015341,88.699974,4.518592,0.153409,-1293.861938,0.016520,0.000000
12.930000,19.920441,-1293.817383,-0.002682,0.000604,0.015350,88.610542,4.514036,0.153500,-1293.817383,0.016538,0.000000
12.940001,19.920067,-1293.861938,-0.002708,0.000605,0.015359,88.608879,4.513952,0.153591,-1293.861938,0.016555,0.000000
12.950001,19.924904,-1293.906372,-0.002703,0.000607,0.015411,88.630402,4.515048,0.154106,-1293.906372,0.016573,0.000000
12.960001,19.949486,-1293.906372,-0.002695,0.000611,0.015515,88.739746,4.520618,0.155150,-1293.906372,0.016590,0.000000
12.970000,20.093590,-1293.861938,-0.002686,0.000614,0.015592,89.380753,4.553272,0.155923,-1293.861938,0.016599,0.000000
12.980000,20.286476,-1293.861938,-0.002682,0.000615,0.015610,90.238754,4.596982,0.156104,-1293.861938,0.016616,0.000000
12.990001,20.411972,-1293.861938,-0.002686,0.000615,0.015610,90.796989,4.625419,0.156104,-1293.861938,0.016634,0.000000
13.000001,20.444740,-1293.906372,-0.002703,0.000615,0.015610,90.942749,4.632844,0.156104,-1293.906372,0.016651,0.000000
13.010000,20.445107,-1293.906372,-0.002695,0.000615,0.015610,90.944374,4.632927,0.156104,-1293.906372,0.016669,0.000000
13.020000,20.445107,-1293.817383,-0.002695,0.000615,0.015610,90.944374,4.632927,0.156104,-1293.817383,0.016685,0.000000
13.030001,20.430588,-1293.861938,-0.002695,0.000615,0.015610,90.879791,4.629637,0.156104,-1293.861938,0.016702,0.000000
13.040001,20.430962,-1293.817383,-0.002695,0.000615,0.015610,90.881454,4.629722,0.156104,-1293.817383,0.016720,0.000000
13.050000,20.417931,-1293.817383,-0.002695,0.000615,0.015618,90.823494,4.626769,0.156180,-1293.817383,0.016737,0.000000
13.060000,20.393349,-1293.861938,-0.002708,0.000615,0.015618,90.714142,4.621199,0.156180,-1293.861938,0.016755,0.000000
13.070001,20.379944,-1293.861938,-0.002699,0.000615,0.015618,90.654518,4.618161,0.156180,-1293.861938,0.016772,0.000000
13.080001,20.360207,-1293.861938,-0.002699,0.000615,0.015627,90.566719,4.613689,0.156271,-1293.861938,0.016790,0.000000
13.090000,20.379204,-1293.817383,-0.002699,0.000616,0.015645,90.651222,4.617994,0.156452,-1293.817383,0.016797,0.000000
13.100000,20.376968,-1293.950806,-0.002682,0.000617,0.015662,90.641281,4.617487,0.156619,-1293.950806,0.016816,0.000000
13.110001,20.371384,-1293.906372,-0.002690,0.000617,0.015680,90.616440,4.616221,0.156801,-1293.906372,0.016832,0.000000
13.120001,20.403030,-1293.772949,-0.002690,0.000617,0.015680,90.757210,4.623393,0.156801,-1293.772949,0.016850,0.000000
13.130001,20.404892,-1293.906372,-0.002690,0.000617,0.015680,90.765495,4.623815,0.156801,-1293.906372,0.016867,0.000000
13.140000,20.399681,-1293.861938,-0.002690,0.000618,0.015688,90.742317,4.622633,0.156876,-1293.861938,0.016885,0.000000
13.150001,20.379944,-1293.906372,-0.002690,0.000618,0.015697,90.654518,4.618161,0.156967,-1293.906372,0.016902,0.000000
13.160001,20.378830,-1293.950806,-0.002690,0.000620,0.015741,90.649567,4.617909,0.157406,-1293.950806,0.016920,0.000000
13.170001,20.409737,-1293.861938,-0.002690,0.000621,0.015766,90.787041,4.624912,0.157664,-1293.861938,0.016937,0.000000
13.180000,20.463730,-1293.861938,-0.002682,0.000621,0.015783,91.027214,4.637147,0.157830,-1293.861938,0.016955,0.000000
13.190001,20.509529,-1293.861938,-0.002686,0.000621,0.015783,91.230942,4.647526,0.157830,-1293.861938,0.016971,0.000000
13.200001,20.516609,-1293.817383,-0.002677,0.000621,0.015783,91.262436,4.649130,0.157830,-1293.817383,0.016990,0.000000
13.210001,20.503197,-1293.906372,-0.002699,0.000621,0.015783,91.202774,4.646091,0.157830,-1293.906372,0.017006,0.000000
13.220000,20.496124,-1293.906372,-0.002673,0.000623,0.015836,91.171310,4.644488,0.158360,-1293.906372,0.017015,0.000000
13.230000,20.523308,-1293.950806,-0.002677,0.000625,0.015887,91.292236,4.650648,0.158875,-1293.950806,0.017032,0.000000
13.240001,20.604858,-1293.817383,-0.002677,0.000628,0.015957,91.654991,4.669128,0.159571,-1293.817383,0.017050,0.000000
13.250001,20.734070,-1293.906372,-0.002695,0.000631,0.016034,92.229752,4.698408,0.160343,-1293.906372,0.017067,0.000000
13.260000,20.901642,-1293.817383,-0.002699,0.000634,0.016104,92.975143,4.736380,0.161040,-1293.817383,0.017085,0.000000
13.270000,21.081497,-1293.861938,-0.002677,0.000635,0.016139,93.775185,4.777135,0.161388,-1293.861938,0.017102,0.000000
13.280001,21.220016,-1293.906372,-0.002669,0.000637,0.016183,94.391350,4.808525,0.161827,-1293.906372,0.017118,0.000000
13.290001,21.320183,-1293.861938,-0.002669,0.000637,0.016192,94.836906,4.831223,0.161918,-1293.861938,0.017136,0.000000
13.300000,21.392799,-1293.861938,-0.002669,0.000638,0.016218,95.159927,4.847678,0.162175,-1293.861938,0.017153,0.000000
13.310000,21.419609,-1293.950806,-0.002677,0.000639,0.016234,95.279182,4.853753,0.162342,-1293.950806,0.017171,0.000000
13.320001,21.456848,-1293.861938,-0.002660,0.000639,0.016243,95.444824,4.862191,0.162433,-1293.861938,0.017188,0.000000
13.330001,21.456848,-1293.950806,-0.002677,0.000640,0.016252,95.444824,4.862191,0.162523,-1293.950806,0.017206,0.000000
13.340001,21.483284,-1293.817383,-0.002682,0.000641,0.016287,95.562424,4.868182,0.162872,-1293.817383,0.017223,0.000000
13.350000,21.526482,-1293.906372,-0.002677,0.000642,0.016313,95.754570,4.877970,0.163129,-1293.906372,0.017232,0.000000
13.360001,21.572281,-1293.906372,-0.002686,0.000643,0.016339,95.958298,4.888349,0.163386,-1293.906372,0.017249,0.000000
13.370001,21.615479,-1293.817383,-0.002665,0.000644,0.016364,96.150452,4.898138,0.163644,-1293.817383,0.017267,0.000000
13.380001,21.655693,-1293.906372,-0.002673,0.000645,0.016373,96.329330,4.907250,0.163735,-1293.906372,0.017283,0.000000
13.390000,21.689949,-1293.817383,-0.002669,0.000645,0.016383,96.481712,4.915013,0.163825,-1293.817383,0.017302,0.000000
13.400001,21.687714,-1293.861938,-0.002677,0.000645,0.016383,96.471771,4.914506,0.163825,-1293.861938,0.017318,0.000000
13.410001,21.678780,-1293.861938,-0.002673,0.000645,0.016390,96.432030,4.912481,0.163901,-1293.861938,0.017336,0.000000
13.420001,21.695168,-1293.817383,-0.002665,0.000647,0.016425,96.504929,4.916195,0.164249,-1293.817383,0.017353,0.000000
13.430000,21.704102,-1293.861938,-0.002686,0.000647,0.016443,96.544662,4.918220,0.164431,-1293.861938,0.017371,0.000000
13.440001,21.755486,-1293.817383,-0.002656,0.000647,0.016443,96.773232,4.929863,0.164431,-1293.817383,0.017388,0.000000
13.450001,21.749535,-1293.817383,-0.002660,0.000648,0.016451,96.746765,4.928515,0.164507,-1293.817383,0.017404,0.000000
13.460001,21.716759,-1293.861938,-0.002652,0.000648,0.016451,96.600967,4.921088,0.164507,-1293.861938,0.017423,0.000000
13.470000,21.696655,-1293.861938,-0.002656,0.000648,0.016469,96.511543,4.916532,0.164688,-1293.861938,0.017439,0.000000
13.480000,21.714897,-1293.906372,-0.002669,0.000649,0.016495,96.592690,4.920666,0.164946,-1293.906372,0.017448,0.000000
13.490001,21.725327,-1293.861938,-0.002656,0.000650,0.016511,96.639076,4.923029,0.165112,-1293.861938,0.017467,0.000000
13.500001,21.756607,-1293.861938,-0.002656,0.000650,0.016520,96.778221,4.930118,0.165203,-1293.861938,0.017483,0.000000
13.510000,21.745804,-1293.906372,-0.002673,0.000651,0.016538,96.730164,4.927670,0.165385,-1293.906372,0.017500,0.000000
13.520000,21.752510,-1293.861938,-0.002660,0.000651,0.016546,96.759995,4.929189,0.165460,-1293.861938,0.017518,0.000000
13.530001,21.761078,-1293.861938,-0.002656,0.000652,0.016564,96.798111,4.931131,0.165642,-1293.861938,0.017535,0.000000
13.540001,21.764427,-1293.817383,-0.002660,0.000652,0.016564,96.813004,4.931890,0.165642,-1293.817383,0.017553,0.000000
13.550000,21.766663,-1293.817383,-0.002660,0.000653,0.016581,96.822952,4.932396,0.165809,-1293.817383,0.017569,0.000000
13.560000,21.769638,-1293.817383,-0.002677,0.000653,0.016581,96.836189,4.933071,0.165809,-1293.817383,0.017588,0.000000
13.570001,21.769638,-1293.817383,-0.002652,0.000653,0.016581,96.836189,4.933071,0.165809,-1293.817383,0.017604,0.000000
13.580001,21.756233,-1293.906372,-0.002652,0.000654,0.016616,96.776558,4.930033,0.166157,-1293.906372,0.017622,0.000000
13.590001,21.748787,-1293.817383,-0.002660,0.000655,0.016641,96.743439,4.928346,0.166414,-1293.817383,0.017639,0.000000
13.600000,21.789375,-1293.861938,-0.002660,0.000656,0.016651,96.923981,4.937543,0.166505,-1293.861938,0.017657,0.000000
13.610001,21.803528,-1293.861938,-0.002660,0.000656,0.016660,96.986938,4.940750,0.166596,-1293.861938,0.017665,0.000000
13.620001,21.810974,-1293.817383,-0.002639,0.000656,0.016660,97.020058,4.942438,0.166596,-1293.817383,0.017683,0.000000
13.630001,21.784164,-1293.861938,-0.002652,0.000657,0.016676,96.900803,4.936362,0.166762,-1293.861938,0.017700,0.000000
13.640000,21.791611,-1293.772949,-0.002656,0.000657,0.016694,96.933929,4.938049,0.166944,-1293.772949,0.017718,0.000000
13.650001,21.793472,-1293.906372,-0.002643,0.000658,0.016702,96.942207,4.938472,0.167020,-1293.906372,0.017735,0.000000
13.660001,21.808739,-1293.817383,-0.002656,0.000659,0.016729,97.010117,4.941931,0.167292,-1293.817383,0.017753,0.000000
13.670001,21.830338,-1293.817383,-0.002652,0.000660,0.016755,97.106194,4.946825,0.167550,-1293.817383,0.017769,0.000000
13.680000,21.867203,-1293.861938,-0.002639,0.000661,0.016781,97.270172,4.955179,0.167807,-1293.861938,0.017787,0.000000
13.690001,21.885818,-1293.817383,-0.002652,0.000662,0.016825,97.352982,4.959397,0.168246,-1293.817383,0.017804,0.000000
13.700001,21.961411,-1293.906372,-0.002647,0.000663,0.016832,97.689232,4.976527,0.168322,-1293.906372,0.017821,0.000000
13.710001,21.998650,-1293.906372,-0.002634,0.000663,0.016832,97.854881,4.984965,0.168322,-1293.906372,0.017839,0.000000
13.720000,22.007210,-1293.817383,-0.002634,0.000663,0.016841,97.892960,4.986905,0.168413,-1293.817383,0.017856,0.000000
13.730000,22.013542,-1293.906372,-0.002639,0.000664,0.016859,97.921127,4.988340,0.168594,-1293.906372,0.017865,0.000000
13.740001,21.996040,-1293.861938,-0.002652,0.000664,0.016867,97.843277,4.984374,0.168670,-1293.861938,0.017883,0.000000
13.750001,21.993431,-1293.817383,-0.002652,0.000664,0.016876,97.831665,4.983782,0.168761,-1293.817383,0.017900,0.000000
13.760000,22.006096,-1293.817383,-0.002647,0.000665,0.016885,97.888000,4.986652,0.168852,-1293.817383,0.017916,0.000000
13.770000,21.992691,-1293.817383,-0.002639,0.000666,0.016911,97.828377,4.983615,0.169109,-1293.817383,0.017934,0.000000
13.780001,22.004982,-1293.861938,-0.002647,0.000667,0.016937,97.883049,4.986400,0.169366,-1293.861938,0.017951,0.000000
13.790001,22.034393,-1293.861938,-0.002639,0.000668,0.016971,98.013878,4.993065,0.169715,-1293.861938,0.017969,0.000000
13.800000,22.072380,-1293.906372,-0.002652,0.000670,0.017015,98.182854,5.001673,0.170154,-1293.906372,0.017986,0.000000
13.810000,22.148338,-1293.906372,-0.002647,0.000671,0.017041,98.520729,5.018885,0.170411,-1293.906372,0.018004,0.000000
13.820001,22.233986,-1293.861938,-0.002643,0.000671,0.017050,98.901711,5.038293,0.170502,-1293.861938,0.018021,0.000000
13.830001,22.264519,-1293.817383,-0.002652,0.000671,0.017050,99.037529,5.045212,0.170502,-1293.817383,0.018039,0.000000
13.840001,22.275696,-1293.817383,-0.002647,0.000672,0.017058,99.087242,5.047745,0.170578,-1293.817383,0.018055,0.000000
13.850000,22.263779,-1293.861938,-0.002634,0.000672,0.017076,99.034233,5.045044,0.170759,-1293.861938,0.018074,0.000000
13.860001,22.265266,-1293.861938,-0.002643,0.000673,0.017102,99.040848,5.045381,0.171017,-1293.861938,0.018081,0.000000
13.870001,22.285378,-1293.861938,-0.002626,0.000674,0.017111,99.130310,5.049939,0.171108,-1293.861938,0.018099,0.000000
13.880001,22.294312,-1293.906372,-0.002643,0.000674,0.017111,99.170052,5.051963,0.171108,-1293.906372,0.018116,0.000000
13.890000,22.310326,-1293.817383,-0.002630,0.000674,0.017118,99.241287,5.055592,0.171183,-1293.817383,0.018134,0.000000
13.900001,22.295059,-1293.950806,-0.002634,0.000674,0.017127,99.173378,5.052133,0.171274,-1293.950806,0.018151,0.000000
13.910001,22.280159,-1293.861938,-0.002647,0.000675,0.017136,99.107094,5.048756,0.171365,-1293.861938,0.018169,0.000000
13.920001,22.272713,-1293.772949,-0.002643,0.000676,0.017162,99.073975,5.047069,0.171622,-1293.772949,0.018186,0.000000
13.930000,22.287239,-1293.817383,-0.002634,0.000676,0.017180,99.138588,5.050361,0.171804,-1293.817383,0.018202,0.000000
13.940001,22.307343,-1293.906372,-0.002647,0.000677,0.017206,99.228012,5.054916,0.172061,-1293.906372,0.018220,0.000000
13.950001,22.336014,-1293.906372,-0.002639,0.000678,0.017223,99.355553,5.061413,0.172228,-1293.906372,0.018237,0.000000
13.960001,22.367294,-1293.906372,-0.002626,0.000679,0.017258,99.494698,5.068501,0.172576,-1293.906372,0.018255,0.000000
13.970000,22.406021,-1293.772949,-0.002608,0.000681,0.017292,99.666962,5.077277,0.172924,-1293.772949,0.018272,0.000000
13.980000,22.462624,-1293.906372,-0.002634,0.000681,0.017309,99.918739,5.090103,0.173091,-1293.906372,0.018290,0.000000
13.990001,22.516617,-1293.772949,-0.002630,0.000681,0.017309,100.158913,5.102338,0.173091,-1293.772949,0.018298,0.000000
14.000001,22.524811,-1293.906372,-0.002630,0.000682,0.017318,100.195366,5.104195,0.173182,-1293.906372,0.018316,0.000000
14.010000,22.518478,-1293.861938,-0.002621,0.000683,0.017336,100.167198,5.102760,0.173363,-1293.861938,0.018333,0.000000
14.020000,22.507683,-1293.817383,-0.002634,0.000683,0.017353,100.119171,5.100314,0.173530,-1293.817383,0.018351,0.000000
14.030001,22.524437,-1293.861938,-0.002639,0.000683,0.017353,100.193703,5.104110,0.173530,-1293.861938,0.018367,0.000000
14.040001,22.537468,-1293.861938,-0.002639,0.000683,0.017353,100.251663,5.107063,0.173530,-1293.861938,0.018386,0.000000
14.050000,22.533745,-1293.906372,-0.002630,0.000683,0.017353,100.235100,5.106219,0.173530,-1293.906372,0.018402,0.000000
14.060000,22.518105,-1293.906372,-0.002634,0.000684,0.017371,100.165535,5.102675,0.173712,-1293.906372,0.018420,0.000000
14.070001,22.505821,-1293.861938,-0.002626,0.000684,0.017379,100.110893,5.099892,0.173787,-1293.861938,0.018437,0.000000
14.080001,22.489059,-1293.861938,-0.002630,0.000685,0.017397,100.036331,5.096094,0.173969,-1293.861938,0.018455,0.000000
14.090001,22.493156,-1293.861938,-0.002621,0.000686,0.017423,100.054558,5.097022,0.174226,-1293.861938,0.018472,0.000000
14.100000,22.518478,-1293.906372,-0.002634,0.000687,0.017448,100.167198,5.102760,0.174484,-1293.906372,0.018488,0.000000
14.110001,22.548271,-1293.861938,-0.002617,0.000688,0.017467,100.299721,5.109511,0.174665,-1293.861938,0.018507,0.000000
14.120001,22.584763,-1293.861938,-0.002617,0.000688,0.017483,100.462044,5.117780,0.174832,-1293.861938,0.018516,0.000000
14.130001,22.605240,-1293.906372,-0.002634,0.000689,0.017509,100.553131,5.122421,0.175089,-1293.906372,0.018532,0.000000
14.140000,22.639870,-1293.861938,-0.002617,0.000690,0.017527,100.707169,5.130268,0.175271,-1293.861938,0.018551,0.000000
14.150001,22.671898,-1293.906372,-0.002617,0.000691,0.017544,100.849640,5.137526,0.175437,-1293.906372,0.018567,0.000000
14.160001,22.698334,-1293.817383,-0.002604,0.000692,0.017569,100.967232,5.143516,0.175695,-1293.817383,0.018585,0.000000
14.170001,22.726265,-1293.772949,-0.002617,0.000693,0.017595,101.091476,5.149845,0.175952,-1293.772949,0.018602,0.000000
14.180000,22.754189,-1293.906372,-0.002613,0.000693,0.017613,101.215683,5.156173,0.176134,-1293.906372,0.018619,0.000000
14.190001,22.796638,-1293.817383,-0.002634,0.000694,0.017630,101.404510,5.165792,0.176300,-1293.817383,0.018637,0.000000
14.200001,22.818985,-1293.817383,-0.002617,0.000695,0.017665,101.503914,5.170856,0.176649,-1293.817383,0.018653,0.000000
14.210001,22.856598,-1293.861938,-0.002608,0.000697,0.017709,101.671227,5.179379,0.177088,-1293.861938,0.018672,0.000000
14.220000,22.929955,-1293.772949,-0.002600,0.000698,0.017735,101.997528,5.196002,0.177345,-1293.772949,0.018688,0.000000
14.230000,22.995117,-1293.861938,-0.002617,0.000699,0.017753,102.287392,5.210768,0.177527,-1293.861938,0.018706,0.000000
14.240001,23.052460,-1293.817383,-0.002608,0.000700,0.017769,102.542465,5.223762,0.177693,-1293.817383,0.018723,0.000000
14.250001,23.083366,-1293.906372,-0.002621,0.000700,0.017787,102.679939,5.230766,0.177875,-1293.906372,0.018732,0.000000
14.260000,23.105713,-1293.861938,-0.002617,0.000701,0.017795,102.779343,5.235829,0.177951,-1293.861938,0.018749,0.000000
14.270000,23.117630,-1293.817383,-0.002591,0.000701,0.017813,102.832352,5.238530,0.178132,-1293.817383,0.018767,0.000000
14.280001,23.130661,-1293.906372,-0.002617,0.000701,0.017813,102.890320,5.241483,0.178132,-1293.906372,0.018784,0.000000
14.290001,23.123955,-1293.861938,-0.002608,0.000702,0.017839,102.860489,5.239963,0.178390,-1293.861938,0.018802,0.000000
14.300001,23.136246,-1293.861938,-0.002600,0.000703,0.017865,102.915161,5.242748,0.178647,-1293.861938,0.018818,0.000000
14.310000,23.173859,-1293.906372,-0.002626,0.000704,0.017890,103.082474,5.251271,0.178904,-1293.906372,0.018837,0.000000
14.320001,23.207367,-1293.817383,-0.002604,0.000705,0.017916,103.231522,5.258865,0.179162,-1293.817383,0.018853,0.000000
14.330001,23.250938,-1293.817383,-0.002600,0.000706,0.017925,103.425339,5.268738,0.179253,-1293.817383,0.018871,0.000000
14.340001,23.278496,-1293.861938,-0.002608,0.000706,0.017943,103.547920,5.274982,0.179434,-1293.861938,0.018888,0.000000
14.350000,23.273651,-1293.817383,-0.002600,0.000707,0.017960,103.526367,5.273885,0.179601,-1293.817383,0.018905,0.000000
14.360001,23.288544,-1293.861938,-0.002608,0.000709,0.018012,103.592613,5.277259,0.180116,-1293.861938,0.018923,0.000000
14.370001,23.352966,-1293.861938,-0.002591,0.000710,0.018039,103.879181,5.291858,0.180388,-1293.861938,0.018940,0.000000
14.380001,23.431168,-1293.906372,-0.002600,0.000710,0.018046,104.227036,5.309578,0.180464,-1293.906372,0.018949,0.000000
14.390000,23.453133,-1293.817383,-0.002600,0.000711,0.018055,104.324745,5.314556,0.180555,-1293.817383,0.018967,0.000000
14.400001,23.453880,-1293.861938,-0.002596,0.000711,0.018055,104.328072,5.314725,0.180555,-1293.861938,0.018984,0.000000
14.410001,23.449409,-1293.817383,-0.002591,0.000711,0.018065,104.308182,5.313712,0.180645,-1293.817383,0.019000,0.000000
14.420001,23.442711,-1293.817383,-0.002587,0.000712,0.018074,104.278389,5.312194,0.180736,-1293.817383,0.019018,0.000000
14.430000,23.436005,-1293.906372,-0.002613,0.000712,0.018081,104.248558,5.310675,0.180812,-1293.906372,0.019035,0.000000
14.440001,23.424461,-1293.817383,-0.002600,0.000712,0.018090,104.197205,5.308059,0.180903,-1293.817383,0.019053,0.000000
14.450001,23.409195,-1293.861938,-0.002604,0.000713,0.018107,104.129303,5.304599,0.181069,-1293.861938,0.019070,0.000000
14.460001,23.419250,-1293.861938,-0.002604,0.000713,0.018107,104.174026,5.306878,0.181069,-1293.861938,0.019088,0.000000
14.470000,23.414406,-1293.861938,-0.002596,0.000713,0.018116,104.152481,5.305780,0.181160,-1293.861938,0.019105,0.000000
14.480000,23.387596,-1293.861938,-0.002596,0.000714,0.018134,104.033226,5.299705,0.181342,-1293.861938,0.019123,0.000000
14.490001,23.396904,-1293.772949,-0.002596,0.000715,0.018151,104.074623,5.301814,0.181508,-1293.772949,0.019139,0.000000
14.500001,23.401749,-1293.906372,-0.002600,0.000715,0.018169,104.096176,5.302912,0.181690,-1293.906372,0.019149,0.000000
14.510000,23.412918,-1293.906372,-0.002600,0.000716,0.018186,104.145859,5.305443,0.181857,-1293.906372,0.019165,0.000000
14.520000,23.416641,-1293.817383,-0.002587,0.000717,0.018202,104.162422,5.306287,0.182023,-1293.817383,0.019183,0.000000
14.530001,23.443825,-1293.861938,-0.002596,0.000718,0.018230,104.283340,5.312447,0.182296,-1293.861938,0.019200,0.000000
14.540001,23.465797,-1293.906372,-0.002600,0.000718,0.018246,104.381081,5.317426,0.182462,-1293.906372,0.019218,0.000000
14.550001,23.492607,-1293.906372,-0.002583,0.000719,0.018255,104.500336,5.323501,0.182553,-1293.906372,0.019235,0.000000
14.560000,23.509735,-1293.861938,-0.002596,0.000719,0.018272,104.576523,5.327382,0.182720,-1293.861938,0.019253,0.000000
14.570001,23.516441,-1293.772949,-0.002587,0.000720,0.018290,104.606354,5.328902,0.182901,-1293.772949,0.019270,0.000000
14.580001,23.523514,-1293.861938,-0.002591,0.000721,0.018325,104.637817,5.330504,0.183249,-1293.861938,0.019286,0.000000
14.590001,23.557030,-1293.772949,-0.002596,0.000722,0.018351,104.786903,5.338099,0.183507,-1293.772949,0.019304,0.000000
14.600000,23.598732,-1293.861938,-0.002583,0.000723,0.018367,104.972404,5.347549,0.183673,-1293.861938,0.019321,0.000000
14.610001,23.646767,-1293.861938,-0.002604,0.000724,0.018393,105.186073,5.358434,0.183931,-1293.861938,0.019339,0.000000
14.620001,23.669487,-1293.772949,-0.002583,0.000725,0.018420,105.287140,5.363582,0.184203,-1293.772949,0.019356,0.000000
14.630001,23.703369,-1293.861938,-0.002583,0.000726,0.018437,105.437851,5.371261,0.184370,-1293.861938,0.019365,0.000000
14.640000,23.748055,-1293.861938,-0.002574,0.000726,0.018446,105.636620,5.381386,0.184461,-1293.861938,0.019382,0.000000
14.650001,23.768532,-1293.817383,-0.002574,0.000727,0.018455,105.727707,5.386026,0.184551,-1293.817383,0.019400,0.000000
14.660001,23.763321,-1293.906372,-0.002596,0.000727,0.018463,105.704529,5.384845,0.184627,-1293.906372,0.019417,0.000000
14.670001,23.755501,-1293.817383,-0.002578,0.000727,0.018472,105.669746,5.383073,0.184718,-1293.817383,0.019435,0.000000
14.680000,23.764069,-1293.906372,-0.002578,0.000728,0.018488,105.707855,5.385015,0.184885,-1293.906372,0.019451,0.000000
14.690001,23.771889,-1293.861938,-0.002578,0.000729,0.018516,105.742645,5.386787,0.185157,-1293.861938,0.019469,0.000000
14.700001,23.776352,-1293.861938,-0.002574,0.000729,0.018523,105.762497,5.387798,0.185233,-1293.861938,0.019486,0.000000
14.710001,23.790504,-1293.817383,-0.002578,0.000730,0.018532,105.825447,5.391006,0.185324,-1293.817383,0.019504,0.000000
14.720000,23.782684,-1293.772949,-0.002591,0.000730,0.018541,105.790665,5.389234,0.185414,-1293.772949,0.019521,0.000000
14.730000,23.780449,-1293.906372,-0.002596,0.000730,0.018551,105.780724,5.388727,0.185505,-1293.906372,0.019539,0.000000
14.740001,23.793480,-1293.861938,-0.002578,0.000730,0.018551,105.838684,5.391680,0.185505,-1293.861938,0.019556,0.000000
14.750001,23.780075,-1293.906372,-0.002587,0.000730,0.018551,105.779060,5.388642,0.185505,-1293.906372,0.019574,0.000000
14.760000,23.765930,-1293.861938,-0.002574,0.000731,0.018558,105.716141,5.385437,0.185581,-1293.861938,0.019582,0.000000
14.770000,23.743210,-1293.861938,-0.002587,0.000731,0.018567,105.615074,5.380288,0.185672,-1293.861938,0.019600,0.000000
14.780001,23.721985,-1293.906372,-0.002578,0.000731,0.018567,105.520660,5.375479,0.185672,-1293.906372,0.019616,0.000000
14.790001,23.701508,-1293.772949,-0.002570,0.000731,0.018576,105.429573,5.370838,0.185763,-1293.772949,0.019635,0.000000
14.800001,23.710442,-1293.861938,-0.002574,0.000732,0.018585,105.469315,5.372863,0.185853,-1293.861938,0.019651,0.000000
14.810000,23.701881,-1293.861938,-0.002591,0.000732,0.018585,105.431236,5.370923,0.185853,-1293.861938,0.019669,0.000000
14.820001,23.696663,-1293.861938,-0.002570,0.000732,0.018593,105.408020,5.369741,0.185929,-1293.861938,0.019686,0.000000
14.830001,23.675438,-1293.906372,-0.002578,0.000732,0.018593,105.313606,5.364931,0.185929,-1293.906372,0.019703,0.000000
14.840001,23.653473,-1293.861938,-0.002574,0.000732,0.018602,105.215904,5.359954,0.186020,-1293.861938,0.019721,0.000000
14.850000,23.639320,-1293.906372,-0.002578,0.000734,0.018653,105.152946,5.356746,0.186535,-1293.906372,0.019737,0.000000
14.860001,23.657936,-1293.817383,-0.002587,0.000737,0.018723,105.235756,5.360965,0.187231,-1293.817383,0.019756,0.000000
14.870001,23.762207,-1293.817383,-0.002578,0.000739,0.018776,105.699577,5.384593,0.187761,-1293.817383,0.019772,0.000000
14.880001,23.889557,-1293.861938,-0.002574,0.000741,0.018809,106.266060,5.413451,0.188094,-1293.861938,0.019790,0.000000
14.890000,23.971474,-1293.772949,-0.002578,0.000742,0.018837,106.630440,5.432014,0.188367,-1293.772949,0.019798,0.000000
14.900001,24.030312,-1293.906372,-0.002570,0.000742,0.018844,106.892166,5.445347,0.188442,-1293.906372,0.019816,0.000000
14.910001,24.066803,-1293.861938,-0.002565,0.000742,0.018844,107.054489,5.453615,0.188442,-1293.861938,0.019833,0.000000
14.920001,24.064941,-1293.861938,-0.002570,0.000742,0.018844,107.046204,5.453194,0.188442,-1293.861938,0.019851,0.000000
14.930000,24.043343,-1293.906372,-0.002565,0.000742,0.018844,106.950127,5.448299,0.188442,-1293.906372,0.019868,0.000000
14.940001,24.037384,-1293.861938,-0.002561,0.000742,0.018844,106.923622,5.446949,0.188442,-1293.861938,0.019886,0.000000
14.950001,24.017281,-1293.950806,-0.002574,0.000742,0.018844,106.834198,5.442393,0.188442,-1293.950806,0.019902,0.000000
14.960001,24.009087,-1293.861938,-0.002561,0.000742,0.018844,106.797752,5.440537,0.188442,-1293.861938,0.019921,0.000000
14.970000,23.978180,-1293.861938,-0.002574,0.000742,0.018853,106.660271,5.433533,0.188533,-1293.861938,0.019937,0.000000
14.980000,23.953979,-1293.861938,-0.002570,0.000742,0.018853,106.552620,5.428050,0.188533,-1293.861938,0.019955,0.000000
14.990001,23.946159,-1293.817383,-0.002561,0.000742,0.018853,106.517838,5.426277,0.188533,-1293.817383,0.019972,0.000000
15.000001,23.923439,-1293.861938,-0.002561,0.000742,0.018853,106.416771,5.421129,0.188533,-1293.861938,0.019989,0.000000
15.010001,23.900352,-1293.861938,-0.002570,0.000742,0.018853,106.314079,5.415897,0.188533,-1293.861938,0.020007,0.000000
15.020000,23.879128,-1293.861938,-0.002557,0.000743,0.018862,106.219666,5.411088,0.188624,-1293.861938,0.020016,0.000000
15.030001,23.857529,-1293.906372,-0.002561,0.000743,0.018879,106.123589,5.406193,0.188791,-1293.906372,0.020033,0.000000
15.040001,23.850082,-1293.817383,-0.002565,0.000744,0.018897,106.090462,5.404506,0.188972,-1293.817383,0.020051,0.000000
15.050001,23.853432,-1293.861938,-0.002574,0.000744,0.018897,106.105362,5.405265,0.188972,-1293.861938,0.020068,0.000000
15.060000,23.837051,-1293.861938,-0.002557,0.000744,0.018897,106.032501,5.401553,0.188972,-1293.861938,0.020084,0.000000
15.070001,23.826622,-1293.817383,-0.002561,0.000744,0.018905,105.986107,5.399190,0.189048,-1293.817383,0.020102,0.000000
15.080001,23.802795,-1293.861938,-0.002557,0.000744,0.018905,105.880119,5.393791,0.189048,-1293.861938,0.020119,0.000000
15.090001,23.788269,-1293.861938,-0.002544,0.000745,0.018914,105.815506,5.390499,0.189139,-1293.861938,0.020137,0.000000
15.100000,23.770393,-1293.817383,-0.002548,0.000745,0.018923,105.735992,5.386448,0.189230,-1293.817383,0.020154,0.000000
15.110001,23.761833,-1293.861938,-0.002574,0.000746,0.018940,105.697914,5.384509,0.189396,-1293.861938,0.020172,0.000000
15.120001,23.758484,-1293.772949,-0.002548,0.000746,0.018940,105.683014,5.383749,0.189396,-1293.772949,0.020189,0.000000
15.130001,23.761833,-1293.906372,-0.002561,0.000746,0.018940,105.697914,5.384509,0.189396,-1293.906372,0.020207,0.000000
15.140000,23.736137,-1293.861938,-0.002565,0.000746,0.018949,105.583611,5.378685,0.189487,-1293.861938,0.020214,0.000000
15.150001,23.713425,-1293.861938,-0.002557,0.000746,0.018958,105.482582,5.373538,0.189578,-1293.861938,0.020233,0.000000
15.160001,23.702255,-1293.817383,-0.002570,0.000747,0.018967,105.432899,5.371008,0.189669,-1293.817383,0.020249,0.000000
15.170001,23.702995,-1293.861938,-0.002557,0.000748,0.018993,105.436188,5.371176,0.189926,-1293.861938,0.020267,0.000000
15.180000,23.698158,-1293.950806,-0.002548,0.000750,0.019044,105.414673,5.370080,0.190441,-1293.950806,0.020284,0.000000
15.190001,23.749168,-1293.817383,-0.002557,0.000753,0.019114,105.641579,5.381639,0.191137,-1293.817383,0.020302,0.000000
15.200001,23.881363,-1293.861938,-0.002557,0.000756,0.019200,106.229607,5.411594,0.192000,-1293.861938,0.020319,0.000000
15.210001,24.064941,-1293.817383,-0.002557,0.000760,0.019304,107.046204,5.453194,0.193045,-1293.817383,0.020337,0.000000
15.220000,24.302887,-1293.906372,-0.002548,0.000763,0.019382,108.104637,5.507113,0.193817,-1293.906372,0.020354,0.000000
15.230000,24.543068,-1293.906372,-0.002544,0.000765,0.019426,109.173019,5.561539,0.194256,-1293.906372,0.020372,0.000000
15.240001,24.693138,-1293.861938,-0.002539,0.000766,0.019460,109.840561,5.595545,0.194604,-1293.861938,0.020388,0.000000
15.250001,24.785858,-1293.906372,-0.002548,0.000768,0.019504,110.253006,5.616556,0.195043,-1293.906372,0.020405,0.000000
15.260001,24.880066,-1293.861938,-0.002552,0.000769,0.019530,110.672058,5.637903,0.195301,-1293.861938,0.020423,0.000000
15.270000,24.954170,-1293.906372,-0.002535,0.000770,0.019565,111.001694,5.654696,0.195649,-1293.906372,0.020432,0.000000
15.280001,25.016357,-1293.906372,-0.002544,0.000771,0.019591,111.278313,5.668787,0.195906,-1293.906372,0.020449,0.000000
15.290001,25.080032,-1293.772949,-0.002531,0.000772,0.019607,111.561554,5.683217,0.196073,-1293.772949,0.020467,0.000000
15.300001,25.116524,-1293.861938,-0.002548,0.000772,0.019616,111.723877,5.691485,0.196164,-1293.861938,0.020484,0.000000
15.310000,25.125458,-1293.861938,-0.002544,0.000772,0.019616,111.763618,5.693510,0.196164,-1293.861938,0.020501,0.000000
15.320001,25.135139,-1293.817383,-0.002544,0.000773,0.019635,111.806686,5.695704,0.196345,-1293.817383,0.020519,0.000000
15.330001,25.134026,-1293.861938,-0.002531,0.000773,0.019642,111.801727,5.695451,0.196421,-1293.861938,0.020535,0.000000
15.340001,25.122108,-1293.772949,-0.002527,0.000773,0.019642,111.748718,5.692751,0.196421,-1293.772949,0.020553,0.000000
15.350000,25.106468,-1293.861938,-0.002539,0.000774,0.019660,111.679146,5.689207,0.196603,-1293.861938,0.020570,0.000000
15.360001,25.112801,-1293.861938,-0.002548,0.000775,0.019686,111.707314,5.690642,0.196860,-1293.861938,0.020588,0.000000
15.370001,25.115776,-1293.817383,-0.002539,0.000776,0.019703,111.720551,5.691316,0.197026,-1293.817383,0.020605,0.000000
15.380001,25.140358,-1293.906372,-0.002522,0.000776,0.019712,111.829895,5.696887,0.197117,-1293.906372,0.020623,0.000000
15.390000,25.131790,-1293.772949,-0.002535,0.000776,0.019721,111.791786,5.694945,0.197208,-1293.772949,0.020640,0.000000
15.400001,25.127693,-1293.950806,-0.002535,0.000776,0.019721,111.773560,5.694016,0.197208,-1293.950806,0.020649,0.000000
15.410001,25.124344,-1293.861938,-0.002527,0.000777,0.019737,111.758659,5.693258,0.197375,-1293.861938,0.020666,0.000000
15.420001,25.116898,-1293.861938,-0.002535,0.000777,0.019747,111.725540,5.691570,0.197466,-1293.861938,0.020684,0.000000
15.430000,25.103493,-1293.861938,-0.002522,0.000778,0.019765,111.665916,5.688533,0.197647,-1293.861938,0.020700,0.000000
15.440001,25.116150,-1293.861938,-0.002527,0.000778,0.019772,111.722214,5.691401,0.197723,-1293.861938,0.020719,0.000000
15.450001,25.102745,-1293.906372,-0.002522,0.000779,0.019781,111.662590,5.688364,0.197814,-1293.906372,0.020735,0.000000
15.460001,25.086731,-1293.861938,-0.002539,0.000780,0.019807,111.591354,5.684734,0.198071,-1293.861938,0.020753,0.000000
15.470000,25.113914,-1293.817383,-0.002518,0.000781,0.019825,111.712273,5.690895,0.198253,-1293.817383,0.020770,0.000000
15.480000,25.118385,-1293.906372,-0.002531,0.000781,0.019825,111.732155,5.691908,0.198253,-1293.906372,0.020787,0.000000
15.490001,25.120995,-1293.772949,-0.002531,0.000781,0.019825,111.743767,5.692499,0.198253,-1293.772949,0.020805,0.000000
15.500001,25.096413,-1293.906372,-0.002531,0.000781,0.019833,111.634422,5.686928,0.198328,-1293.906372,0.020821,0.000000
15.510001,25.074074,-1293.861938,-0.002518,0.000781,0.019842,111.535049,5.681867,0.198419,-1293.861938,0.020840,0.000000
15.520000,25.059547,-1293.772949,-0.002522,0.000782,0.019860,111.470436,5.678575,0.198601,-1293.772949,0.020856,0.000000
15.530001,25.051727,-1293.861938,-0.002527,0.000783,0.019893,111.435646,5.676803,0.198934,-1293.861938,0.020865,0.000000
15.540001,25.075562,-1293.861938,-0.002522,0.000784,0.019921,111.541672,5.682203,0.199207,-1293.861938,0.020882,0.000000
15.550001,25.105721,-1293.906372,-0.002509,0.000785,0.019928,111.675819,5.689038,0.199282,-1293.906372,0.020900,0.000000
15.560000,25.117638,-1293.861938,-0.002509,0.000785,0.019946,111.728836,5.691738,0.199464,-1293.861938,0.020917,0.000000
15.570001,25.127693,-1293.861938,-0.002527,0.000787,0.019989,111.773560,5.694016,0.199888,-1293.861938,0.020935,0.000000
15.580001,25.166046,-1293.906372,-0.002501,0.000788,0.020016,111.944160,5.702707,0.200160,-1293.906372,0.020952,0.000000
15.590001,25.227859,-1293.817383,-0.002509,0.000789,0.020033,112.219124,5.716714,0.200327,-1293.817383,0.020970,0.000000
15.600000,25.251694,-1293.906372,-0.002501,0.000789,0.020033,112.325142,5.722116,0.200327,-1293.906372,0.020986,0.000000
15.610001,25.263237,-1293.861938,-0.002522,0.000789,0.020033,112.376488,5.724731,0.200327,-1293.861938,0.021005,0.000000
15.620001,25.254303,-1293.906372,-0.002505,0.000789,0.020042,112.336754,5.722707,0.200418,-1293.906372,0.021021,0.000000
15.630001,25.227493,-1293.861938,-0.002531,0.000790,0.020068,112.217491,5.716632,0.200675,-1293.861938,0.021039,0.000000
15.640000,25.232704,-1293.817383,-0.002518,0.000790,0.020077,112.240677,5.717813,0.200766,-1293.817383,0.021056,0.000000
15.650001,25.249458,-1293.861938,-0.002514,0.000790,0.020077,112.315201,5.721609,0.200766,-1293.861938,0.021073,0.000000
15.660001,25.234940,-1293.817383,-0.002522,0.000791,0.020084,112.250618,5.718319,0.200842,-1293.817383,0.021082,0.000000
15.670001,25.198074,-1293.861938,-0.002505,0.000791,0.020093,112.086632,5.709965,0.200933,-1293.861938,0.021100,0.000000
15.680000,25.162323,-1293.906372,-0.002509,0.000791,0.020102,111.927605,5.701864,0.201023,-1293.906372,0.021117,0.000000
15.690001,25.142586,-1293.772949,-0.002509,0.000792,0.020128,111.839806,5.697392,0.201281,-1293.772949,0.021135,0.000000
15.700001,25.139610,-1293.861938,-0.002518,0.000794,0.020163,111.826569,5.696717,0.201629,-1293.861938,0.021152,0.000000
15.710001,25.187645,-1293.817383,-0.002509,0.000794,0.020180,112.040237,5.707602,0.201795,-1293.817383,0.021170,0.000000
15.720001,25.221901,-1293.861938,-0.002505,0.000796,0.020214,112.192619,5.715364,0.202144,-1293.861938,0.021186,0.000000
15.730000,25.261002,-1293.861938,-0.002518,0.000798,0.020258,112.366547,5.724225,0.202583,-1293.861938,0.021203,0.000000
15.740001,25.335480,-1293.772949,-0.002509,0.000799,0.020284,112.697845,5.741102,0.202840,-1293.772949,0.021221,0.000000
15.750001,25.398033,-1293.861938,-0.002509,0.000799,0.020293,112.976097,5.755276,0.202931,-1293.861938,0.021238,0.000000
15.760001,25.418144,-1293.861938,-0.002505,0.000800,0.020310,113.065552,5.759834,0.203097,-1293.861938,0.021256,0.000000
15.770000,25.432671,-1293.906372,-0.002505,0.000800,0.020319,113.130173,5.763125,0.203188,-1293.906372,0.021273,0.000000
15.780001,25.446815,-1293.861938,-0.002514,0.000800,0.020319,113.193092,5.766331,0.203188,-1293.861938,0.021291,0.000000
15.790001,25.433037,-1293.817383,-0.002501,0.000800,0.020328,113.131798,5.763209,0.203279,-1293.817383,0.021298,0.000000
15.800001,25.418892,-1293.861938,-0.002509,0.000801,0.020354,113.068878,5.760004,0.203537,-1293.861938,0.021317,0.000000
15.810000,25.420753,-1293.861938,-0.002501,0.000802,0.020379,113.077156,5.760425,0.203794,-1293.861938,0.021333,0.000000
15.820001,25.447563,-1293.861938,-0.002501,0.000803,0.020388,113.196411,5.766500,0.203885,-1293.861938,0.021351,0.000000
15.830001,25.463203,-1293.861938,-0.002509,0.000803,0.020398,113.265984,5.770044,0.203976,-1293.861938,0.021368,0.000000
15.840001,25.458359,-1293.861938,-0.002505,0.000803,0.020398,113.244438,5.768947,0.203976,-1293.861938,0.021386,0.000000
15.850000,25.444214,-1293.861938,-0.002492,0.000803,0.020405,113.181519,5.765741,0.204051,-1293.861938,0.021403,0.000000
15.860001,25.436760,-1293.817383,-0.002496,0.000804,0.020414,113.148361,5.764052,0.204142,-1293.817383,0.021421,0.000000
15.870001,25.420753,-1293.817383,-0.002496,0.000804,0.020432,113.077156,5.760425,0.204324,-1293.817383,0.021438,0.000000
15.880001,25.399895,-1293.861938,-0.002488,0.000805,0.020449,112.984375,5.755699,0.204490,-1293.861938,0.021456,0.000000
15.890000,25.415169,-1293.817383,-0.002496,0.000807,0.020493,113.052315,5.759160,0.204929,-1293.817383,0.021472,0.000000
15.900001,25.452774,-1293.861938,-0.002496,0.000808,0.020528,113.219597,5.767681,0.205278,-1293.861938,0.021489,0.000000
15.910001,25.527992,-1293.861938,-0.002501,0.000808,0.020528,113.554184,5.784726,0.205278,-1293.861938,0.021498,0.000000
15.920001,25.548843,-1293.861938,-0.002501,0.000808,0.020535,113.646935,5.789451,0.205353,-1293.861938,0.021516,0.000000
15.930000,25.553688,-1293.906372,-0.002488,0.000809,0.020544,113.668480,5.790548,0.205444,-1293.906372,0.021533,0.000000
15.940001,25.538422,-1293.906372,-0.002488,0.000809,0.020553,113.600571,5.787089,0.205535,-1293.906372,0.021551,0.000000
15.950001,25.537300,-1293.906372,-0.002501,0.000810,0.020563,113.595581,5.786835,0.205626,-1293.906372,0.021568,0.000000
15.960001,25.525391,-1293.861938,-0.002492,0.000810,0.020570,113.542610,5.784136,0.205701,-1293.861938,0.021584,0.000000
15.970001,25.509003,-1293.861938,-0.002496,0.000810,0.020579,113.469711,5.780423,0.205792,-1293.861938,0.021603,0.000000
15.980000,25.495224,-1293.950806,-0.002483,0.000811,0.020596,113.408417,5.777300,0.205959,-1293.950806,0.021619,0.000000
15.990001,25.500809,-1293.817383,-0.002496,0.000812,0.020614,113.433266,5.778566,0.206141,-1293.817383,0.021637,0.000000
16.000000,25.518684,-1293.861938,-0.002488,0.000812,0.020623,113.512779,5.782617,0.206231,-1293.861938,0.021654,0.000000
16.010000,25.512726,-1293.861938,-0.002492,0.000812,0.020623,113.486275,5.781267,0.206231,-1293.861938,0.021672,0.000000
16.020000,25.502670,-1293.772949,-0.002479,0.000812,0.020631,113.441544,5.778988,0.206307,-1293.772949,0.021689,0.000000
16.030001,25.482941,-1293.817383,-0.002496,0.000813,0.020658,113.353783,5.774517,0.206580,-1293.817383,0.021707,0.000000
16.040001,25.481071,-1293.861938,-0.002492,0.000814,0.020666,113.345467,5.774093,0.206655,-1293.861938,0.021715,0.000000
16.050001,25.492622,-1293.950806,-0.002475,0.000814,0.020684,113.396851,5.776711,0.206837,-1293.950806,0.021733,0.000000
16.060001,25.505653,-1293.906372,-0.002496,0.000815,0.020691,113.454811,5.779664,0.206913,-1293.906372,0.021750,0.000000
16.070002,25.513100,-1293.817383,-0.002483,0.000815,0.020709,113.487938,5.781351,0.207094,-1293.817383,0.021768,0.000000
16.080000,25.514214,-1293.906372,-0.002483,0.000816,0.020726,113.492889,5.781603,0.207261,-1293.906372,0.021784,0.000000
16.090000,25.517937,-1293.817383,-0.002492,0.000816,0.020735,113.509453,5.782447,0.207352,-1293.817383,0.021803,0.000000
16.100000,25.528366,-1293.906372,-0.002479,0.000817,0.020744,113.555847,5.784810,0.207443,-1293.906372,0.021819,0.000000
16.110001,25.527992,-1293.861938,-0.002471,0.000817,0.020761,113.554184,5.784726,0.207609,-1293.861938,0.021837,0.000000
16.120001,25.524643,-1293.906372,-0.002475,0.000818,0.020787,113.539284,5.783967,0.207866,-1293.906372,0.021854,0.000000
16.130001,25.531715,-1293.817383,-0.002466,0.000819,0.020805,113.570740,5.785569,0.208048,-1293.817383,0.021871,0.000000
16.140001,25.566345,-1293.817383,-0.002475,0.000819,0.020814,113.724785,5.793417,0.208139,-1293.817383,0.021889,0.000000
16.150002,25.579758,-1293.861938,-0.002483,0.000819,0.020814,113.784447,5.796456,0.208139,-1293.861938,0.021905,0.000000
16.160000,25.583107,-1293.861938,-0.002488,0.000819,0.020814,113.799347,5.797215,0.208139,-1293.861938,0.021924,0.000000
16.170000,25.553688,-1293.772949,-0.002479,0.000820,0.020821,113.668480,5.790548,0.208215,-1293.772949,0.021933,0.000000
16.180000,25.540657,-1293.906372,-0.002483,0.000820,0.020831,113.610519,5.787595,0.208305,-1293.906372,0.021949,0.000000
16.190001,25.525017,-1293.772949,-0.002479,0.000820,0.020840,113.540947,5.784051,0.208396,-1293.772949,0.021966,0.000000
16.200001,25.513474,-1293.861938,-0.002479,0.000821,0.020849,113.489601,5.781436,0.208487,-1293.861938,0.021984,0.000000
16.210001,25.503418,-1293.817383,-0.002466,0.000821,0.020865,113.444870,5.779157,0.208654,-1293.817383,0.022001,0.000000
16.220001,25.510117,-1293.817383,-0.002483,0.000822,0.020882,113.474663,5.780675,0.208820,-1293.817383,0.022019,0.000000
16.230001,25.508629,-1293.861938,-0.002479,0.000824,0.020935,113.468048,5.780338,0.209350,-1293.861938,0.022036,0.000000
16.240002,25.559647,-1293.817383,-0.002462,0.000825,0.020952,113.694984,5.791899,0.209517,-1293.817383,0.022054,0.000000
16.250000,25.619225,-1293.906372,-0.002462,0.000826,0.020970,113.959999,5.805399,0.209698,-1293.906372,0.022070,0.000000
16.260000,25.642311,-1293.950806,-0.002471,0.000827,0.021005,114.062698,5.810631,0.210047,-1293.950806,0.022089,0.000000
16.270000,25.681038,-1293.772949,-0.002479,0.000830,0.021073,114.234962,5.819407,0.210728,-1293.772949,0.022105,0.000000
16.280001,25.781952,-1293.906372,-0.002462,0.000832,0.021135,114.683853,5.842274,0.211349,-1293.906372,0.022123,0.000000
16.290001,25.927925,-1293.906372,-0.002471,0.000834,0.021177,115.333168,5.875352,0.211772,-1293.906372,0.022140,0.000000
16.300001,26.055649,-1293.861938,-0.002475,0.000836,0.021230,115.901314,5.904294,0.212302,-1293.861938,0.022149,0.000000
16.310001,26.190445,-1293.906372,-0.002471,0.000836,0.021247,116.500916,5.934840,0.212469,-1293.906372,0.022166,0.000000
16.320002,26.261192,-1293.906372,-0.002475,0.000837,0.021256,116.815620,5.950871,0.212560,-1293.906372,0.022184,0.000000
16.330000,26.273483,-1293.950806,-0.002466,0.000837,0.021265,116.870293,5.953657,0.212651,-1293.950806,0.022201,0.000000
16.340000,26.280190,-1293.772949,-0.002466,0.000838,0.021291,116.900124,5.955176,0.212908,-1293.772949,0.022219,0.000000
16.350000,26.304016,-1293.906372,-0.002466,0.000838,0.021291,117.006111,5.960575,0.212908,-1293.906372,0.022235,0.000000
16.360001,26.323006,-1293.817383,-0.002462,0.000839,0.021298,117.090576,5.964879,0.212984,-1293.817383,0.022254,0.000000
16.370001,26.313698,-1293.817383,-0.002453,0.000839,0.021307,117.049171,5.962769,0.213074,-1293.817383,0.022270,0.000000
16.380001,26.292099,-1293.861938,-0.002458,0.000839,0.021317,116.953094,5.957875,0.213165,-1293.861938,0.022287,0.000000
16.390001,26.279442,-1293.861938,-0.002449,0.000839,0.021317,116.896797,5.955007,0.213165,-1293.861938,0.022305,0.000000
16.400002,26.260826,-1293.950806,-0.002445,0.000839,0.021317,116.813988,5.950788,0.213165,-1293.950806,0.022322,0.000000
16.410000,26.236992,-1293.861938,-0.002462,0.000839,0.021317,116.707970,5.945387,0.213165,-1293.861938,0.022340,0.000000
16.420000,26.208321,-1293.861938,-0.002449,0.000839,0.021317,116.580429,5.938890,0.213165,-1293.861938,0.022357,0.000000
16.430000,26.176666,-1293.950806,-0.002466,0.000839,0.021317,116.439629,5.931717,0.213165,-1293.950806,0.022366,0.000000
16.440001,26.145386,-1293.817383,-0.002458,0.000839,0.021317,116.300484,5.924629,0.213165,-1293.817383,0.022382,0.000000
16.450001,26.117462,-1293.906372,-0.002449,0.000840,0.021333,116.176277,5.918302,0.213332,-1293.906372,0.022401,0.000000
16.460001,26.105919,-1293.861938,-0.002466,0.000841,0.021360,116.124924,5.915686,0.213604,-1293.861938,0.022417,0.000000
16.470001,26.094002,-1293.772949,-0.002449,0.000843,0.021412,116.071915,5.912985,0.214119,-1293.772949,0.022435,0.000000
16.480001,26.141663,-1293.817383,-0.002458,0.000845,0.021456,116.283920,5.923785,0.214558,-1293.817383,0.022452,0.000000
16.490002,26.233269,-1293.817383,-0.002445,0.000846,0.021482,116.691406,5.944543,0.214815,-1293.817383,0.022470,0.000000
16.500000,26.295082,-1293.906372,-0.002449,0.000847,0.021524,116.966370,5.958550,0.215239,-1293.906372,0.022487,0.000000
16.510000,26.359871,-1293.861938,-0.002449,0.000849,0.021559,117.254562,5.973232,0.215588,-1293.861938,0.022505,0.000000
16.520000,26.441422,-1293.861938,-0.002449,0.000850,0.021584,117.617317,5.991712,0.215845,-1293.861938,0.022522,0.000000
16.530001,26.482384,-1293.861938,-0.002462,0.000851,0.021612,117.799522,6.000994,0.216118,-1293.861938,0.022540,0.000000
16.540001,26.535263,-1293.906372,-0.002445,0.000851,0.021619,118.034744,6.012977,0.216193,-1293.906372,0.022556,0.000000
16.550001,26.555000,-1293.861938,-0.002432,0.000852,0.021628,118.122543,6.017449,0.216284,-1293.861938,0.022566,0.000000
16.560001,26.571007,-1293.772949,-0.002445,0.000852,0.021637,118.193741,6.021076,0.216375,-1293.772949,0.022582,0.000000
16.570002,26.561699,-1293.861938,-0.002432,0.000852,0.021647,118.152336,6.018967,0.216466,-1293.861938,0.022600,0.000000
16.580000,26.541595,-1293.861938,-0.002449,0.000853,0.021654,118.062912,6.014411,0.216541,-1293.861938,0.022617,0.000000
16.590000,26.522598,-1293.906372,-0.002449,0.000853,0.021654,117.978409,6.010107,0.216541,-1293.906372,0.022635,0.000000
16.600000,26.500633,-1293.950806,-0.002436,0.000853,0.021654,117.880707,6.005129,0.216541,-1293.950806,0.022652,0.000000
16.610001,26.482384,-1293.906372,-0.002453,0.000853,0.021654,117.799522,6.000994,0.216541,-1293.906372,0.022668,0.000000
16.620001,26.449242,-1293.906372,-0.002445,0.000853,0.021654,117.652100,5.993484,0.216541,-1293.906372,0.022687,0.000000
16.630001,26.420944,-1293.817383,-0.002436,0.000854,0.021680,117.526230,5.987072,0.216799,-1293.817383,0.022703,0.000000
16.640001,26.430252,-1293.861938,-0.002440,0.000855,0.021715,117.567635,5.989181,0.217147,-1293.861938,0.022721,0.000000
16.650002,26.441048,-1293.906372,-0.002436,0.000855,0.021715,117.615654,5.991627,0.217147,-1293.906372,0.022738,0.000000
16.660000,26.451851,-1293.861938,-0.002449,0.000855,0.021715,117.663712,5.994075,0.217147,-1293.861938,0.022756,0.000000
16.670000,26.436958,-1293.906372,-0.002440,0.000855,0.021715,117.597466,5.990700,0.217147,-1293.906372,0.022773,0.000000
16.680000,26.420570,-1293.861938,-0.002440,0.000855,0.021724,117.524567,5.986987,0.217238,-1293.861938,0.022782,0.000000
16.690001,26.388916,-1293.861938,-0.002440,0.000856,0.021742,117.383759,5.979814,0.217420,-1293.861938,0.022799,0.000000
16.700001,26.383331,-1293.906372,-0.002445,0.000857,0.021768,117.358917,5.978548,0.217677,-1293.906372,0.022817,0.000000
16.710001,26.370300,-1293.861938,-0.002436,0.000858,0.021793,117.300957,5.975595,0.217934,-1293.861938,0.022834,0.000000
16.720001,26.408279,-1293.861938,-0.002427,0.000858,0.021793,117.469894,5.984202,0.217934,-1293.861938,0.022852,0.000000
16.730001,26.413498,-1293.906372,-0.002449,0.000858,0.021793,117.493103,5.985384,0.217934,-1293.906372,0.022868,0.000000
16.740002,26.395996,-1293.772949,-0.002432,0.000858,0.021793,117.415253,5.981418,0.217934,-1293.772949,0.022887,0.000000
16.750000,26.374397,-1293.906372,-0.002436,0.000858,0.021793,117.319176,5.976523,0.217934,-1293.906372,0.022903,0.000000
16.760000,26.354286,-1293.861938,-0.002449,0.000858,0.021793,117.229721,5.971967,0.217934,-1293.861938,0.022921,0.000000
16.770000,26.337158,-1293.861938,-0.002427,0.000859,0.021828,117.153534,5.968085,0.218282,-1293.861938,0.022938,0.000000
16.780001,26.325989,-1293.906372,-0.002440,0.000861,0.021863,117.103844,5.965554,0.218631,-1293.906372,0.022956,0.000000
16.790001,26.348328,-1293.817383,-0.002432,0.000862,0.021898,117.203217,5.970616,0.218979,-1293.817383,0.022973,0.000000
16.800001,26.413124,-1293.906372,-0.002419,0.000863,0.021924,117.491447,5.985299,0.219236,-1293.906372,0.022989,0.000000
16.810001,26.470840,-1293.861938,-0.002432,0.000864,0.021940,117.748177,5.998378,0.219403,-1293.861938,0.022999,0.000000
16.820002,26.488716,-1293.817383,-0.002432,0.000864,0.021949,117.827698,6.002429,0.219494,-1293.817383,0.023017,0.000000
16.830000,26.496536,-1293.861938,-0.002432,0.000865,0.021975,117.862480,6.004201,0.219751,-1293.861938,0.023033,0.000000
16.840000,26.493553,-1293.861938,-0.002414,0.000866,0.021993,117.849213,6.003525,0.219933,-1293.861938,0.023052,0.000000
16.850000,26.537865,-1293.817383,-0.002419,0.000866,0.021993,118.046318,6.013566,0.219933,-1293.817383,0.023068,0.000000
16.860001,26.542709,-1293.861938,-0.002414,0.000866,0.022001,118.067871,6.014664,0.220008,-1293.861938,0.023085,0.000000
16.870001,26.516273,-1293.817383,-0.002414,0.000866,0.022001,117.950272,6.008674,0.220008,-1293.817383,0.023103,0.000000
16.880001,26.505844,-1293.906372,-0.002423,0.000866,0.022001,117.903885,6.006310,0.220008,-1293.906372,0.023120,0.000000
16.890001,26.484993,-1293.861938,-0.002419,0.000868,0.022036,117.811134,6.001585,0.220357,-1293.861938,0.023138,0.000000
16.900002,26.499886,-1293.906372,-0.002414,0.000870,0.022089,117.877380,6.004960,0.220886,-1293.906372,0.023154,0.000000
16.910002,26.555740,-1293.817383,-0.002427,0.000870,0.022096,118.125832,6.017617,0.220962,-1293.817383,0.023173,0.000000
16.920000,26.598938,-1293.817383,-0.002432,0.000870,0.022096,118.317986,6.027405,0.220962,-1293.817383,0.023189,0.000000
16.930000,26.584785,-1293.950806,-0.002427,0.000870,0.022096,118.255035,6.024199,0.220962,-1293.950806,0.023207,0.000000
16.940001,26.579575,-1293.817383,-0.002423,0.000870,0.022096,118.231850,6.023018,0.220962,-1293.817383,0.023215,0.000000
16.950001,26.559837,-1293.861938,-0.002410,0.000870,0.022096,118.144058,6.018545,0.220962,-1293.861938,0.023233,0.000000
16.960001,26.535263,-1293.817383,-0.002427,0.000870,0.022096,118.034744,6.012977,0.220962,-1293.817383,0.023250,0.000000
16.970001,26.506592,-1293.861938,-0.002410,0.000870,0.022096,117.907211,6.006480,0.220962,-1293.861938,0.023268,0.000000
16.980001,26.477913,-1293.861938,-0.002402,0.000870,0.022096,117.779640,5.999981,0.220962,-1293.861938,0.023285,0.000000
16.990002,26.446266,-1293.817383,-0.002419,0.000870,0.022096,117.638870,5.992809,0.220962,-1293.817383,0.023303,0.000000
17.000000,26.430626,-1293.906372,-0.002414,0.000870,0.022105,117.569298,5.989265,0.221053,-1293.906372,0.023319,0.000000
17.010000,26.400459,-1293.772949,-0.002423,0.000871,0.022114,117.435104,5.982430,0.221144,-1293.772949,0.023338,0.000000
17.020000,26.392647,-1293.861938,-0.002414,0.000871,0.022123,117.400360,5.980659,0.221235,-1293.861938,0.023354,0.000000
17.030001,26.369186,-1293.906372,-0.002419,0.000871,0.022123,117.295998,5.975343,0.221235,-1293.906372,0.023371,0.000000
17.040001,26.351685,-1293.817383,-0.002406,0.000871,0.022131,117.218147,5.971377,0.221310,-1293.817383,0.023389,0.000000
17.050001,26.327103,-1293.861938,-0.002427,0.000872,0.022140,117.108803,5.965806,0.221401,-1293.861938,0.023406,0.000000
17.060001,26.292099,-1293.861938,-0.002414,0.000872,0.022149,116.953094,5.957875,0.221492,-1293.861938,0.023424,0.000000
17.070002,26.294334,-1293.861938,-0.002419,0.000872,0.022149,116.963043,5.958381,0.221492,-1293.861938,0.023433,0.000000
17.080000,26.270134,-1293.861938,-0.002410,0.000872,0.022149,116.855392,5.952898,0.221492,-1293.861938,0.023450,0.000000
17.090000,26.253746,-1293.906372,-0.002406,0.000872,0.022149,116.782494,5.949184,0.221492,-1293.906372,0.023466,0.000000
17.100000,26.222099,-1293.861938,-0.002402,0.000872,0.022149,116.641724,5.942012,0.221492,-1293.861938,0.023485,0.000000
17.110001,26.213158,-1293.861938,-0.002406,0.000872,0.022149,116.601952,5.939986,0.221492,-1293.861938,0.023501,0.000000
17.120001,26.180763,-1293.861938,-0.002410,0.000872,0.022149,116.457848,5.932646,0.221492,-1293.861938,0.023519,0.000000
17.130001,26.152466,-1293.906372,-0.002423,0.000872,0.022149,116.331978,5.926233,0.221492,-1293.906372,0.023536,0.000000
17.140001,26.132355,-1293.817383,-0.002397,0.000872,0.022149,116.242523,5.921677,0.221492,-1293.817383,0.023554,0.000000
17.150002,26.109642,-1293.861938,-0.002414,0.000872,0.022149,116.141487,5.916529,0.221492,-1293.861938,0.023571,0.000000
17.160002,26.076126,-1293.861938,-0.002406,0.000872,0.022149,115.992401,5.908935,0.221492,-1293.861938,0.023589,0.000000
17.170000,26.062347,-1293.861938,-0.002397,0.000872,0.022158,115.931114,5.905812,0.221583,-1293.861938,0.023606,0.000000
17.180000,26.029205,-1293.906372,-0.002414,0.000872,0.022158,115.783691,5.898302,0.221583,-1293.906372,0.023624,0.000000
17.190001,26.000534,-1293.817383,-0.002406,0.000872,0.022158,115.656151,5.891805,0.221583,-1293.817383,0.023640,0.000000
17.200001,25.980797,-1293.906372,-0.002410,0.000872,0.022158,115.568359,5.887333,0.221583,-1293.906372,0.023650,0.000000
17.210001,25.956223,-1293.861938,-0.002393,0.000872,0.022158,115.459045,5.881764,0.221583,-1293.861938,0.023666,0.000000
17.220001,25.930153,-1293.906372,-0.002397,0.000874,0.022192,115.343079,5.875857,0.221916,-1293.906372,0.023684,0.000000
17.230001,25.904839,-1293.906372,-0.002414,0.000877,0.022270,115.230476,5.870121,0.222703,-1293.906372,0.023701,0.000000
17.240002,25.971863,-1293.861938,-0.002406,0.000880,0.022349,115.528618,5.885308,0.223490,-1293.861938,0.023719,0.000000
17.250000,26.121185,-1293.906372,-0.002402,0.000886,0.022496,116.192833,5.919145,0.224959,-1293.906372,0.023736,0.000000
17.260000,26.425415,-1293.861938,-0.002419,0.000893,0.022678,117.546120,5.988084,0.226776,-1293.861938,0.023754,0.000000
17.270000,26.906517,-1293.861938,-0.002393,0.000898,0.022808,119.686165,6.097104,0.228078,-1293.861938,0.023771,0.000000
17.280001,27.330276,-1293.861938,-0.002402,0.000900,0.022861,121.571144,6.193129,0.228608,-1293.861938,0.023787,0.000000
17.290001,27.568222,-1293.817383,-0.002402,0.000900,0.022861,122.629578,6.247048,0.228608,-1293.817383,0.023805,0.000000
17.300001,27.628922,-1293.906372,-0.002389,0.000900,0.022861,122.899582,6.260803,0.228608,-1293.906372,0.023822,0.000000
17.310001,27.629662,-1293.861938,-0.002389,0.000900,0.022861,122.902870,6.260971,0.228608,-1293.861938,0.023840,0.000000
17.320002,27.605087,-1293.906372,-0.002384,0.000900,0.022861,122.793564,6.255402,0.228608,-1293.906372,0.023849,0.000000
17.330000,27.588707,-1293.906372,-0.002380,0.000901,0.022877,122.720695,6.251690,0.228774,-1293.906372,0.023866,0.000000
17.340000,27.573433,-1293.772949,-0.002380,0.000902,0.022912,122.652756,6.248229,0.229122,-1293.772949,0.023883,0.000000
17.350000,27.601364,-1293.817383,-0.002384,0.000903,0.022929,122.777000,6.254559,0.229289,-1293.817383,0.023901,0.000000
17.360001,27.641579,-1293.817383,-0.002397,0.000903,0.022947,122.955879,6.263671,0.229471,-1293.817383,0.023918,0.000000
17.370001,27.636742,-1293.861938,-0.002376,0.000905,0.022989,122.934364,6.262575,0.229895,-1293.861938,0.023936,0.000000
17.380001,27.683655,-1293.950806,-0.002389,0.000906,0.023024,123.143044,6.273206,0.230243,-1293.950806,0.023952,0.000000
17.390001,27.751801,-1293.817383,-0.002384,0.000907,0.023033,123.446175,6.288648,0.230334,-1293.817383,0.023970,0.000000
17.400002,27.778244,-1293.906372,-0.002376,0.000907,0.023033,123.563797,6.294640,0.230334,-1293.906372,0.023987,0.000000
17.410002,27.764465,-1293.861938,-0.002397,0.000907,0.023033,123.502510,6.291518,0.230334,-1293.861938,0.024005,0.000000
17.420000,27.741745,-1293.772949,-0.002376,0.000907,0.023033,123.401443,6.286369,0.230334,-1293.772949,0.024022,0.000000
17.430000,27.718658,-1293.950806,-0.002393,0.000907,0.023033,123.298752,6.281137,0.230334,-1293.950806,0.024040,0.000000
17.440001,27.692596,-1293.817383,-0.002384,0.000907,0.023042,123.182823,6.275232,0.230424,-1293.817383,0.024057,0.000000
17.450001,27.644188,-1293.861938,-0.002384,0.000908,0.023052,122.967491,6.264263,0.230515,-1293.861938,0.024066,0.000000
17.460001,27.614021,-1293.906372,-0.002389,0.000908,0.023059,122.833298,6.257427,0.230591,-1293.906372,0.024083,0.000000
17.470001,27.592056,-1293.906372,-0.002371,0.000909,0.023077,122.735596,6.252449,0.230773,-1293.906372,0.024101,0.000000
17.480001,27.589073,-1293.861938,-0.002380,0.000911,0.023129,122.722328,6.251773,0.231287,-1293.861938,0.024117,0.000000
17.490002,27.614021,-1293.817383,-0.002380,0.000914,0.023215,122.833298,6.257427,0.232150,-1293.817383,0.024136,0.000000
17.500000,27.774521,-1293.861938,-0.002389,0.000915,0.023250,123.547241,6.293797,0.232499,-1293.861938,0.024152,0.000000
17.510000,27.890327,-1293.817383,-0.002367,0.000916,0.023259,124.062370,6.320038,0.232589,-1293.817383,0.024169,0.000000
17.520000,27.924210,-1293.861938,-0.002371,0.000916,0.023276,124.213089,6.327716,0.232756,-1293.861938,0.024187,0.000000
17.530001,27.943573,-1293.950806,-0.002380,0.000917,0.023294,124.299217,6.332104,0.232938,-1293.950806,0.024204,0.000000
17.540001,27.952881,-1293.861938,-0.002363,0.000918,0.023310,124.340622,6.334213,0.233104,-1293.861938,0.024222,0.000000
17.550001,27.969269,-1293.906372,-0.002367,0.000918,0.023310,124.413521,6.337927,0.233104,-1293.906372,0.024238,0.000000
17.560001,27.952881,-1293.817383,-0.002367,0.000918,0.023310,124.340622,6.334213,0.233104,-1293.817383,0.024257,0.000000
17.570002,27.935379,-1293.861938,-0.002350,0.000918,0.023319,124.262772,6.330247,0.233195,-1293.861938,0.024273,0.000000
17.580000,27.897774,-1293.950806,-0.002350,0.000918,0.023329,124.095497,6.321726,0.233286,-1293.950806,0.024282,0.000000
17.590000,27.866493,-1293.817383,-0.002363,0.000919,0.023345,123.956352,6.314638,0.233452,-1293.817383,0.024299,0.000000
17.600000,27.851974,-1293.817383,-0.002358,0.000920,0.023363,123.891769,6.311347,0.233634,-1293.817383,0.024317,0.000000
17.610001,27.842659,-1293.817383,-0.002367,0.000920,0.023371,123.850334,6.309237,0.233710,-1293.817383,0.024334,0.000000
17.620001,27.841171,-1293.861938,-0.002367,0.000920,0.023380,123.843712,6.308900,0.233801,-1293.861938,0.024352,0.000000
17.630001,27.823669,-1293.906372,-0.002371,0.000921,0.023406,123.765862,6.304934,0.234058,-1293.906372,0.024369,0.000000
17.640001,27.812500,-1293.861938,-0.002371,0.000922,0.023424,123.716179,6.302403,0.234240,-1293.861938,0.024387,0.000000
17.650002,27.840424,-1293.906372,-0.002371,0.000923,0.023450,123.840385,6.308730,0.234497,-1293.906372,0.024403,0.000000
17.660002,27.859787,-1293.950806,-0.002363,0.000924,0.023466,123.926521,6.313118,0.234663,-1293.950806,0.024422,0.000000
17.670000,27.862770,-1293.906372,-0.002371,0.000925,0.023485,123.939789,6.313794,0.234845,-1293.906372,0.024438,0.000000
17.680000,27.862022,-1293.906372,-0.002350,0.000926,0.023519,123.936462,6.313625,0.235193,-1293.906372,0.024455,0.000000
17.690001,27.904846,-1293.861938,-0.002358,0.000928,0.023562,124.126953,6.323328,0.235617,-1293.861938,0.024473,0.000000
17.700001,27.973366,-1293.906372,-0.002367,0.000928,0.023571,124.431747,6.338855,0.235708,-1293.906372,0.024490,0.000000
17.710001,28.003151,-1293.906372,-0.002358,0.000928,0.023571,124.564240,6.345605,0.235708,-1293.906372,0.024499,0.000000
17.720001,27.987885,-1293.817383,-0.002345,0.000928,0.023571,124.496330,6.342145,0.235708,-1293.817383,0.024517,0.000000
17.730001,27.963310,-1293.861938,-0.002350,0.000929,0.023589,124.387016,6.336576,0.235890,-1293.861938,0.024534,0.000000
17.740002,27.942085,-1293.772949,-0.002354,0.000929,0.023606,124.292603,6.331767,0.236056,-1293.772949,0.024552,0.000000
17.750000,27.930916,-1293.950806,-0.002363,0.000930,0.023624,124.242920,6.329236,0.236238,-1293.950806,0.024569,0.000000
17.760000,27.939476,-1293.950806,-0.002341,0.000931,0.023640,124.280998,6.331176,0.236405,-1293.950806,0.024585,0.000000
17.770000,27.951019,-1293.861938,-0.002341,0.000931,0.023657,124.332344,6.333791,0.236571,-1293.861938,0.024603,0.000000
17.780001,27.965546,-1293.861938,-0.002358,0.000932,0.023675,124.396957,6.337083,0.236753,-1293.861938,0.024620,0.000000
17.790001,27.992729,-1293.817383,-0.002350,0.000933,0.023692,124.517876,6.343243,0.236919,-1293.817383,0.024638,0.000000
17.800001,27.983421,-1293.906372,-0.002354,0.000933,0.023710,124.476479,6.341134,0.237101,-1293.906372,0.024655,0.000000
17.810001,27.978203,-1293.817383,-0.002363,0.000934,0.023719,124.453262,6.339952,0.237192,-1293.817383,0.024673,0.000000
17.820002,27.976341,-1293.861938,-0.002350,0.000934,0.023727,124.444984,6.339530,0.237267,-1293.861938,0.024690,0.000000
17.830000,27.973740,-1293.906372,-0.002337,0.000935,0.023745,124.433411,6.338940,0.237449,-1293.906372,0.024708,0.000000
17.840000,27.965546,-1293.817383,-0.002354,0.000936,0.023771,124.396957,6.337083,0.237707,-1293.817383,0.024715,0.000000
17.850000,27.964798,-1293.861938,-0.002333,0.000937,0.023805,124.393631,6.336914,0.238055,-1293.861938,0.024734,0.000000
17.860001,28.010971,-1293.817383,-0.002337,0.000939,0.023840,124.599022,6.347377,0.238403,-1293.817383,0.024750,0.000000
17.870001,28.067200,-1293.817383,-0.002350,0.000939,0.023849,124.849136,6.360118,0.238494,-1293.817383,0.024768,0.000000
17.880001,28.083961,-1293.950806,-0.002337,0.000939,0.023849,124.923698,6.363917,0.238494,-1293.950806,0.024785,0.000000
17.890001,28.070557,-1293.817383,-0.002345,0.000940,0.023866,124.864075,6.360879,0.238660,-1293.817383,0.024803,0.000000
17.900002,28.061615,-1293.861938,-0.002341,0.000940,0.023883,124.824295,6.358853,0.238827,-1293.861938,0.024820,0.000000
17.910002,28.056030,-1293.817383,-0.002333,0.000941,0.023910,124.799454,6.357587,0.239099,-1293.817383,0.024838,0.000000
17.920000,28.061989,-1293.817383,-0.002337,0.000942,0.023936,124.825958,6.358938,0.239357,-1293.817383,0.024855,0.000000
17.930000,28.095871,-1293.950806,-0.002341,0.000944,0.023970,124.976677,6.366615,0.239705,-1293.950806,0.024871,0.000000
17.940001,28.133110,-1293.861938,-0.002333,0.000944,0.023978,125.142326,6.375054,0.239781,-1293.861938,0.024889,0.000000
17.950001,28.151733,-1293.861938,-0.002337,0.000944,0.023987,125.225166,6.379274,0.239872,-1293.861938,0.024906,0.000000
17.960001,28.174446,-1293.861938,-0.002333,0.000944,0.023987,125.326195,6.384421,0.239872,-1293.861938,0.024915,0.000000
17.970001,28.159180,-1293.906372,-0.002328,0.000945,0.023996,125.258286,6.380961,0.239962,-1293.906372,0.024933,0.000000
17.980001,28.122314,-1293.906372,-0.002328,0.000945,0.023996,125.094299,6.372608,0.239962,-1293.906372,0.024950,0.000000
17.990002,28.092148,-1293.950806,-0.002333,0.000945,0.023996,124.960114,6.365771,0.239962,-1293.950806,0.024967,0.000000
18.000000,28.064224,-1293.950806,-0.002333,0.000945,0.024005,124.835907,6.359444,0.240053,-1293.950806,0.024985,0.000000
18.010000,28.036293,-1293.906372,-0.002324,0.000945,0.024013,124.711662,6.353115,0.240129,-1293.906372,0.025002,0.000000
18.020000,28.002785,-1293.906372,-0.002328,0.000946,0.024031,124.562607,6.345521,0.240311,-1293.906372,0.025020,0.000000
18.030001,27.981186,-1293.861938,-0.002337,0.000947,0.024048,124.466530,6.340627,0.240477,-1293.861938,0.025036,0.000000
18.040001,27.984909,-1293.817383,-0.002328,0.000948,0.024073,124.483093,6.341471,0.240734,-1293.817383,0.025054,0.000000
18.050001,27.994965,-1293.861938,-0.002328,0.000949,0.024101,124.527824,6.343750,0.241007,-1293.861938,0.025071,0.000000
18.060001,28.021027,-1293.817383,-0.002328,0.000950,0.024126,124.643753,6.349656,0.241264,-1293.817383,0.025089,0.000000
18.070002,28.051193,-1293.817383,-0.002337,0.000950,0.024126,124.777939,6.356492,0.241264,-1293.817383,0.025106,0.000000
18.080000,28.059013,-1293.906372,-0.002341,0.000950,0.024126,124.812721,6.358263,0.241264,-1293.906372,0.025124,0.000000
18.090000,28.047836,-1293.817383,-0.002320,0.000950,0.024126,124.763008,6.355731,0.241264,-1293.817383,0.025132,0.000000
18.100000,28.011719,-1293.906372,-0.002324,0.000950,0.024126,124.602348,6.347546,0.241264,-1293.906372,0.025150,0.000000
18.110001,27.971878,-1293.861938,-0.002328,0.000950,0.024136,124.425125,6.338518,0.241355,-1293.861938,0.025167,0.000000
18.120001,27.948418,-1293.906372,-0.002333,0.000951,0.024161,124.320770,6.333202,0.241613,-1293.906372,0.025185,0.000000
18.130001,27.925697,-1293.906372,-0.002337,0.000952,0.024187,124.219704,6.328053,0.241870,-1293.906372,0.025201,0.000000
18.140001,27.943573,-1293.861938,-0.002328,0.000953,0.024213,124.299217,6.332104,0.242127,-1293.861938,0.025220,0.000000
18.150002,27.971504,-1293.995361,-0.002315,0.000954,0.024238,124.423462,6.338434,0.242385,-1293.995361,0.025236,0.000000
18.160002,28.013580,-1293.817383,-0.002324,0.000955,0.024257,124.610626,6.347968,0.242566,-1293.817383,0.025253,0.000000
18.170000,28.030708,-1293.817383,-0.002333,0.000956,0.024282,124.686821,6.351849,0.242824,-1293.817383,0.025271,0.000000
18.180000,28.069435,-1293.906372,-0.002302,0.000956,0.024291,124.859085,6.360625,0.242915,-1293.906372,0.025288,0.000000
18.190001,28.082466,-1293.817383,-0.002320,0.000956,0.024291,124.917046,6.363578,0.242915,-1293.817383,0.025306,0.000000
18.200001,28.060875,-1293.817383,-0.002315,0.000956,0.024291,124.821007,6.358685,0.242915,-1293.817383,0.025322,0.000000
18.210001,28.029221,-1293.906372,-0.002302,0.000956,0.024291,124.680199,6.351512,0.242915,-1293.906372,0.025341,0.000000
18.220001,28.002037,-1293.906372,-0.002311,0.000956,0.024291,124.559280,6.345352,0.242915,-1293.906372,0.025348,0.000000
18.230001,27.984535,-1293.906372,-0.002311,0.000956,0.024291,124.481430,6.341386,0.242915,-1293.906372,0.025366,0.000000
18.240002,27.950279,-1293.817383,-0.002315,0.000956,0.024291,124.329048,6.333624,0.242915,-1293.817383,0.025383,0.000000
18.250000,27.909317,-1293.906372,-0.002315,0.000956,0.024291,124.146843,6.324342,0.242915,-1293.906372,0.025401,0.000000
18.260000,27.872452,-1293.861938,-0.002315,0.000956,0.024291,123.982857,6.315988,0.242915,-1293.861938,0.025418,0.000000
18.270000,27.846756,-1293.861938,-0.002298,0.000958,0.024326,123.868561,6.310165,0.243263,-1293.861938,0.025436,0.000000
18.280001,27.822929,-1293.861938,-0.002311,0.000959,0.024352,123.762573,6.304766,0.243520,-1293.861938,0.025453,0.000000
18.290001,27.837822,-1293.817383,-0.002302,0.000959,0.024360,123.828819,6.308141,0.243596,-1293.817383,0.025471,0.000000
18.300001,27.858299,-1293.950806,-0.002307,0.000959,0.024360,123.919907,6.312781,0.243596,-1293.950806,0.025487,0.000000
18.310001,27.839310,-1293.817383,-0.002315,0.000959,0.024360,123.835434,6.308477,0.243596,-1293.817383,0.025506,0.000000
18.320002,27.827019,-1293.861938,-0.002315,0.000959,0.024360,123.780762,6.305692,0.243596,-1293.861938,0.025522,0.000000
18.330000,27.811752,-1293.906372,-0.002311,0.000959,0.024369,123.712852,6.302233,0.243687,-1293.906372,0.025540,0.000000
18.340000,27.774521,-1293.817383,-0.002307,0.000959,0.024369,123.547241,6.293797,0.243687,-1293.817383,0.025557,0.000000
18.350000,27.741379,-1293.906372,-0.002285,0.000962,0.024429,123.399818,6.286286,0.244292,-1293.906372,0.025566,0.000000
18.360001,27.758507,-1293.861938,-0.002307,0.000964,0.024490,123.476006,6.290167,0.244898,-1293.861938,0.025583,0.000000
18.370001,27.860535,-1293.861938,-0.002324,0.000966,0.024534,123.929848,6.313287,0.245337,-1293.861938,0.025601,0.000000
18.380001,27.968147,-1293.950806,-0.002311,0.000967,0.024552,124.408531,6.337673,0.245519,-1293.950806,0.025618,0.000000
18.390001,28.017303,-1293.817383,-0.002307,0.000968,0.024578,124.627190,6.348812,0.245776,-1293.817383,0.025636,0.000000
18.400002,28.047096,-1293.861938,-0.002311,0.000970,0.024638,124.759712,6.355563,0.246382,-1293.861938,0.025653,0.000000
18.410002,28.152100,-1293.861938,-0.002320,0.000972,0.024699,125.226791,6.379357,0.246987,-1293.861938,0.025669,0.000000
18.420000,28.277962,-1293.817383,-0.002298,0.000973,0.024724,125.786659,6.407877,0.247244,-1293.817383,0.025687,0.000000
18.430000,28.365097,-1293.906372,-0.002302,0.000975,0.024768,126.174255,6.427623,0.247684,-1293.906372,0.025704,0.000000
18.440001,28.440689,-1293.906372,-0.002298,0.000977,0.024820,126.510506,6.444752,0.248198,-1293.906372,0.025722,0.000000
18.450001,28.549049,-1293.861938,-0.002289,0.000979,0.024855,126.992516,6.469307,0.248546,-1293.861938,0.025739,0.000000
18.460001,28.653313,-1293.817383,-0.002302,0.000979,0.024871,127.456299,6.492933,0.248713,-1293.817383,0.025757,0.000000
18.470001,28.709915,-1293.861938,-0.002281,0.000980,0.024880,127.708084,6.505760,0.248804,-1293.861938,0.025774,0.000000
18.480001,28.702095,-1293.906372,-0.002289,0.000980,0.024899,127.673294,6.503988,0.248986,-1293.906372,0.025783,0.000000
18.490002,28.716248,-1293.817383,-0.002294,0.000981,0.024915,127.736252,6.507195,0.249152,-1293.817383,0.025799,0.000000
18.500000,28.726303,-1293.861938,-0.002289,0.000982,0.024933,127.780975,6.509473,0.249334,-1293.861938,0.025818,0.000000
18.510000,28.751991,-1293.861938,-0.002298,0.000982,0.024950,127.895248,6.515295,0.249500,-1293.861938,0.025834,0.000000
18.520000,28.740448,-1293.861938,-0.002294,0.000982,0.024950,127.843895,6.512679,0.249500,-1293.861938,0.025852,0.000000
18.530001,28.733749,-1293.950806,-0.002307,0.000982,0.024950,127.814102,6.511161,0.249500,-1293.950806,0.025869,0.000000
18.540001,28.720718,-1293.817383,-0.002294,0.000983,0.024959,127.756134,6.508208,0.249591,-1293.817383,0.025887,0.000000
18.550001,28.709541,-1293.906372,-0.002289,0.000983,0.024976,127.706421,6.505675,0.249758,-1293.906372,0.025904,0.000000
18.560001,28.686089,-1293.906372,-0.002302,0.000984,0.025002,127.602097,6.500360,0.250015,-1293.906372,0.025922,0.000000
18.570002,28.688690,-1293.861938,-0.002281,0.000985,0.025020,127.613670,6.500950,0.250197,-1293.861938,0.025939,0.000000
18.580002,28.714386,-1293.817383,-0.002281,0.000986,0.025054,127.727966,6.506773,0.250545,-1293.817383,0.025955,0.000000
18.590000,28.745293,-1293.772949,-0.002285,0.000987,0.025062,127.865448,6.513776,0.250621,-1293.772949,0.025973,0.000000
18.600000,28.758324,-1293.817383,-0.002281,0.000987,0.025062,127.923416,6.516729,0.250621,-1293.817383,0.025983,0.000000
18.610001,28.746040,-1293.861938,-0.002276,0.000987,0.025062,127.868774,6.513946,0.250621,-1293.861938,0.025999,0.000000
18.620001,28.712524,-1293.906372,-0.002285,0.000987,0.025062,127.719688,6.506351,0.250621,-1293.906372,0.026017,0.000000
18.630001,28.684219,-1293.906372,-0.002281,0.000987,0.025062,127.593781,6.499937,0.250621,-1293.906372,0.026034,0.000000
18.640001,28.640282,-1293.817383,-0.002294,0.000987,0.025062,127.398338,6.489981,0.250621,-1293.817383,0.026051,0.000000
18.650002,28.600815,-1293.906372,-0.002276,0.000987,0.025062,127.222778,6.481037,0.250621,-1293.906372,0.026069,0.000000
18.660002,28.563576,-1293.906372,-0.002264,0.000987,0.025062,127.057129,6.472599,0.250621,-1293.906372,0.026085,0.000000
18.670000,28.523727,-1293.861938,-0.002264,0.000987,0.025062,126.879875,6.463569,0.250621,-1293.861938,0.026104,0.000000
18.680000,28.495430,-1293.950806,-0.002276,0.000987,0.025062,126.754005,6.457157,0.250621,-1293.950806,0.026120,0.000000
18.690001,28.457077,-1293.861938,-0.002294,0.000987,0.025080,126.583397,6.448466,0.250802,-1293.861938,0.026138,0.000000
18.700001,28.419838,-1293.906372,-0.002294,0.000990,0.025157,126.417755,6.440027,0.251574,-1293.906372,0.026155,0.000000
18.710001,28.473831,-1293.817383,-0.002276,0.000994,0.025236,126.657928,6.452262,0.252362,-1293.817383,0.026173,0.000000
18.720001,28.639168,-1293.950806,-0.002272,0.000995,0.025280,127.393379,6.489728,0.252801,-1293.950806,0.026190,0.000000
18.730001,28.773224,-1293.861938,-0.002281,0.000996,0.025288,127.989693,6.520106,0.252876,-1293.861938,0.026199,0.000000
18.740002,28.801521,-1293.861938,-0.002281,0.000996,0.025288,128.115570,6.526518,0.252876,-1293.861938,0.026216,0.000000
18.750000,28.794075,-1293.861938,-0.002259,0.000996,0.025288,128.082443,6.524831,0.252876,-1293.861938,0.026234,0.000000
18.760000,28.775452,-1293.861938,-0.002276,0.000996,0.025288,127.999603,6.520611,0.252876,-1293.861938,0.026251,0.000000
18.770000,28.749763,-1293.861938,-0.002255,0.000996,0.025297,127.885338,6.514790,0.252967,-1293.861938,0.026269,0.000000
18.780001,28.708427,-1293.906372,-0.002268,0.000996,0.025306,127.701462,6.505423,0.253058,-1293.906372,0.026285,0.000000
18.790001,28.693535,-1293.772949,-0.002264,0.000996,0.025306,127.635216,6.502048,0.253058,-1293.772949,0.026304,0.000000
18.800001,28.675285,-1293.906372,-0.002276,0.000996,0.025306,127.554039,6.497912,0.253058,-1293.906372,0.026320,0.000000
18.810001,28.645500,-1293.861938,-0.002264,0.000996,0.025306,127.421547,6.491163,0.253058,-1293.861938,0.026338,0.000000
18.820002,28.608635,-1293.817383,-0.002268,0.000996,0.025306,127.257561,6.482810,0.253058,-1293.817383,0.026355,0.000000
18.830002,28.574745,-1293.906372,-0.002264,0.000997,0.025315,127.106812,6.475130,0.253149,-1293.906372,0.026372,0.000000
18.840000,28.543839,-1293.861938,-0.002259,0.000997,0.025315,126.969337,6.468126,0.253149,-1293.861938,0.026390,0.000000
18.850000,28.503998,-1293.906372,-0.002251,0.000997,0.025315,126.792114,6.459098,0.253149,-1293.906372,0.026406,0.000000
18.860001,28.479416,-1293.861938,-0.002268,0.000997,0.025315,126.682770,6.453528,0.253149,-1293.861938,0.026416,0.000000
18.870001,28.436592,-1293.861938,-0.002264,0.000997,0.025332,126.492279,6.443824,0.253315,-1293.861938,0.026434,0.000000
18.880001,28.409042,-1293.906372,-0.002264,0.000998,0.025348,126.369728,6.437581,0.253482,-1293.906372,0.026450,0.000000
18.890001,28.407181,-1293.772949,-0.002255,0.000998,0.025348,126.361450,6.437159,0.253482,-1293.772949,0.026467,0.000000
18.900002,28.394890,-1293.906372,-0.002255,0.000998,0.025357,126.306778,6.434374,0.253573,-1293.906372,0.026485,0.000000
18.910002,28.371429,-1293.861938,-0.002259,0.000998,0.025357,126.202423,6.429058,0.253573,-1293.861938,0.026502,0.000000
18.920000,28.344994,-1293.861938,-0.002242,0.000998,0.025357,126.084831,6.423068,0.253573,-1293.861938,0.026520,0.000000
18.930000,28.319298,-1293.861938,-0.002264,0.000998,0.025357,125.970528,6.417245,0.253573,-1293.861938,0.026537,0.000000
18.940001,28.296211,-1293.861938,-0.002242,0.000999,0.025366,125.867836,6.412013,0.253664,-1293.861938,0.026555,0.000000
18.950001,28.250778,-1293.861938,-0.002264,0.000999,0.025366,125.665741,6.401718,0.253664,-1293.861938,0.026571,0.000000
18.960001,28.207962,-1293.817383,-0.002264,0.000999,0.025366,125.475281,6.392016,0.253664,-1293.817383,0.026590,0.000000
18.970001,28.173325,-1293.906372,-0.002251,0.000999,0.025366,125.321205,6.384167,0.253664,-1293.906372,0.026606,0.000000
18.980001,28.143539,-1293.906372,-0.002264,0.000999,0.025366,125.188713,6.377417,0.253664,-1293.906372,0.026624,0.000000
18.990002,28.110771,-1293.861938,-0.002251,0.000999,0.025366,125.042953,6.369992,0.253664,-1293.861938,0.026632,0.000000
19.000000,28.084702,-1293.817383,-0.002259,0.000999,0.025366,124.926994,6.364084,0.253664,-1293.817383,0.026650,0.000000
19.010000,28.047462,-1293.906372,-0.002255,0.000999,0.025366,124.761345,6.355646,0.253664,-1293.906372,0.026667,0.000000
19.020000,28.014328,-1293.861938,-0.002259,0.000999,0.025383,124.613953,6.348137,0.253830,-1293.861938,0.026685,0.000000
19.030001,27.999802,-1293.861938,-0.002259,0.001001,0.025427,124.549339,6.344846,0.254269,-1293.861938,0.026702,0.000000
19.040001,27.983047,-1293.817383,-0.002259,0.001003,0.025478,124.474815,6.341049,0.254784,-1293.817383,0.026720,0.000000
19.050001,28.042252,-1293.950806,-0.002259,0.001004,0.025497,124.738167,6.354465,0.254966,-1293.950806,0.026736,0.000000
19.060001,28.099228,-1293.817383,-0.002264,0.001004,0.025497,124.991608,6.367376,0.254966,-1293.817383,0.026753,0.000000
19.070002,28.121193,-1293.861938,-0.002242,0.001004,0.025497,125.089317,6.372354,0.254966,-1293.861938,0.026771,0.000000
19.080002,28.104813,-1293.906372,-0.002246,0.001004,0.025506,125.016449,6.368641,0.255057,-1293.906372,0.026788,0.000000
19.090000,28.070923,-1293.861938,-0.002259,0.001005,0.025522,124.865700,6.360962,0.255223,-1293.861938,0.026806,0.000000
19.100000,28.058266,-1293.861938,-0.002246,0.001007,0.025574,124.809402,6.358094,0.255738,-1293.861938,0.026823,0.000000
19.110001,28.110023,-1293.906372,-0.002238,0.001010,0.025662,125.039627,6.369823,0.256616,-1293.906372,0.026841,0.000000
19.120001,28.258598,-1293.861938,-0.002238,0.001014,0.025765,125.700523,6.403490,0.257645,-1293.861938,0.026849,0.000000
19.130001,28.499153,-1293.950806,-0.002259,0.001018,0.025860,126.770561,6.458001,0.258599,-1293.950806,0.026867,0.000000
19.140001,28.747902,-1293.817383,-0.002229,0.001021,0.025930,127.877052,6.514368,0.259296,-1293.817383,0.026883,0.000000
19.150002,28.982124,-1293.950806,-0.002233,0.001023,0.025983,128.918930,6.567443,0.259825,-1293.950806,0.026902,0.000000
19.160002,29.132187,-1293.861938,-0.002242,0.001025,0.026025,129.586441,6.601448,0.260249,-1293.861938,0.026918,0.000000
19.170000,29.263260,-1293.861938,-0.002233,0.001026,0.026069,130.169479,6.631149,0.260688,-1293.861938,0.026936,0.000000
19.180000,29.367897,-1293.950806,-0.002229,0.001027,0.026095,130.634933,6.654860,0.260946,-1293.950806,0.026953,0.000000
19.190001,29.436043,-1293.861938,-0.002251,0.001028,0.026104,130.938065,6.670303,0.261037,-1293.861938,0.026971,0.000000
19.200001,29.460991,-1293.950806,-0.002242,0.001028,0.026113,131.049026,6.675956,0.261127,-1293.950806,0.026988,0.000000
19.210001,29.477753,-1293.861938,-0.002229,0.001029,0.026129,131.123596,6.679754,0.261294,-1293.861938,0.027006,0.000000
19.220001,29.475143,-1293.861938,-0.002233,0.001030,0.026155,131.111984,6.679163,0.261551,-1293.861938,0.027023,0.000000
19.230001,29.481476,-1293.950806,-0.002229,0.001031,0.026181,131.140152,6.680598,0.261809,-1293.950806,0.027039,0.000000
19.240002,29.516106,-1293.861938,-0.002233,0.001031,0.026199,131.294189,6.688445,0.261990,-1293.861938,0.027057,0.000000
19.250000,29.536957,-1293.906372,-0.002233,0.001032,0.026208,131.386948,6.693170,0.262081,-1293.906372,0.027067,0.000000
19.260000,29.549988,-1293.861938,-0.002220,0.001032,0.026225,131.444916,6.696123,0.262248,-1293.861938,0.027083,0.000000
19.270000,29.538445,-1293.861938,-0.002225,0.001033,0.026243,131.393570,6.693507,0.262429,-1293.861938,0.027101,0.000000
19.280001,29.530624,-1293.817383,-0.002229,0.001034,0.026260,131.358780,6.691735,0.262596,-1293.817383,0.027118,0.000000
19.290001,29.543655,-1293.817383,-0.002225,0.001034,0.026276,131.416748,6.694688,0.262763,-1293.817383,0.027136,0.000000
19.300001,29.541428,-1293.861938,-0.002225,0.001035,0.026294,131.406830,6.694183,0.262944,-1293.861938,0.027153,0.000000
19.310001,29.547752,-1293.817383,-0.002229,0.001036,0.026311,131.434967,6.695617,0.263111,-1293.817383,0.027169,0.000000
19.320002,29.548126,-1293.817383,-0.002233,0.001036,0.026320,131.436630,6.695701,0.263202,-1293.817383,0.027188,0.000000
19.330002,29.552223,-1293.817383,-0.002229,0.001037,0.026329,131.454849,6.696630,0.263292,-1293.817383,0.027204,0.000000
19.340000,29.533234,-1293.817383,-0.002229,0.001037,0.026346,131.370392,6.692327,0.263459,-1293.817383,0.027222,0.000000
19.350000,29.513496,-1293.906372,-0.002225,0.001038,0.026355,131.282593,6.687854,0.263550,-1293.906372,0.027239,0.000000
19.360001,29.518707,-1293.861938,-0.002216,0.001038,0.026372,131.305771,6.689035,0.263716,-1293.861938,0.027257,0.000000
19.370001,29.511261,-1293.861938,-0.002212,0.001039,0.026390,131.272644,6.687347,0.263898,-1293.861938,0.027265,0.000000
19.380001,29.524666,-1293.861938,-0.002216,0.001039,0.026390,131.332275,6.690385,0.263898,-1293.861938,0.027283,0.000000
19.390001,29.514244,-1293.861938,-0.002216,0.001039,0.026390,131.285919,6.688023,0.263898,-1293.861938,0.027300,0.000000
19.400002,29.479614,-1293.995361,-0.002216,0.001039,0.026399,131.131866,6.680176,0.263989,-1293.995361,0.027318,0.000000
19.410002,29.445351,-1293.906372,-0.002225,0.001039,0.026399,130.979462,6.672412,0.263989,-1293.906372,0.027335,0.000000
19.420000,29.417427,-1293.861938,-0.002203,0.001039,0.026399,130.855255,6.666084,0.263989,-1293.861938,0.027353,0.000000
19.430000,29.373856,-1293.861938,-0.002220,0.001040,0.026406,130.661438,6.656211,0.264065,-1293.861938,0.027369,0.000000
19.440001,29.338112,-1293.817383,-0.002212,0.001040,0.026425,130.502441,6.648111,0.264246,-1293.817383,0.027387,0.000000
19.450001,29.324333,-1293.906372,-0.002225,0.001041,0.026434,130.441147,6.644989,0.264337,-1293.906372,0.027404,0.000000
19.460001,29.297523,-1293.817383,-0.002216,0.001042,0.026476,130.321899,6.638914,0.264761,-1293.817383,0.027422,0.000000
19.470001,29.310555,-1293.861938,-0.002207,0.001044,0.026520,130.379852,6.641866,0.265200,-1293.861938,0.027439,0.000000
19.480001,29.388008,-1293.950806,-0.002207,0.001045,0.026546,130.724396,6.659418,0.265457,-1293.950806,0.027456,0.000000
19.490002,29.436790,-1293.861938,-0.002186,0.001045,0.026555,130.941391,6.670472,0.265548,-1293.861938,0.027474,0.000000
19.500000,29.419289,-1293.861938,-0.002216,0.001045,0.026555,130.863525,6.666506,0.265548,-1293.861938,0.027483,0.000000
19.510000,29.405884,-1293.861938,-0.002203,0.001045,0.026555,130.803909,6.663468,0.265548,-1293.861938,0.027500,0.000000
19.520000,29.394707,-1293.861938,-0.002207,0.001045,0.026555,130.754181,6.660936,0.265548,-1293.861938,0.027518,0.000000
19.530001,29.356354,-1293.906372,-0.002203,0.001045,0.026555,130.583588,6.652245,0.265548,-1293.906372,0.027534,0.000000
19.540001,29.313904,-1293.861938,-0.002203,0.001045,0.026555,130.394760,6.642625,0.265548,-1293.861938,0.027551,0.000000
19.550001,29.264755,-1293.861938,-0.002195,0.001046,0.026562,130.176132,6.631488,0.265624,-1293.861938,0.027569,0.000000
19.560001,29.227516,-1293.861938,-0.002203,0.001046,0.026562,130.010483,6.623050,0.265624,-1293.861938,0.027586,0.000000
19.570002,29.189903,-1293.950806,-0.002203,0.001046,0.026571,129.843170,6.614527,0.265715,-1293.950806,0.027604,0.000000
19.580002,29.151550,-1293.906372,-0.002199,0.001047,0.026597,129.672577,6.605835,0.265972,-1293.906372,0.027621,0.000000
19.590000,29.132187,-1293.772949,-0.002195,0.001049,0.026650,129.586441,6.601448,0.266502,-1293.772949,0.027639,0.000000
19.600000,29.177620,-1293.861938,-0.002212,0.001051,0.026702,129.788528,6.611743,0.267017,-1293.861938,0.027655,0.000000
19.610001,29.291191,-1293.861938,-0.002195,0.001053,0.026746,130.293732,6.637479,0.267456,-1293.861938,0.027674,0.000000
19.620001,29.381302,-1293.861938,-0.002195,0.001055,0.026788,130.694565,6.657898,0.267880,-1293.861938,0.027690,0.000000
19.630001,29.460617,-1293.861938,-0.002212,0.001055,0.026806,131.047363,6.675871,0.268061,-1293.861938,0.027699,0.000000
19.640001,29.516106,-1293.861938,-0.002199,0.001055,0.026806,131.294189,6.688445,0.268061,-1293.861938,0.027716,0.000000
19.650002,29.514984,-1293.861938,-0.002199,0.001056,0.026823,131.289200,6.688191,0.268228,-1293.861938,0.027734,0.000000
19.660002,29.512009,-1293.861938,-0.002186,0.001056,0.026832,131.275970,6.687517,0.268319,-1293.861938,0.027751,0.000000
19.670000,29.499344,-1293.861938,-0.002169,0.001057,0.026841,131.219635,6.684647,0.268410,-1293.861938,0.027769,0.000000
19.680000,29.481842,-1293.906372,-0.002182,0.001058,0.026867,131.141785,6.680681,0.268667,-1293.906372,0.027786,0.000000
19.690001,29.497482,-1293.817383,-0.002199,0.001059,0.026892,131.211349,6.684225,0.268924,-1293.817383,0.027804,0.000000
19.700001,29.516106,-1293.906372,-0.002186,0.001060,0.026927,131.294189,6.688445,0.269273,-1293.906372,0.027820,0.000000
19.710001,29.559296,-1293.861938,-0.002195,0.001061,0.026953,131.486313,6.698232,0.269530,-1293.861938,0.027837,0.000000
19.720001,29.603607,-1293.817383,-0.002177,0.001061,0.026953,131.683426,6.708273,0.269530,-1293.817383,0.027855,0.000000
19.730001,29.613289,-1293.950806,-0.002195,0.001061,0.026962,131.726486,6.710467,0.269621,-1293.950806,0.027872,0.000000
19.740002,29.599518,-1293.817383,-0.002195,0.001061,0.026962,131.665237,6.707347,0.269621,-1293.817383,0.027890,0.000000
19.750000,29.583878,-1293.906372,-0.002186,0.001062,0.026971,131.595657,6.703803,0.269712,-1293.906372,0.027907,0.000000
19.760000,29.543289,-1293.861938,-0.002199,0.001062,0.026971,131.415115,6.694605,0.269712,-1293.861938,0.027916,0.000000
19.770000,29.507538,-1293.861938,-0.002182,0.001062,0.026979,131.256088,6.686503,0.269787,-1293.861938,0.027934,0.000000
19.780001,29.483704,-1293.906372,-0.002186,0.001063,0.026988,131.150070,6.681103,0.269878,-1293.906372,0.027951,0.000000
19.790001,29.466202,-1293.861938,-0.002186,0.001064,0.027014,131.072205,6.677136,0.270136,-1293.861938,0.027967,0.000000
19.800001,29.447212,-1293.906372,-0.002177,0.001064,0.027032,130.987747,6.672834,0.270317,-1293.906372,0.027986,0.000000
19.810001,29.452057,-1293.861938,-0.002186,0.001066,0.027067,131.009293,6.673931,0.270665,-1293.861938,0.028002,0.000000
19.820002,29.484077,-1293.861938,-0.002177,0.001067,0.027092,131.151733,6.681187,0.270923,-1293.861938,0.028020,0.000000
19.830002,29.537704,-1293.906372,-0.002177,0.001068,0.027118,131.390274,6.693340,0.271180,-1293.906372,0.028037,0.000000
19.840000,29.574562,-1293.861938,-0.002177,0.001068,0.027136,131.554230,6.701692,0.271362,-1293.861938,0.028055,0.000000
19.850000,29.601746,-1293.906372,-0.002177,0.001069,0.027153,131.675140,6.707851,0.271528,-1293.906372,0.028072,0.000000
19.860001,29.601746,-1293.861938,-0.002173,0.001069,0.027162,131.675140,6.707851,0.271619,-1293.861938,0.028090,0.000000
19.870001,29.602493,-1293.906372,-0.002177,0.001070,0.027169,131.678467,6.708021,0.271695,-1293.906372,0.028107,0.000000
19.880001,29.592812,-1293.861938,-0.002164,0.001070,0.027179,131.635406,6.705827,0.271786,-1293.861938,0.028125,0.000000
19.890001,29.585365,-1293.861938,-0.002169,0.001070,0.027188,131.602280,6.704140,0.271877,-1293.861938,0.028132,0.000000
19.900002,29.562279,-1293.950806,-0.002173,0.001071,0.027197,131.499588,6.698908,0.271967,-1293.950806,0.028151,0.000000
19.910002,29.546265,-1293.906372,-0.002169,0.001072,0.027222,131.428345,6.695279,0.272225,-1293.906372,0.028167,0.000000
19.920000,29.538445,-1293.861938,-0.002173,0.001072,0.027239,131.393570,6.693507,0.272391,-1293.861938,0.028185,0.000000
19.930000,29.552597,-1293.861938,-0.002177,0.001073,0.027257,131.456512,6.696714,0.272573,-1293.861938,0.028202,0.000000
19.940001,29.568237,-1293.817383,-0.002164,0.001073,0.027265,131.526093,6.700258,0.272649,-1293.817383,0.028220,0.000000
19.950001,29.559296,-1293.950806,-0.002164,0.001074,0.027283,131.486313,6.698232,0.272830,-1293.950806,0.028237,0.000000
19.960001,29.560417,-1293.861938,-0.002186,0.001075,0.027300,131.491302,6.698486,0.272997,-1293.861938,0.028253,0.000000
19.970001,29.566750,-1293.861938,-0.002169,0.001076,0.027318,131.519470,6.699921,0.273179,-1293.861938,0.028272,0.000000
19.980001,29.577919,-1293.906372,-0.002169,0.001076,0.027335,131.569153,6.702452,0.273345,-1293.906372,0.028288,0.000000
19.990002,29.582382,-1293.817383,-0.002164,0.001077,0.027344,131.589005,6.703464,0.273436,-1293.817383,0.028306,0.000000
20.000000,29.572701,-1293.906372,-0.002164,0.001077,0.027344,131.545944,6.701270,0.273436,-1293.906372,0.028323,0.000000
20.010000,29.551476,-1293.861938,-0.002173,0.001077,0.027344,131.451523,6.696460,0.273436,-1293.861938,0.028332,0.000000
20.020000,29.528023,-1293.906372,-0.002156,0.001077,0.027360,131.347198,6.691146,0.273602,-1293.906372,0.028349,0.000000
20.030001,29.501205,-1293.861938,-0.002160,0.001077,0.027360,131.227921,6.685069,0.273602,-1293.861938,0.028367,0.000000
20.040001,29.488548,-1293.817383,-0.002151,0.001077,0.027360,131.171616,6.682200,0.273602,-1293.817383,0.028384,0.000000
20.050001,29.467323,-1293.950806,-0.002164,0.001078,0.027369,131.077194,6.677391,0.273693,-1293.950806,0.028402,0.000000
20.060001,29.436417,-1293.861938,-0.002173,0.001078,0.027369,130.939728,6.670387,0.273693,-1293.861938,0.028419,0.000000
20.070002,29.398430,-1293.817383,-0.002156,0.001079,0.027395,130.770752,6.661779,0.273951,-1293.817383,0.028437,0.000000
20.080002,29.377205,-1293.906372,-0.002173,0.001080,0.027430,130.676331,6.656970,0.274299,-1293.906372,0.028453,0.000000
20.090000,29.404388,-1293.817383,-0.002160,0.001081,0.027448,130.797256,6.663129,0.274481,-1293.817383,0.028471,0.000000
20.100000,29.433067,-1293.950806,-0.002156,0.001081,0.027465,130.924820,6.669628,0.274647,-1293.950806,0.028488,0.000000
20.110001,29.453171,-1293.861938,-0.002173,0.001082,0.027483,131.014252,6.674184,0.274829,-1293.861938,0.028506,0.000000
20.120001,29.475143,-1293.861938,-0.002164,0.001083,0.027509,131.111984,6.679163,0.275086,-1293.861938,0.028523,0.000000
20.130001,29.487801,-1293.906372,-0.002151,0.001084,0.027534,131.168289,6.682031,0.275344,-1293.906372,0.028540,0.000000
20.140001,29.511635,-1293.817383,-0.002143,0.001084,0.027534,131.274307,6.687432,0.275344,-1293.817383,0.028549,0.000000
20.150002,29.507538,-1293.861938,-0.002156,0.001084,0.027543,131.256088,6.686503,0.275434,-1293.861938,0.028567,0.000000
20.160002,29.500092,-1293.817383,-0.002143,0.001085,0.027560,131.222961,6.684816,0.275601,-1293.817383,0.028584,0.000000
20.170000,29.504189,-1293.861938,-0.002151,0.001086,0.027586,131.241180,6.685745,0.275858,-1293.861938,0.028602,0.000000
20.180000,29.523926,-1293.861938,-0.002164,0.001087,0.027604,131.328979,6.690217,0.276040,-1293.861938,0.028618,0.000000
20.190001,29.546265,-1293.817383,-0.002147,0.001087,0.027621,131.428345,6.695279,0.276206,-1293.817383,0.028635,0.000000
20.200001,29.561905,-1293.906372,-0.002164,0.001088,0.027646,131.497925,6.698823,0.276464,-1293.906372,0.028653,0.000000
20.210001,29.578293,-1293.906372,-0.002160,0.001090,0.027674,131.570816,6.702537,0.276736,-1293.906372,0.028670,0.000000
20.220001,29.605476,-1293.861938,-0.002156,0.001090,0.027681,131.691742,6.708697,0.276812,-1293.861938,0.028688,0.000000
20.230001,29.621483,-1293.861938,-0.002160,0.001090,0.027690,131.762939,6.712324,0.276903,-1293.861938,0.028705,0.000000
20.240002,29.617386,-1293.861938,-0.002139,0.001090,0.027690,131.744705,6.711396,0.276903,-1293.861938,0.028723,0.000000
20.250002,29.610687,-1293.906372,-0.002147,0.001091,0.027708,131.714920,6.709878,0.277085,-1293.906372,0.028739,0.000000
20.260000,29.616272,-1293.906372,-0.002143,0.001091,0.027716,131.739761,6.711143,0.277160,-1293.906372,0.028758,0.000000
20.270000,29.608078,-1293.906372,-0.002151,0.001092,0.027734,131.703308,6.709286,0.277342,-1293.906372,0.028765,0.000000
20.280001,29.599518,-1293.906372,-0.002151,0.001094,0.027777,131.665237,6.707347,0.277766,-1293.906372,0.028783,0.000000
20.290001,29.636749,-1293.861938,-0.002143,0.001094,0.027795,131.830841,6.715784,0.277948,-1293.861938,0.028800,0.000000
20.300001,29.680695,-1293.861938,-0.002151,0.001095,0.027811,132.026321,6.725741,0.278114,-1293.861938,0.028818,0.000000
20.310001,29.711227,-1293.861938,-0.002143,0.001096,0.027837,132.162140,6.732660,0.278371,-1293.861938,0.028835,0.000000
20.320002,29.736549,-1293.906372,-0.002139,0.001097,0.027872,132.274780,6.738399,0.278720,-1293.906372,0.028853,0.000000
20.330002,29.771927,-1293.906372,-0.002151,0.001098,0.027899,132.432144,6.746415,0.278992,-1293.906372,0.028870,0.000000
20.340000,29.802086,-1293.861938,-0.002143,0.001100,0.027934,132.566299,6.753249,0.279340,-1293.861938,0.028888,0.000000
20.350000,29.866508,-1293.950806,-0.002143,0.001101,0.027967,132.852859,6.767848,0.279673,-1293.950806,0.028904,0.000000
20.360001,29.949173,-1293.817383,-0.002139,0.001101,0.027976,133.220581,6.786580,0.279764,-1293.817383,0.028923,0.000000
20.370001,29.973373,-1293.906372,-0.002139,0.001102,0.027995,133.328217,6.792063,0.279946,-1293.906372,0.028939,0.000000
20.380001,29.972633,-1293.861938,-0.002139,0.001103,0.028011,133.324936,6.791896,0.280113,-1293.861938,0.028956,0.000000
20.390001,29.993111,-1293.772949,-0.002134,0.001104,0.028037,133.416016,6.796536,0.280370,-1293.772949,0.028974,0.000000
20.400002,30.027740,-1293.950806,-0.002134,0.001105,0.028072,133.570053,6.804383,0.280718,-1293.950806,0.028983,0.000000
20.410002,30.065727,-1293.906372,-0.002121,0.001106,0.028090,133.739029,6.812991,0.280900,-1293.906372,0.029000,0.000000
20.420000,30.111526,-1293.861938,-0.002130,0.001106,0.028098,133.942764,6.823370,0.280975,-1293.861938,0.029018,0.000000
20.430000,30.121582,-1293.906372,-0.002130,0.001107,0.028107,133.987488,6.825648,0.281066,-1293.906372,0.029035,0.000000
20.440001,30.104080,-1293.817383,-0.002130,0.001107,0.028107,133.909637,6.821682,0.281066,-1293.817383,0.029051,0.000000
20.450001,30.075409,-1293.950806,-0.002134,0.001107,0.028107,133.782104,6.815185,0.281066,-1293.950806,0.029070,0.000000
20.460001,30.047478,-1293.906372,-0.002139,0.001107,0.028107,133.657852,6.808856,0.281066,-1293.906372,0.029086,0.000000
20.470001,30.010986,-1293.906372,-0.002117,0.001107,0.028107,133.495529,6.800587,0.281066,-1293.906372,0.029104,0.000000
20.480001,29.970772,-1293.906372,-0.002126,0.001107,0.028107,133.316650,6.791474,0.281066,-1293.906372,0.029121,0.000000
20.490002,29.935768,-1293.861938,-0.002113,0.001107,0.028107,133.160950,6.783542,0.281066,-1293.861938,0.029139,0.000000
20.500002,29.900764,-1293.906372,-0.002139,0.001107,0.028107,133.005249,6.775610,0.281066,-1293.906372,0.029156,0.000000
20.510000,29.854965,-1293.817383,-0.002130,0.001107,0.028107,132.801514,6.765232,0.281066,-1293.817383,0.029174,0.000000
20.520000,29.833366,-1293.906372,-0.002117,0.001108,0.028132,132.705444,6.760337,0.281324,-1293.906372,0.029191,0.000000
20.530001,29.812141,-1293.861938,-0.002134,0.001109,0.028176,132.611023,6.755527,0.281763,-1293.861938,0.029200,0.000000
20.540001,29.829643,-1293.817383,-0.002121,0.001110,0.028185,132.688873,6.759493,0.281854,-1293.817383,0.029216,0.000000
20.550001,29.859428,-1293.906372,-0.002121,0.001110,0.028185,132.821365,6.766243,0.281854,-1293.906372,0.029235,0.000000
20.560001,29.844910,-1293.861938,-0.002117,0.001110,0.028185,132.756790,6.762953,0.281854,-1293.861938,0.029251,0.000000
20.570002,29.827408,-1293.906372,-0.002113,0.001110,0.028185,132.678940,6.758987,0.281854,-1293.906372,0.029269,0.000000
20.580002,29.797241,-1293.861938,-0.002121,0.001110,0.028185,132.544754,6.752151,0.281854,-1293.861938,0.029286,0.000000
20.590000,29.773415,-1293.861938,-0.002121,0.001110,0.028185,132.438766,6.746752,0.281854,-1293.861938,0.029304,0.000000
20.600000,29.740646,-1293.950806,-0.002117,0.001110,0.028185,132.292999,6.739327,0.281854,-1293.950806,0.029321,0.000000
20.610001,29.711967,-1293.817383,-0.002113,0.001110,0.028185,132.165436,6.732828,0.281854,-1293.817383,0.029337,0.000000
20.620001,29.681061,-1293.861938,-0.002121,0.001110,0.028185,132.027954,6.725824,0.281854,-1293.861938,0.029356,0.000000
20.630001,29.646065,-1293.950806,-0.002126,0.001110,0.028202,131.872284,6.717895,0.282020,-1293.950806,0.029372,0.000000
20.640001,29.622971,-1293.817383,-0.002121,0.001111,0.028211,131.769562,6.712661,0.282111,-1293.817383,0.029390,0.000000
20.650002,29.591698,-1293.861938,-0.002104,0.001112,0.028246,131.630447,6.705575,0.282459,-1293.861938,0.029407,0.000000
20.660002,29.594299,-1293.906372,-0.002113,0.001113,0.028281,131.642014,6.706164,0.282807,-1293.906372,0.029416,0.000000
20.670000,29.645317,-1293.906372,-0.002113,0.001114,0.028306,131.868958,6.717725,0.283065,-1293.906372,0.029433,0.000000
20.680000,29.686653,-1293.906372,-0.002108,0.001116,0.028341,132.052826,6.727092,0.283413,-1293.906372,0.029451,0.000000
20.690001,29.735802,-1293.817383,-0.002100,0.001118,0.028393,132.271454,6.738229,0.283928,-1293.817383,0.029468,0.000000
20.700001,29.816978,-1293.995361,-0.002117,0.001121,0.028462,132.632538,6.756624,0.284624,-1293.995361,0.029486,0.000000
20.710001,29.958107,-1293.861938,-0.002104,0.001123,0.028523,133.260315,6.788604,0.285230,-1293.861938,0.029502,0.000000
20.720001,30.125305,-1293.861938,-0.002113,0.001123,0.028532,134.004044,6.826492,0.285321,-1293.861938,0.029521,0.000000
20.730001,30.197174,-1293.817383,-0.002108,0.001123,0.028532,134.323746,6.842778,0.285321,-1293.817383,0.029537,0.000000
20.740002,30.191216,-1293.861938,-0.002108,0.001123,0.028532,134.297241,6.841427,0.285321,-1293.861938,0.029555,0.000000
20.750002,30.168503,-1293.906372,-0.002113,0.001123,0.028532,134.196198,6.836281,0.285321,-1293.906372,0.029572,0.000000
20.760000,30.149506,-1293.817383,-0.002095,0.001123,0.028532,134.111694,6.831976,0.285321,-1293.817383,0.029590,0.000000
20.770000,30.112640,-1293.817383,-0.002100,0.001123,0.028532,133.947708,6.823622,0.285321,-1293.817383,0.029607,0.000000
20.780001,30.086952,-1293.817383,-0.002104,0.001124,0.028540,133.833450,6.817801,0.285396,-1293.817383,0.029616,0.000000
20.790001,30.068703,-1293.861938,-0.002113,0.001124,0.028540,133.752274,6.813665,0.285396,-1293.861938,0.029633,0.000000
20.800001,30.038170,-1293.906372,-0.002104,0.001124,0.028549,133.616455,6.806747,0.285487,-1293.906372,0.029651,0.000000
20.810001,30.010986,-1293.861938,-0.002108,0.001125,0.028567,133.495529,6.800587,0.285669,-1293.861938,0.029668,0.000000
20.820002,29.984550,-1293.906372,-0.002104,0.001126,0.028593,133.377945,6.794596,0.285926,-1293.906372,0.029686,0.000000
20.830002,29.984917,-1293.906372,-0.002117,0.001126,0.028593,133.379578,6.794679,0.285926,-1293.906372,0.029702,0.000000
20.840000,29.988274,-1293.861938,-0.002087,0.001126,0.028593,133.394501,6.795440,0.285926,-1293.861938,0.029721,0.000000
20.850000,29.982315,-1293.906372,-0.002095,0.001126,0.028593,133.367996,6.794090,0.285926,-1293.906372,0.029737,0.000000
20.860001,29.959602,-1293.906372,-0.002117,0.001126,0.028602,133.266968,6.788943,0.286017,-1293.906372,0.029754,0.000000
20.870001,29.930183,-1293.817383,-0.002095,0.001127,0.028627,133.136108,6.782276,0.286274,-1293.817383,0.029772,0.000000
20.880001,29.904114,-1293.861938,-0.002104,0.001128,0.028653,133.020142,6.776369,0.286532,-1293.861938,0.029789,0.000000
20.890001,29.914543,-1293.861938,-0.002091,0.001129,0.028670,133.066528,6.778733,0.286698,-1293.861938,0.029807,0.000000
20.900002,29.952148,-1293.906372,-0.002108,0.001129,0.028679,133.233810,6.787253,0.286789,-1293.906372,0.029823,0.000000
20.910002,29.987900,-1293.861938,-0.002104,0.001129,0.028679,133.392838,6.795355,0.286789,-1293.861938,0.029833,0.000000
20.920000,29.968910,-1293.861938,-0.002087,0.001129,0.028688,133.308365,6.791052,0.286880,-1293.861938,0.029849,0.000000
20.930000,29.934280,-1293.861938,-0.002100,0.001129,0.028688,133.154327,6.783205,0.286880,-1293.861938,0.029867,0.000000
20.940001,29.921989,-1293.861938,-0.002095,0.001129,0.028688,133.099655,6.780420,0.286880,-1293.861938,0.029884,0.000000
20.950001,29.896667,-1293.817383,-0.002100,0.001129,0.028688,132.987015,6.774682,0.286880,-1293.817383,0.029902,0.000000
20.960001,29.862411,-1293.861938,-0.002100,0.001129,0.028688,132.834641,6.766919,0.286880,-1293.861938,0.029919,0.000000
20.970001,29.820328,-1293.861938,-0.002091,0.001130,0.028697,132.647446,6.757383,0.286971,-1293.861938,0.029937,0.000000
20.980001,29.770432,-1293.861938,-0.002095,0.001131,0.028739,132.425491,6.746076,0.287395,-1293.861938,0.029954,0.000000
20.990002,29.776016,-1293.861938,-0.002082,0.001134,0.028809,132.450333,6.747342,0.288091,-1293.861938,0.029972,0.000000
21.000002,29.877678,-1293.906372,-0.002100,0.001137,0.028870,132.902542,6.770379,0.288697,-1293.906372,0.029988,0.000000
21.010000,30.024391,-1293.906372,-0.002100,0.001138,0.028904,133.555161,6.803624,0.289045,-1293.906372,0.030007,0.000000
21.020000,30.133865,-1293.817383,-0.002087,0.001139,0.028939,134.042130,6.828432,0.289393,-1293.817383,0.030023,0.000000
21.030001,30.193077,-1293.906372,-0.002087,0.001141,0.028974,134.305511,6.841849,0.289741,-1293.906372,0.030040,0.000000
21.040001,30.276115,-1293.817383,-0.002087,0.001142,0.029009,134.674881,6.860666,0.290089,-1293.817383,0.030049,0.000000
21.050001,30.349846,-1293.861938,-0.002078,0.001143,0.029035,135.002853,6.877374,0.290347,-1293.861938,0.030067,0.000000
21.060001,30.415756,-1293.861938,-0.002070,0.001144,0.029060,135.296036,6.892309,0.290604,-1293.861938,0.030084,0.000000
21.070002,30.466766,-1293.906372,-0.002070,0.001145,0.029079,135.522949,6.903868,0.290786,-1293.906372,0.030102,0.000000
21.080002,30.483154,-1293.861938,-0.002078,0.001145,0.029086,135.595840,6.907582,0.290862,-1293.861938,0.030119,0.000000
21.090000,30.498047,-1293.861938,-0.002078,0.001146,0.029113,135.662094,6.910956,0.291134,-1293.861938,0.030135,0.000000
21.100000,30.525604,-1293.906372,-0.002087,0.001147,0.029139,135.784668,6.917201,0.291391,-1293.906372,0.030153,0.000000
21.110001,30.570290,-1293.906372,-0.002078,0.001149,0.029182,135.983444,6.927327,0.291815,-1293.906372,0.030170,0.000000
21.120001,30.614975,-1293.906372,-0.002078,0.001151,0.029225,136.182205,6.937452,0.292254,-1293.906372,0.030188,0.000000
21.130001,30.710304,-1293.817383,-0.002087,0.001152,0.029269,136.606262,6.959054,0.292693,-1293.817383,0.030205,0.000000
21.140001,30.811584,-1293.772949,-0.002070,0.001154,0.029304,137.056778,6.982005,0.293042,-1293.772949,0.030223,0.000000
21.150002,30.899467,-1293.906372,-0.002074,0.001155,0.029330,137.447693,7.001919,0.293299,-1293.906372,0.030240,0.000000
21.160002,30.950851,-1293.817383,-0.002065,0.001155,0.029347,137.676270,7.013563,0.293466,-1293.817383,0.030258,0.000000
21.170000,30.992187,-1293.950806,-0.002061,0.001157,0.029381,137.860138,7.022930,0.293814,-1293.950806,0.030266,0.000000
21.180000,31.020859,-1293.861938,-0.002078,0.001158,0.029416,137.987671,7.029427,0.294162,-1293.861938,0.030284,0.000000
21.190001,31.087517,-1293.861938,-0.002057,0.001159,0.029451,138.284180,7.044532,0.294510,-1293.861938,0.030300,0.000000
21.200001,31.162735,-1293.950806,-0.002070,0.001160,0.029468,138.618774,7.061577,0.294677,-1293.950806,0.030319,0.000000
21.210001,31.186569,-1293.817383,-0.002065,0.001161,0.029495,138.724792,7.066978,0.294949,-1293.817383,0.030335,0.000000
21.220001,31.208534,-1293.861938,-0.002070,0.001162,0.029512,138.822495,7.071955,0.295116,-1293.861938,0.030353,0.000000
21.230001,31.242424,-1293.861938,-0.002065,0.001163,0.029528,138.973236,7.079634,0.295282,-1293.861938,0.030370,0.000000
21.240002,31.262527,-1293.817383,-0.002065,0.001163,0.029537,139.062668,7.084190,0.295373,-1293.817383,0.030388,0.000000
21.250002,31.265137,-1293.906372,-0.002061,0.001163,0.029546,139.074280,7.084781,0.295464,-1293.906372,0.030405,0.000000
21.260000,31.264763,-1293.861938,-0.002061,0.001163,0.029546,139.072617,7.084696,0.295464,-1293.861938,0.030421,0.000000
21.270000,31.236839,-1293.861938,-0.002061,0.001164,0.029555,138.948395,7.078369,0.295555,-1293.861938,0.030440,0.000000
21.280001,31.204811,-1293.906372,-0.002057,0.001164,0.029563,138.805939,7.071112,0.295631,-1293.906372,0.030456,0.000000
21.290001,31.170181,-1293.861938,-0.002052,0.001164,0.029563,138.651886,7.063264,0.295631,-1293.861938,0.030474,0.000000
21.300001,31.131081,-1293.906372,-0.002052,0.001164,0.029563,138.477966,7.054404,0.295631,-1293.906372,0.030484,0.000000
21.310001,31.099800,-1293.817383,-0.002052,0.001164,0.029563,138.338821,7.047316,0.295631,-1293.817383,0.030500,0.000000
21.320002,31.054001,-1293.950806,-0.002052,0.001164,0.029572,138.135101,7.036937,0.295721,-1293.950806,0.030518,0.000000
21.330002,31.023094,-1293.861938,-0.002070,0.001164,0.029572,137.997620,7.029933,0.295721,-1293.861938,0.030535,0.000000
21.340000,31.004478,-1293.817383,-0.002048,0.001164,0.029572,137.914810,7.025715,0.295721,-1293.817383,0.030552,0.000000
21.350000,30.969101,-1293.861938,-0.002052,0.001165,0.029581,137.757446,7.017699,0.295812,-1293.861938,0.030570,0.000000
21.360001,30.940056,-1293.861938,-0.002061,0.001165,0.029598,137.628235,7.011117,0.295979,-1293.861938,0.030586,0.000000
21.370001,30.889412,-1293.906372,-0.002052,0.001166,0.029607,137.402969,6.999641,0.296070,-1293.906372,0.030605,0.000000
21.380001,30.868187,-1293.817383,-0.002061,0.001166,0.029616,137.308548,6.994831,0.296160,-1293.817383,0.030621,0.000000
21.390001,30.866325,-1293.861938,-0.002039,0.001168,0.029668,137.300278,6.994410,0.296675,-1293.861938,0.030639,0.000000
21.400002,30.878990,-1293.861938,-0.002048,0.001169,0.029702,137.356613,6.997280,0.297023,-1293.861938,0.030656,0.000000
21.410002,30.937820,-1293.861938,-0.002052,0.001170,0.029728,137.618301,7.010610,0.297281,-1293.861938,0.030674,0.000000
21.420000,30.987717,-1293.861938,-0.002039,0.001171,0.029746,137.840240,7.021917,0.297462,-1293.861938,0.030682,0.000000
21.430000,31.023842,-1293.861938,-0.002057,0.001171,0.029746,138.000946,7.030103,0.297462,-1293.861938,0.030700,0.000000
21.440001,31.024582,-1293.817383,-0.002044,0.001171,0.029746,138.004227,7.030271,0.297462,-1293.817383,0.030717,0.000000
21.450001,30.995537,-1293.861938,-0.002052,0.001172,0.029763,137.875031,7.023689,0.297629,-1293.861938,0.030735,0.000000
21.460001,30.978783,-1293.817383,-0.002048,0.001172,0.029772,137.800507,7.019892,0.297720,-1293.817383,0.030752,0.000000
21.470001,30.946754,-1293.861938,-0.002044,0.001172,0.029772,137.658035,7.012635,0.297720,-1293.861938,0.030770,0.000000
21.480001,30.912872,-1293.906372,-0.002035,0.001172,0.029781,137.507324,7.004957,0.297811,-1293.906372,0.030786,0.000000
21.490002,30.909523,-1293.861938,-0.002026,0.001172,0.029781,137.492432,7.004198,0.297811,-1293.861938,0.030805,0.000000
21.500002,30.873772,-1293.817383,-0.002035,0.001173,0.029789,137.333389,6.996097,0.297886,-1293.817383,0.030821,0.000000
21.510000,30.853668,-1293.861938,-0.002039,0.001174,0.029823,137.243973,6.991541,0.298235,-1293.861938,0.030838,0.000000
21.520000,30.811218,-1293.861938,-0.002035,0.001176,0.029867,137.055145,6.981922,0.298674,-1293.861938,0.030856,0.000000
21.530001,30.853294,-1293.817383,-0.002035,0.001177,0.029902,137.242310,6.991457,0.299022,-1293.817383,0.030873,0.000000
21.540001,30.913246,-1293.817383,-0.002031,0.001178,0.029928,137.508987,7.005042,0.299279,-1293.817383,0.030891,0.000000
21.550001,30.977669,-1293.906372,-0.002026,0.001179,0.029945,137.795547,7.019640,0.299446,-1293.906372,0.030900,0.000000
21.560001,31.011177,-1293.861938,-0.002039,0.001179,0.029954,137.944611,7.027233,0.299537,-1293.861938,0.030917,0.000000
21.570002,31.025703,-1293.861938,-0.002039,0.001180,0.029963,138.009216,7.030525,0.299627,-1293.861938,0.030933,0.000000
21.580002,30.998894,-1293.906372,-0.002044,0.001180,0.029979,137.889969,7.024450,0.299794,-1293.906372,0.030951,0.000000
21.590000,30.992561,-1293.817383,-0.002026,0.001182,0.030014,137.861801,7.023015,0.300142,-1293.817383,0.030968,0.000000
21.600000,30.994797,-1293.906372,-0.002035,0.001183,0.030058,137.871735,7.023521,0.300581,-1293.906372,0.030986,0.000000
21.610001,31.076347,-1293.861938,-0.002026,0.001185,0.030093,138.234497,7.042001,0.300929,-1293.861938,0.031003,0.000000
21.620001,31.161987,-1293.861938,-0.002039,0.001185,0.030110,138.615448,7.061407,0.301096,-1293.861938,0.031021,0.000000
21.630001,31.203697,-1293.950806,-0.002044,0.001185,0.030110,138.800980,7.070859,0.301096,-1293.950806,0.031038,0.000000
21.640001,31.202576,-1293.861938,-0.002035,0.001185,0.030110,138.795990,7.070604,0.301096,-1293.861938,0.031056,0.000000
21.650002,31.182472,-1293.906372,-0.002018,0.001186,0.030135,138.706558,7.066049,0.301353,-1293.906372,0.031072,0.000000
21.660002,31.161613,-1293.861938,-0.002026,0.001188,0.030170,138.613785,7.061323,0.301702,-1293.861938,0.031091,0.000000
21.670000,31.199226,-1293.817383,-0.002035,0.001189,0.030197,138.781097,7.069846,0.301974,-1293.817383,0.031107,0.000000
21.680000,31.252480,-1293.861938,-0.002009,0.001189,0.030197,139.017975,7.081913,0.301974,-1293.861938,0.031116,0.000000
21.690001,31.262901,-1293.817383,-0.002009,0.001189,0.030197,139.064331,7.084275,0.301974,-1293.817383,0.031133,0.000000
21.700001,31.229759,-1293.950806,-0.002018,0.001189,0.030205,138.916901,7.076765,0.302050,-1293.950806,0.031151,0.000000
21.710001,31.191032,-1293.861938,-0.002013,0.001190,0.030223,138.744644,7.067989,0.302231,-1293.861938,0.031168,0.000000
21.720001,31.171295,-1293.950806,-0.002018,0.001191,0.030249,138.656845,7.063517,0.302489,-1293.950806,0.031186,0.000000
21.730001,31.192894,-1293.906372,-0.002031,0.001192,0.030275,138.752930,7.068411,0.302746,-1293.906372,0.031203,0.000000
21.740002,31.226784,-1293.817383,-0.002026,0.001193,0.030293,138.903671,7.076090,0.302928,-1293.817383,0.031219,0.000000
21.750002,31.245026,-1293.950806,-0.002022,0.001193,0.030293,138.984818,7.080224,0.302928,-1293.950806,0.031237,0.000000
21.760000,31.235718,-1293.861938,-0.002018,0.001193,0.030293,138.943405,7.078115,0.302928,-1293.861938,0.031254,0.000000
21.770000,31.213753,-1293.817383,-0.002022,0.001193,0.030293,138.845703,7.073137,0.302928,-1293.817383,0.031272,0.000000
21.780001,31.179489,-1293.817383,-0.002031,0.001193,0.030293,138.693298,7.065373,0.302928,-1293.817383,0.031289,0.000000
21.790001,31.136299,-1293.861938,-0.002018,0.001193,0.030300,138.501175,7.055586,0.303004,-1293.861938,0.031307,0.000000
21.800001,31.101662,-1293.861938,-0.002013,0.001194,0.030319,138.347107,7.047737,0.303185,-1293.861938,0.031324,0.000000
21.810001,31.068527,-1293.861938,-0.002009,0.001194,0.030335,138.199707,7.040229,0.303352,-1293.861938,0.031333,0.000000
21.820002,31.059212,-1293.906372,-0.002005,0.001195,0.030361,138.158279,7.038118,0.303609,-1293.906372,0.031350,0.000000
21.830002,31.067406,-1293.950806,-0.002022,0.001197,0.030396,138.194717,7.039975,0.303957,-1293.950806,0.031368,0.000000
21.840000,31.099434,-1293.861938,-0.002013,0.001198,0.030421,138.337189,7.047233,0.304215,-1293.861938,0.031384,0.000000
21.850000,31.157150,-1293.906372,-0.002001,0.001198,0.030440,138.593933,7.060311,0.304396,-1293.906372,0.031403,0.000000
21.860001,31.202576,-1293.861938,-0.002005,0.001200,0.030474,138.795990,7.070604,0.304745,-1293.861938,0.031419,0.000000
21.870001,31.231621,-1293.906372,-0.001996,0.001201,0.030509,138.925186,7.077186,0.305093,-1293.906372,0.031437,0.000000
21.880001,31.279655,-1293.817383,-0.002013,0.001202,0.030535,139.138855,7.088071,0.305350,-1293.817383,0.031454,0.000000
21.890001,31.336632,-1293.861938,-0.001996,0.001203,0.030552,139.392303,7.100982,0.305517,-1293.861938,0.031472,0.000000
21.900002,31.376846,-1293.906372,-0.001988,0.001203,0.030552,139.571182,7.110095,0.305517,-1293.906372,0.031489,0.000000
21.910002,31.384293,-1293.817383,-0.002001,0.001203,0.030552,139.604309,7.111783,0.305517,-1293.817383,0.031507,0.000000
21.920002,31.367165,-1293.861938,-0.002022,0.001204,0.030570,139.528122,7.107902,0.305698,-1293.861938,0.031524,0.000000
21.930000,31.344452,-1293.861938,-0.002005,0.001205,0.030596,139.427078,7.102754,0.305956,-1293.861938,0.031540,0.000000
21.940001,31.348175,-1293.906372,-0.002005,0.001205,0.030605,139.443649,7.103598,0.306047,-1293.906372,0.031549,0.000000
21.950001,31.349297,-1293.817383,-0.002009,0.001205,0.030614,139.448639,7.103852,0.306137,-1293.817383,0.031568,0.000000
21.960001,31.337379,-1293.817383,-0.002001,0.001205,0.030614,139.395630,7.101152,0.306137,-1293.817383,0.031584,0.000000
21.970001,31.318756,-1293.906372,-0.002001,0.001206,0.030630,139.312790,7.096931,0.306304,-1293.906372,0.031602,0.000000
21.980001,31.298653,-1293.906372,-0.002005,0.001207,0.030647,139.223358,7.092376,0.306471,-1293.906372,0.031619,0.000000
21.990002,31.308334,-1293.772949,-0.002009,0.001208,0.030674,139.266434,7.094570,0.306743,-1293.772949,0.031636,0.000000
22.000002,31.325462,-1293.906372,-0.001996,0.001209,0.030700,139.342621,7.098451,0.307000,-1293.906372,0.031654,0.000000
22.010000,31.347427,-1293.772949,-0.001992,0.001209,0.030717,139.440323,7.103428,0.307167,-1293.772949,0.031670,0.000000
22.020000,31.374245,-1293.861938,-0.001988,0.001210,0.030735,139.559616,7.109505,0.307349,-1293.861938,0.031689,0.000000
22.030001,31.391373,-1293.817383,-0.002005,0.001210,0.030742,139.635803,7.113387,0.307424,-1293.817383,0.031705,0.000000
22.040001,31.396584,-1293.861938,-0.002001,0.001211,0.030761,139.658981,7.114568,0.307606,-1293.861938,0.031723,0.000000
22.050001,31.400681,-1293.817383,-0.001988,0.001212,0.030786,139.677200,7.115496,0.307863,-1293.817383,0.031740,0.000000
22.060001,31.420044,-1293.861938,-0.001988,0.001213,0.030821,139.763336,7.119884,0.308212,-1293.861938,0.031749,0.000000
22.070002,31.458771,-1293.906372,-0.001979,0.001214,0.030847,139.935608,7.128660,0.308469,-1293.906372,0.031766,0.000000
22.080002,31.512390,-1293.906372,-0.001988,0.001215,0.030865,140.174118,7.140810,0.308651,-1293.906372,0.031784,0.000000
22.090000,31.539948,-1293.906372,-0.001983,0.001215,0.030873,140.296692,7.147054,0.308726,-1293.906372,0.031801,0.000000
22.100000,31.547020,-1293.906372,-0.001996,0.001216,0.030882,140.328156,7.148657,0.308817,-1293.906372,0.031819,0.000000
22.110001,31.544418,-1293.861938,-0.001979,0.001216,0.030891,140.316574,7.148067,0.308908,-1293.861938,0.031836,0.000000
22.120001,31.537338,-1293.906372,-0.001992,0.001217,0.030907,140.285080,7.146463,0.309075,-1293.906372,0.031854,0.000000
22.130001,31.554474,-1293.906372,-0.002005,0.001218,0.030926,140.361313,7.150346,0.309256,-1293.906372,0.031870,0.000000
22.140001,31.556335,-1293.861938,-0.001996,0.001218,0.030926,140.369583,7.150768,0.309256,-1293.861938,0.031888,0.000000
22.150002,31.523560,-1293.906372,-0.001983,0.001218,0.030926,140.223801,7.143341,0.309256,-1293.906372,0.031905,0.000000
22.160002,31.502335,-1293.817383,-0.001970,0.001218,0.030933,140.129379,7.138531,0.309332,-1293.817383,0.031922,0.000000
22.170002,31.495262,-1293.817383,-0.001975,0.001218,0.030933,140.097916,7.136929,0.309332,-1293.817383,0.031940,0.000000
22.180000,31.458023,-1293.906372,-0.001988,0.001218,0.030942,139.932281,7.128490,0.309423,-1293.906372,0.031957,0.000000
22.190001,31.408875,-1293.906372,-0.001992,0.001219,0.030968,139.713654,7.117353,0.309680,-1293.906372,0.031966,0.000000
22.200001,31.404778,-1293.995361,-0.001988,0.001220,0.030986,139.695435,7.116424,0.309862,-1293.995361,0.031984,0.000000
22.210001,31.409248,-1293.861938,-0.001983,0.001220,0.030995,139.715317,7.117437,0.309953,-1293.861938,0.032001,0.000000
22.220001,31.404778,-1293.861938,-0.001975,0.001220,0.030995,139.695435,7.116424,0.309953,-1293.861938,0.032017,0.000000
22.230001,31.372749,-1293.906372,-0.001988,0.001221,0.031021,139.552963,7.109167,0.310210,-1293.906372,0.032035,0.000000
22.240002,31.379456,-1293.817383,-0.001983,0.001223,0.031056,139.582794,7.110686,0.310558,-1293.817383,0.032052,0.000000
22.250002,31.433075,-1293.861938,-0.001983,0.001225,0.031116,139.821304,7.122837,0.311164,-1293.861938,0.032070,0.000000
22.260000,31.528404,-1293.772949,-0.001983,0.001226,0.031151,140.245346,7.144439,0.311512,-1293.772949,0.032087,0.000000
22.270000,31.626335,-1293.906372,-0.001983,0.001227,0.031168,140.680969,7.166630,0.311679,-1293.906372,0.032105,0.000000
22.280001,31.672516,-1293.861938,-0.001983,0.001228,0.031186,140.886383,7.177094,0.311860,-1293.861938,0.032122,0.000000
22.290001,31.691879,-1293.861938,-0.001979,0.001228,0.031203,140.972519,7.181483,0.312027,-1293.861938,0.032140,0.000000
22.300001,31.705650,-1293.906372,-0.001979,0.001229,0.031219,141.033783,7.184603,0.312193,-1293.906372,0.032156,0.000000
22.310001,31.740654,-1293.817383,-0.001966,0.001230,0.031237,141.189484,7.192535,0.312375,-1293.817383,0.032175,0.000000
22.320002,31.742516,-1293.861938,-0.001966,0.001230,0.031237,141.197754,7.192957,0.312375,-1293.861938,0.032182,0.000000
22.330002,31.730606,-1293.817383,-0.001983,0.001230,0.031247,141.144791,7.190259,0.312466,-1293.817383,0.032200,0.000000
22.340000,31.719429,-1293.817383,-0.001970,0.001231,0.031272,141.095062,7.187726,0.312723,-1293.817383,0.032217,0.000000
22.350000,31.706024,-1293.861938,-0.001966,0.001233,0.031307,141.035446,7.184688,0.313071,-1293.861938,0.032235,0.000000
22.360001,31.755554,-1293.817383,-0.001975,0.001234,0.031342,141.255753,7.195911,0.313420,-1293.817383,0.032252,0.000000
22.370001,31.810661,-1293.861938,-0.001983,0.001234,0.031342,141.500885,7.208399,0.313420,-1293.861938,0.032270,0.000000
22.380001,31.824814,-1293.950806,-0.001962,0.001234,0.031350,141.563843,7.211606,0.313495,-1293.950806,0.032287,0.000000
22.390001,31.838219,-1293.861938,-0.001957,0.001235,0.031368,141.623474,7.214643,0.313677,-1293.861938,0.032305,0.000000
22.400002,31.811035,-1293.950806,-0.001966,0.001235,0.031368,141.502548,7.208484,0.313677,-1293.950806,0.032321,0.000000
22.410002,31.802841,-1293.772949,-0.001957,0.001235,0.031377,141.466110,7.206627,0.313768,-1293.772949,0.032338,0.000000
22.420002,31.767464,-1293.906372,-0.001949,0.001236,0.031384,141.308731,7.198610,0.313843,-1293.906372,0.032356,0.000000
22.430000,31.757416,-1293.906372,-0.001957,0.001236,0.031393,141.264038,7.196333,0.313934,-1293.906372,0.032373,0.000000
22.440001,31.740280,-1293.861938,-0.001949,0.001237,0.031412,141.187820,7.192451,0.314116,-1293.861938,0.032391,0.000000
22.450001,31.724648,-1293.906372,-0.001957,0.001237,0.031428,141.118286,7.188908,0.314283,-1293.906372,0.032400,0.000000
22.460001,31.733582,-1293.861938,-0.001966,0.001237,0.031428,141.158020,7.190932,0.314283,-1293.861938,0.032417,0.000000
22.470001,31.713470,-1293.906372,-0.001953,0.001237,0.031428,141.068558,7.186375,0.314283,-1293.906372,0.032434,0.000000
22.480001,31.681450,-1293.817383,-0.001962,0.001237,0.031428,140.926132,7.179119,0.314283,-1293.817383,0.032452,0.000000
22.490002,31.669907,-1293.861938,-0.001962,0.001237,0.031428,140.874786,7.176503,0.314283,-1293.861938,0.032468,0.000000
22.500002,31.614426,-1293.861938,-0.001957,0.001237,0.031428,140.627991,7.163931,0.314283,-1293.861938,0.032487,0.000000
22.510000,31.581284,-1293.772949,-0.001953,0.001237,0.031428,140.480560,7.156421,0.314283,-1293.772949,0.032503,0.000000
22.520000,31.537338,-1293.861938,-0.001949,0.001238,0.031437,140.285080,7.146463,0.314373,-1293.861938,0.032521,0.000000
22.530001,31.512764,-1293.906372,-0.001962,0.001238,0.031437,140.175781,7.140894,0.314373,-1293.906372,0.032538,0.000000
22.540001,31.481110,-1293.817383,-0.001944,0.001238,0.031454,140.034973,7.133721,0.314540,-1293.817383,0.032556,0.000000
22.550001,31.459885,-1293.861938,-0.001966,0.001239,0.031463,139.940552,7.128912,0.314631,-1293.861938,0.032573,0.000000
22.560001,31.435684,-1293.817383,-0.001944,0.001239,0.031480,139.832901,7.123428,0.314797,-1293.817383,0.032591,0.000000
22.570002,31.437546,-1293.906372,-0.001953,0.001240,0.031489,139.841187,7.123850,0.314888,-1293.906372,0.032608,0.000000
22.580002,31.457657,-1293.906372,-0.001949,0.001240,0.031489,139.930649,7.128407,0.314888,-1293.906372,0.032617,0.000000
22.590000,31.441269,-1293.772949,-0.001957,0.001240,0.031498,139.857742,7.124693,0.314979,-1293.772949,0.032633,0.000000
22.600000,31.417809,-1293.906372,-0.001966,0.001241,0.031515,139.753387,7.119377,0.315145,-1293.906372,0.032652,0.000000
22.610001,31.392113,-1293.817383,-0.001962,0.001241,0.031524,139.639099,7.113554,0.315236,-1293.817383,0.032668,0.000000
22.620001,31.393234,-1293.861938,-0.001949,0.001243,0.031575,139.644073,7.113809,0.315751,-1293.861938,0.032686,0.000000
22.630001,31.419670,-1293.817383,-0.001944,0.001247,0.031663,139.761673,7.119799,0.316629,-1293.817383,0.032703,0.000000
22.640001,31.573463,-1293.817383,-0.001957,0.001250,0.031740,140.445786,7.154649,0.317401,-1293.817383,0.032720,0.000000
22.650002,31.780502,-1293.861938,-0.001953,0.001251,0.031766,141.366730,7.201565,0.317659,-1293.861938,0.032738,0.000000
22.660002,31.916412,-1293.817383,-0.001953,0.001251,0.031766,141.971298,7.232362,0.317659,-1293.817383,0.032754,0.000000
22.670002,31.940620,-1293.861938,-0.001936,0.001251,0.031766,142.078979,7.237848,0.317659,-1293.861938,0.032773,0.000000
22.680000,31.919769,-1293.906372,-0.001944,0.001251,0.031766,141.986221,7.233123,0.317659,-1293.906372,0.032789,0.000000
22.690001,31.897049,-1293.817383,-0.001940,0.001251,0.031766,141.885162,7.227975,0.317659,-1293.817383,0.032807,0.000000
22.700001,31.877319,-1293.906372,-0.001949,0.001251,0.031766,141.797394,7.223504,0.317659,-1293.906372,0.032824,0.000000
22.710001,31.831886,-1293.817383,-0.001936,0.001251,0.031766,141.595306,7.213209,0.317659,-1293.817383,0.032833,0.000000
22.720001,31.798004,-1293.772949,-0.001953,0.001251,0.031766,141.444580,7.205531,0.317659,-1293.772949,0.032850,0.000000
22.730001,31.759277,-1293.861938,-0.001949,0.001251,0.031775,141.272324,7.196755,0.317750,-1293.861938,0.032868,0.000000
22.740002,31.730606,-1293.861938,-0.001932,0.001252,0.031793,141.144791,7.190259,0.317931,-1293.861938,0.032885,0.000000
22.750002,31.711243,-1293.950806,-0.001936,0.001253,0.031819,141.058655,7.185870,0.318189,-1293.950806,0.032903,0.000000
22.760000,31.710495,-1293.817383,-0.001927,0.001253,0.031826,141.055328,7.185701,0.318264,-1293.817383,0.032920,0.000000
22.770000,31.706024,-1293.817383,-0.001927,0.001253,0.031826,141.035446,7.184688,0.318264,-1293.817383,0.032938,0.000000
22.780001,31.709373,-1293.906372,-0.001940,0.001253,0.031836,141.050339,7.185447,0.318355,-1293.906372,0.032954,0.000000
22.790001,31.698578,-1293.817383,-0.001923,0.001253,0.031836,141.002319,7.183000,0.318355,-1293.817383,0.032972,0.000000
22.800001,31.672142,-1293.861938,-0.001949,0.001253,0.031836,140.884720,7.177010,0.318355,-1293.861938,0.032989,0.000000
22.810001,31.648308,-1293.772949,-0.001932,0.001254,0.031861,140.778702,7.171609,0.318612,-1293.772949,0.033007,0.000000
22.820002,31.615540,-1293.861938,-0.001936,0.001256,0.031905,140.632950,7.164184,0.319052,-1293.861938,0.033024,0.000000
22.830002,31.640114,-1293.906372,-0.001944,0.001257,0.031931,140.742249,7.169752,0.319309,-1293.906372,0.033033,0.000000
22.840000,31.684799,-1293.817383,-0.001936,0.001258,0.031966,140.941025,7.179878,0.319657,-1293.817383,0.033050,0.000000
22.850000,31.730606,-1293.861938,-0.001944,0.001259,0.031975,141.144791,7.190259,0.319748,-1293.861938,0.033068,0.000000
22.860001,31.772682,-1293.817383,-0.001940,0.001259,0.031975,141.331955,7.199792,0.319748,-1293.817383,0.033085,0.000000
22.870001,31.766350,-1293.906372,-0.001927,0.001259,0.031975,141.303787,7.198358,0.319748,-1293.906372,0.033103,0.000000
22.880001,31.750336,-1293.861938,-0.001940,0.001259,0.031975,141.232544,7.194729,0.319748,-1293.861938,0.033119,0.000000
22.890001,31.724648,-1293.861938,-0.001923,0.001259,0.031975,141.118286,7.188908,0.319748,-1293.861938,0.033136,0.000000
22.900002,31.685547,-1293.950806,-0.001932,0.001259,0.031975,140.944351,7.180048,0.319748,-1293.950806,0.033154,0.000000
22.910002,31.646072,-1293.861938,-0.001927,0.001259,0.031975,140.768753,7.171103,0.319748,-1293.861938,0.033171,0.000000
22.920002,31.612930,-1293.861938,-0.001932,0.001259,0.031975,140.621338,7.163592,0.319748,-1293.861938,0.033189,0.000000
22.930000,31.574951,-1293.906372,-0.001936,0.001259,0.031975,140.452393,7.154986,0.319748,-1293.906372,0.033206,0.000000
22.940001,31.545532,-1293.817383,-0.001932,0.001259,0.031984,140.321533,7.148320,0.319839,-1293.817383,0.033224,0.000000
22.950001,31.501221,-1293.906372,-0.001932,0.001261,0.032026,140.124435,7.138278,0.320263,-1293.906372,0.033240,0.000000
22.960001,31.503082,-1293.861938,-0.001927,0.001264,0.032105,140.132706,7.138700,0.321050,-1293.861938,0.033250,0.000000
22.970001,31.615913,-1293.906372,-0.001910,0.001267,0.032191,140.634613,7.164268,0.321913,-1293.906372,0.033266,0.000000
22.980001,31.821465,-1293.906372,-0.001919,0.001270,0.032261,141.548950,7.210847,0.322609,-1293.906372,0.033284,0.000000
22.990002,32.019562,-1293.861938,-0.001919,0.001272,0.032321,142.430130,7.255736,0.323215,-1293.861938,0.033301,0.000000
23.000002,32.202026,-1293.906372,-0.001914,0.001274,0.032356,143.241760,7.297083,0.323563,-1293.906372,0.033319,0.000000
23.010000,32.342041,-1293.861938,-0.001910,0.001275,0.032373,143.864578,7.328811,0.323730,-1293.861938,0.033336,0.000000
23.020000,32.412788,-1293.861938,-0.001923,0.001276,0.032408,144.179291,7.344843,0.324078,-1293.861938,0.033354,0.000000
23.030001,32.464172,-1293.861938,-0.001914,0.001277,0.032426,144.407852,7.356486,0.324260,-1293.861938,0.033371,0.000000
23.040001,32.504395,-1293.772949,-0.001910,0.001277,0.032434,144.586761,7.365601,0.324335,-1293.772949,0.033389,0.000000
23.050001,32.521149,-1293.906372,-0.001927,0.001277,0.032443,144.661301,7.369398,0.324426,-1293.906372,0.033405,0.000000
23.060001,32.517052,-1293.817383,-0.001906,0.001278,0.032468,144.643066,7.368469,0.324683,-1293.817383,0.033422,0.000000
23.070002,32.520035,-1293.861938,-0.001919,0.001280,0.032503,144.656342,7.369145,0.325032,-1293.861938,0.033440,0.000000
23.080002,32.562485,-1293.817383,-0.001910,0.001281,0.032529,144.845169,7.378764,0.325289,-1293.817383,0.033457,0.000000
23.090000,32.616478,-1293.861938,-0.001919,0.001282,0.032556,145.085342,7.391000,0.325562,-1293.861938,0.033466,0.000000
23.100000,32.666000,-1293.995361,-0.001919,0.001283,0.032582,145.305634,7.402222,0.325819,-1293.995361,0.033484,0.000000
23.110001,32.705849,-1293.817383,-0.001906,0.001283,0.032599,145.482880,7.411252,0.325985,-1293.817383,0.033501,0.000000
23.120001,32.738983,-1293.906372,-0.001897,0.001284,0.032608,145.630264,7.418760,0.326076,-1293.906372,0.033518,0.000000
23.130001,32.735634,-1293.817383,-0.001906,0.001284,0.032617,145.615372,7.418001,0.326167,-1293.817383,0.033536,0.000000
23.140001,32.728188,-1293.861938,-0.001901,0.001285,0.032633,145.582245,7.416313,0.326334,-1293.861938,0.033552,0.000000
23.150002,32.727440,-1293.906372,-0.001910,0.001285,0.032652,145.578918,7.416144,0.326515,-1293.906372,0.033571,0.000000
23.160002,32.730423,-1293.817383,-0.001914,0.001286,0.032668,145.592194,7.416820,0.326682,-1293.817383,0.033587,0.000000
23.170002,32.726326,-1293.861938,-0.001897,0.001287,0.032694,145.573975,7.415892,0.326939,-1293.861938,0.033605,0.000000
23.180000,32.741592,-1293.817383,-0.001901,0.001289,0.032729,145.641876,7.419351,0.327287,-1293.817383,0.033622,0.000000
23.190001,32.783669,-1293.861938,-0.001884,0.001289,0.032738,145.829041,7.428885,0.327378,-1293.861938,0.033640,0.000000
23.200001,32.825378,-1293.995361,-0.001897,0.001289,0.032747,146.014572,7.438337,0.327469,-1293.995361,0.033657,0.000000
23.210001,32.817932,-1293.817383,-0.001897,0.001290,0.032764,145.981461,7.436650,0.327636,-1293.817383,0.033675,0.000000
23.220001,32.808624,-1293.906372,-0.001893,0.001290,0.032773,145.940048,7.434541,0.327726,-1293.906372,0.033683,0.000000
23.230001,32.827240,-1293.772949,-0.001888,0.001291,0.032789,146.022858,7.438759,0.327893,-1293.772949,0.033701,0.000000
23.240002,32.812714,-1293.906372,-0.001897,0.001291,0.032798,145.958237,7.435467,0.327984,-1293.906372,0.033717,0.000000
23.250002,32.808624,-1293.861938,-0.001914,0.001292,0.032824,145.940048,7.434541,0.328241,-1293.861938,0.033736,0.000000
23.260000,32.815697,-1293.817383,-0.001906,0.001293,0.032850,145.971512,7.436143,0.328499,-1293.817383,0.033752,0.000000
23.270000,32.846603,-1293.861938,-0.001893,0.001294,0.032859,146.108994,7.443147,0.328589,-1293.861938,0.033770,0.000000
23.280001,32.840271,-1293.817383,-0.001893,0.001294,0.032868,146.080826,7.441712,0.328680,-1293.817383,0.033787,0.000000
23.290001,32.841019,-1293.861938,-0.001888,0.001294,0.032868,146.084152,7.441881,0.328680,-1293.861938,0.033804,0.000000
23.300001,32.816811,-1293.861938,-0.001888,0.001294,0.032877,145.976471,7.436396,0.328771,-1293.861938,0.033822,0.000000
23.310001,32.797447,-1293.817383,-0.001893,0.001294,0.032877,145.890335,7.432008,0.328771,-1293.817383,0.033838,0.000000
23.320002,32.771011,-1293.817383,-0.001893,0.001294,0.032877,145.772736,7.426017,0.328771,-1293.817383,0.033857,0.000000
23.330002,32.738617,-1293.861938,-0.001893,0.001294,0.032877,145.628647,7.418677,0.328771,-1293.861938,0.033873,0.000000
23.340002,32.683128,-1293.861938,-0.001897,0.001294,0.032877,145.381821,7.406103,0.328771,-1293.861938,0.033891,0.000000
23.350000,32.645523,-1293.861938,-0.001884,0.001295,0.032885,145.214539,7.397581,0.328847,-1293.861938,0.033901,0.000000
23.360001,32.603073,-1293.772949,-0.001888,0.001296,0.032910,145.025711,7.387962,0.329104,-1293.772949,0.033917,0.000000
23.370001,32.587807,-1293.861938,-0.001897,0.001296,0.032929,144.957809,7.384503,0.329286,-1293.861938,0.033934,0.000000
23.380001,32.577751,-1293.817383,-0.001884,0.001297,0.032945,144.913071,7.382224,0.329452,-1293.817383,0.033952,0.000000
23.390001,32.584824,-1293.817383,-0.001871,0.001297,0.032954,144.944534,7.383826,0.329543,-1293.817383,0.033969,0.000000
23.400002,32.588547,-1293.906372,-0.001876,0.001298,0.032980,144.961090,7.384670,0.329801,-1293.906372,0.033987,0.000000
23.410002,32.599716,-1293.817383,-0.001888,0.001299,0.032998,145.010773,7.387201,0.329982,-1293.817383,0.034003,0.000000
23.420002,32.605309,-1293.861938,-0.001888,0.001299,0.032998,145.035660,7.388469,0.329982,-1293.861938,0.034022,0.000000
23.430000,32.591530,-1293.861938,-0.001888,0.001299,0.032998,144.974365,7.385346,0.329982,-1293.861938,0.034038,0.000000
23.440001,32.575890,-1293.906372,-0.001884,0.001300,0.033007,144.904800,7.381802,0.330073,-1293.906372,0.034056,0.000000
23.450001,32.552429,-1293.906372,-0.001888,0.001300,0.033007,144.800430,7.376486,0.330073,-1293.906372,0.034073,0.000000
23.460001,32.519287,-1293.861938,-0.001888,0.001300,0.033024,144.653015,7.368976,0.330240,-1293.861938,0.034091,0.000000
23.470001,32.471626,-1293.861938,-0.001884,0.001301,0.033033,144.441010,7.358176,0.330330,-1293.861938,0.034099,0.000000
23.480001,32.441833,-1293.861938,-0.001888,0.001301,0.033050,144.308487,7.351425,0.330497,-1293.861938,0.034117,0.000000
23.490002,32.436249,-1293.817383,-0.001884,0.001302,0.033075,144.283646,7.350159,0.330754,-1293.817383,0.034134,0.000000
23.500002,32.425446,-1293.861938,-0.001884,0.001305,0.033145,144.235580,7.347711,0.331451,-1293.861938,0.034152,0.000000
23.510000,32.531204,-1293.861938,-0.001880,0.001306,0.033180,144.706024,7.371676,0.331799,-1293.861938,0.034169,0.000000
23.520000,32.658180,-1293.861938,-0.001884,0.001308,0.033215,145.270844,7.400450,0.332147,-1293.861938,0.034187,0.000000
23.530001,32.731911,-1293.817383,-0.001876,0.001309,0.033240,145.598816,7.417157,0.332405,-1293.817383,0.034203,0.000000
23.540001,32.803032,-1293.861938,-0.001871,0.001309,0.033259,145.915176,7.433273,0.332586,-1293.861938,0.034220,0.000000
23.550001,32.843994,-1293.906372,-0.001871,0.001310,0.033266,146.097382,7.442556,0.332662,-1293.906372,0.034238,0.000000
23.560001,32.849953,-1293.817383,-0.001858,0.001310,0.033275,146.123886,7.443906,0.332753,-1293.817383,0.034255,0.000000
23.570002,32.827988,-1293.906372,-0.001867,0.001310,0.033284,146.026184,7.438928,0.332844,-1293.906372,0.034273,0.000000
23.580002,32.813835,-1293.817383,-0.001867,0.001311,0.033301,145.963226,7.435721,0.333010,-1293.817383,0.034290,0.000000
23.590002,32.808250,-1293.861938,-0.001867,0.001311,0.033310,145.938385,7.434456,0.333101,-1293.861938,0.034308,0.000000
23.600000,32.811600,-1293.861938,-0.001871,0.001312,0.033327,145.953278,7.435215,0.333268,-1293.861938,0.034315,0.000000
23.610001,32.799683,-1293.861938,-0.001867,0.001313,0.033354,145.900269,7.432515,0.333540,-1293.861938,0.034334,0.000000
23.620001,32.814949,-1293.817383,-0.001863,0.001315,0.033396,145.968185,7.435974,0.333964,-1293.817383,0.034350,0.000000
23.630001,32.893890,-1293.817383,-0.001880,0.001315,0.033396,146.319336,7.453862,0.333964,-1293.817383,0.034368,0.000000
23.640001,32.930756,-1293.861938,-0.001867,0.001315,0.033396,146.483322,7.462216,0.333964,-1293.861938,0.034385,0.000000
23.650002,32.906929,-1293.906372,-0.001858,0.001315,0.033396,146.377335,7.456817,0.333964,-1293.906372,0.034403,0.000000
23.660002,32.876762,-1293.861938,-0.001871,0.001315,0.033405,146.243149,7.449981,0.334055,-1293.861938,0.034420,0.000000
23.670002,32.839531,-1293.861938,-0.001876,0.001316,0.033422,146.077530,7.441544,0.334221,-1293.861938,0.034438,0.000000
23.680000,32.827240,-1293.817383,-0.001867,0.001317,0.033449,146.022858,7.438759,0.334494,-1293.817383,0.034455,0.000000
23.690001,32.832077,-1293.861938,-0.001850,0.001318,0.033484,146.044373,7.439855,0.334842,-1293.861938,0.034473,0.000000
23.700001,32.852188,-1293.861938,-0.001867,0.001319,0.033492,146.133835,7.444412,0.334918,-1293.861938,0.034489,0.000000
23.710001,32.899109,-1293.817383,-0.001850,0.001319,0.033510,146.342545,7.455045,0.335099,-1293.817383,0.034506,0.000000
23.720001,32.902458,-1293.861938,-0.001850,0.001320,0.033518,146.357437,7.455804,0.335175,-1293.861938,0.034524,0.000000
23.730001,32.898735,-1293.817383,-0.001863,0.001321,0.033545,146.340881,7.454960,0.335448,-1293.817383,0.034533,0.000000
23.740002,32.924797,-1293.772949,-0.001845,0.001321,0.033561,146.456818,7.460865,0.335614,-1293.772949,0.034550,0.000000
23.750002,32.928894,-1293.906372,-0.001867,0.001321,0.033561,146.475037,7.461794,0.335614,-1293.906372,0.034568,0.000000
23.760000,32.909531,-1293.817383,-0.001854,0.001322,0.033571,146.388901,7.457406,0.335705,-1293.817383,0.034585,0.000000
23.770000,32.897987,-1293.906372,-0.001863,0.001323,0.033605,146.337555,7.454791,0.336053,-1293.906372,0.034602,0.000000
23.780001,32.909531,-1293.861938,-0.001858,0.001325,0.033648,146.388901,7.457406,0.336477,-1293.861938,0.034620,0.000000
23.790001,32.992569,-1293.861938,-0.001845,0.001326,0.033692,146.758270,7.476223,0.336916,-1293.861938,0.034636,0.000000
23.800001,33.097206,-1293.906372,-0.001854,0.001327,0.033717,147.223724,7.499934,0.337174,-1293.906372,0.034654,0.000000
23.810001,33.166840,-1293.906372,-0.001858,0.001328,0.033726,147.533478,7.515713,0.337264,-1293.906372,0.034671,0.000000
23.820002,33.190674,-1293.861938,-0.001850,0.001328,0.033736,147.639496,7.521114,0.337355,-1293.861938,0.034689,0.000000
23.830002,33.185089,-1293.861938,-0.001858,0.001328,0.033736,147.614655,7.519849,0.337355,-1293.861938,0.034706,0.000000
23.840002,33.163864,-1293.906372,-0.001863,0.001328,0.033743,147.520233,7.515039,0.337431,-1293.906372,0.034724,0.000000
23.850000,33.130348,-1293.861938,-0.001850,0.001328,0.033743,147.371155,7.507444,0.337431,-1293.861938,0.034741,0.000000
23.860001,33.117317,-1293.861938,-0.001858,0.001329,0.033752,147.313187,7.504491,0.337522,-1293.861938,0.034750,0.000000
23.870001,33.087898,-1293.906372,-0.001837,0.001329,0.033761,147.182327,7.497825,0.337613,-1293.906372,0.034767,0.000000
23.880001,33.056618,-1293.817383,-0.001854,0.001329,0.033761,147.043182,7.490736,0.337613,-1293.817383,0.034785,0.000000
23.890001,33.027573,-1293.861938,-0.001837,0.001330,0.033778,146.913986,7.484155,0.337779,-1293.861938,0.034801,0.000000
23.900002,32.999275,-1293.861938,-0.001841,0.001331,0.033804,146.788101,7.477743,0.338037,-1293.861938,0.034820,0.000000
23.910002,33.017151,-1293.817383,-0.001850,0.001332,0.033831,146.867615,7.481793,0.338309,-1293.817383,0.034836,0.000000
23.920002,33.048431,-1293.906372,-0.001841,0.001333,0.033848,147.006760,7.488882,0.338476,-1293.906372,0.034854,0.000000
23.930000,33.064438,-1293.861938,-0.001845,0.001333,0.033848,147.077972,7.492509,0.338476,-1293.861938,0.034871,0.000000
23.940001,33.074867,-1293.861938,-0.001850,0.001333,0.033857,147.124359,7.494872,0.338566,-1293.861938,0.034889,0.000000
23.950001,33.051407,-1293.906372,-0.001841,0.001334,0.033873,147.020004,7.489556,0.338733,-1293.906372,0.034906,0.000000
23.960001,33.029808,-1293.861938,-0.001841,0.001335,0.033908,146.923920,7.484661,0.339081,-1293.861938,0.034922,0.000000
23.970001,33.049919,-1293.906372,-0.001841,0.001336,0.033943,147.013382,7.489219,0.339429,-1293.906372,0.034941,0.000000
23.980001,33.140404,-1293.817383,-0.001850,0.001337,0.033961,147.415878,7.509723,0.339611,-1293.817383,0.034957,0.000000
23.990002,33.194023,-1293.906372,-0.001841,0.001337,0.033961,147.654388,7.521873,0.339611,-1293.906372,0.034966,0.000000
24.000002,33.172798,-1293.817383,-0.001845,0.001337,0.033961,147.559982,7.517064,0.339611,-1293.817383,0.034985,0.000000
24.010000,33.142265,-1293.906372,-0.001845,0.001337,0.033969,147.424164,7.510145,0.339687,-1293.906372,0.035001,0.000000
24.020000,33.106888,-1293.817383,-0.001824,0.001339,0.034003,147.266785,7.502128,0.340035,-1293.817383,0.035018,0.000000
24.030001,33.124023,-1293.861938,-0.001828,0.001340,0.034029,147.343018,7.506011,0.340292,-1293.861938,0.035036,0.000000
24.040001,33.168335,-1293.817383,-0.001837,0.001341,0.034064,147.540115,7.516052,0.340641,-1293.817383,0.035053,0.000000
24.050001,33.214882,-1293.861938,-0.001841,0.001343,0.034108,147.747177,7.526600,0.341080,-1293.861938,0.035071,0.000000
24.060001,33.315422,-1293.817383,-0.001824,0.001343,0.034125,148.194397,7.549383,0.341246,-1293.817383,0.035087,0.000000
24.070002,33.391754,-1293.950806,-0.001815,0.001343,0.034125,148.533936,7.566680,0.341246,-1293.950806,0.035106,0.000000
24.080002,33.385796,-1293.817383,-0.001832,0.001343,0.034125,148.507431,7.565330,0.341246,-1293.817383,0.035122,0.000000
24.090002,33.360847,-1293.817383,-0.001815,0.001343,0.034125,148.396454,7.559676,0.341246,-1293.817383,0.035140,0.000000
24.100000,33.336273,-1293.906372,-0.001824,0.001344,0.034134,148.287155,7.554108,0.341337,-1293.906372,0.035157,0.000000
24.110001,33.311325,-1293.817383,-0.001815,0.001344,0.034134,148.176178,7.548454,0.341337,-1293.817383,0.035175,0.000000
24.120001,33.266266,-1293.906372,-0.001841,0.001344,0.034134,147.975739,7.538243,0.341337,-1293.906372,0.035183,0.000000
24.130001,33.228653,-1293.861938,-0.001832,0.001344,0.034134,147.808426,7.529720,0.341337,-1293.861938,0.035201,0.000000
24.140001,33.183975,-1293.906372,-0.001824,0.001346,0.034178,147.609695,7.519597,0.341776,-1293.906372,0.035218,0.000000
24.150002,33.178017,-1293.906372,-0.001828,0.001346,0.034194,147.583191,7.518246,0.341943,-1293.906372,0.035236,0.000000
24.160002,33.226425,-1293.772949,-0.001828,0.001347,0.034203,147.798523,7.529215,0.342033,-1293.772949,0.035253,0.000000
24.170002,33.226791,-1293.906372,-0.001824,0.001347,0.034203,147.800156,7.529299,0.342033,-1293.906372,0.035271,0.000000
24.180000,33.203705,-1293.861938,-0.001824,0.001347,0.034212,147.697449,7.524067,0.342124,-1293.861938,0.035287,0.000000
24.190001,33.186577,-1293.817383,-0.001819,0.001347,0.034220,147.621262,7.520185,0.342200,-1293.817383,0.035304,0.000000
24.200001,33.164612,-1293.906372,-0.001828,0.001348,0.034238,147.523560,7.515208,0.342382,-1293.906372,0.035322,0.000000
24.210001,33.168701,-1293.817383,-0.001824,0.001349,0.034264,147.541748,7.516135,0.342639,-1293.817383,0.035339,0.000000
24.220001,33.188438,-1293.906372,-0.001815,0.001349,0.034273,147.629547,7.520608,0.342730,-1293.906372,0.035357,0.000000
24.230001,33.193657,-1293.861938,-0.001828,0.001350,0.034299,147.652756,7.521790,0.342987,-1293.861938,0.035374,0.000000
24.240002,33.199242,-1293.772949,-0.001811,0.001351,0.034315,147.677597,7.523056,0.343154,-1293.772949,0.035383,0.000000
24.250002,33.220093,-1293.861938,-0.001832,0.001352,0.034334,147.770355,7.527781,0.343335,-1293.861938,0.035399,0.000000
24.260000,33.238708,-1293.728516,-0.001815,0.001353,0.034368,147.853165,7.531999,0.343684,-1293.728516,0.035418,0.000000
24.270000,33.306107,-1293.861938,-0.001815,0.001353,0.034377,148.152954,7.547272,0.343774,-1293.861938,0.035434,0.000000
24.280001,33.331802,-1293.861938,-0.001824,0.001354,0.034394,148.267258,7.553094,0.343941,-1293.861938,0.035452,0.000000
24.290001,33.354149,-1293.817383,-0.001807,0.001354,0.034403,148.366669,7.558158,0.344032,-1293.817383,0.035469,0.000000
24.300001,33.361969,-1293.861938,-0.001815,0.001354,0.034403,148.401443,7.559930,0.344032,-1293.861938,0.035487,0.000000
24.310001,33.347443,-1293.861938,-0.001815,0.001354,0.034403,148.336838,7.556639,0.344032,-1293.861938,0.035504,0.000000
24.320002,33.327705,-1293.861938,-0.001802,0.001354,0.034403,148.249039,7.552166,0.344032,-1293.861938,0.035522,0.000000
24.330002,33.300896,-1293.861938,-0.001824,0.001355,0.034420,148.129776,7.546091,0.344198,-1293.861938,0.035539,0.000000
24.340002,33.267754,-1293.817383,-0.001811,0.001357,0.034473,147.982361,7.538581,0.344728,-1293.817383,0.035557,0.000000
24.350000,33.302757,-1293.861938,-0.001828,0.001358,0.034499,148.138062,7.546513,0.344986,-1293.861938,0.035573,0.000000
24.360001,33.349678,-1293.817383,-0.001824,0.001360,0.034550,148.346771,7.557145,0.345500,-1293.817383,0.035592,0.000000
24.370001,33.431602,-1293.906372,-0.001802,0.001362,0.034594,148.711197,7.575709,0.345939,-1293.906372,0.035599,0.000000
24.380001,33.552994,-1293.817383,-0.001802,0.001362,0.034594,149.251175,7.603217,0.345939,-1293.817383,0.035617,0.000000
24.390001,33.591721,-1293.817383,-0.001798,0.001362,0.034594,149.423431,7.611993,0.345939,-1293.817383,0.035634,0.000000
24.400002,33.582039,-1293.861938,-0.001802,0.001362,0.034594,149.380371,7.609798,0.345939,-1293.861938,0.035652,0.000000
24.410002,33.545547,-1293.772949,-0.001798,0.001362,0.034594,149.218048,7.601530,0.345939,-1293.772949,0.035669,0.000000
24.420002,33.516876,-1293.861938,-0.001789,0.001362,0.034594,149.090515,7.595033,0.345939,-1293.861938,0.035687,0.000000
24.430000,33.495277,-1293.861938,-0.001811,0.001362,0.034594,148.994431,7.590138,0.345939,-1293.861938,0.035704,0.000000
24.440001,33.466606,-1293.817383,-0.001789,0.001362,0.034594,148.866898,7.583642,0.345939,-1293.817383,0.035720,0.000000
24.450001,33.427132,-1293.817383,-0.001807,0.001362,0.034602,148.691315,7.574697,0.346015,-1293.817383,0.035738,0.000000
24.460001,33.401062,-1293.817383,-0.001802,0.001362,0.034602,148.575348,7.568789,0.346015,-1293.817383,0.035755,0.000000
24.470001,33.366806,-1293.861938,-0.001798,0.001363,0.034611,148.422974,7.561026,0.346106,-1293.861938,0.035773,0.000000
24.480001,33.340370,-1293.861938,-0.001811,0.001364,0.034636,148.305374,7.555036,0.346363,-1293.861938,0.035790,0.000000
24.490002,33.315788,-1293.861938,-0.001794,0.001365,0.034671,148.196030,7.549465,0.346712,-1293.861938,0.035808,0.000000
24.500002,33.351540,-1293.861938,-0.001798,0.001365,0.034671,148.355057,7.557567,0.346712,-1293.861938,0.035816,0.000000
24.510000,33.360474,-1293.817383,-0.001802,0.001365,0.034671,148.394791,7.559591,0.346712,-1293.817383,0.035834,0.000000
24.520000,33.343719,-1293.906372,-0.001807,0.001365,0.034671,148.320267,7.555795,0.346712,-1293.906372,0.035851,0.000000
24.530001,33.326965,-1293.861938,-0.001802,0.001365,0.034671,148.245743,7.551998,0.346712,-1293.861938,0.035869,0.000000
24.540001,33.287117,-1293.861938,-0.001789,0.001366,0.034689,148.068497,7.542968,0.346893,-1293.861938,0.035885,0.000000
24.550001,33.263657,-1293.906372,-0.001807,0.001366,0.034697,147.964142,7.537652,0.346969,-1293.906372,0.035904,0.000000
24.560001,33.253609,-1293.861938,-0.001802,0.001366,0.034706,147.919434,7.535376,0.347060,-1293.861938,0.035920,0.000000
24.570002,33.245789,-1293.906372,-0.001802,0.001366,0.034706,147.884659,7.533604,0.347060,-1293.906372,0.035938,0.000000
24.580002,33.221207,-1293.817383,-0.001802,0.001367,0.034715,147.775314,7.528033,0.347151,-1293.817383,0.035955,0.000000
24.590002,33.211525,-1293.728516,-0.001798,0.001367,0.034724,147.732239,7.525839,0.347241,-1293.728516,0.035973,0.000000
24.600000,33.205566,-1293.950806,-0.001794,0.001368,0.034750,147.705734,7.524489,0.347499,-1293.950806,0.035990,0.000000
24.610001,33.208176,-1293.772949,-0.001802,0.001370,0.034801,147.717346,7.525080,0.348014,-1293.772949,0.036006,0.000000
24.620001,33.250252,-1293.906372,-0.001794,0.001373,0.034880,147.904510,7.534615,0.348801,-1293.906372,0.036025,0.000000
24.630001,33.395477,-1293.861938,-0.001798,0.001376,0.034950,148.550507,7.567523,0.349497,-1293.861938,0.036034,0.000000
24.640001,33.616669,-1293.772949,-0.001789,0.001377,0.034975,149.534409,7.617646,0.349755,-1293.772949,0.036050,0.000000
24.650002,33.738060,-1293.861938,-0.001798,0.001377,0.034975,150.074387,7.645154,0.349755,-1293.861938,0.036069,0.000000
24.660002,33.753700,-1293.861938,-0.001781,0.001377,0.034975,150.143951,7.648698,0.349755,-1293.861938,0.036085,0.000000
24.670002,33.732101,-1293.950806,-0.001781,0.001377,0.034975,150.047882,7.643804,0.349755,-1293.950806,0.036102,0.000000
24.680000,33.720558,-1293.861938,-0.001802,0.001377,0.034975,149.996536,7.641188,0.349755,-1293.861938,0.036120,0.000000
24.690001,33.689651,-1293.772949,-0.001789,0.001377,0.034975,149.859055,7.634184,0.349755,-1293.772949,0.036137,0.000000
24.700001,33.658745,-1293.950806,-0.001781,0.001377,0.034975,149.721573,7.627181,0.349755,-1293.950806,0.036155,0.000000
24.710001,33.628586,-1293.817383,-0.001763,0.001377,0.034975,149.587418,7.620347,0.349755,-1293.817383,0.036171,0.000000
24.720001,33.590973,-1293.817383,-0.001772,0.001377,0.034975,149.420105,7.611823,0.349755,-1293.817383,0.036190,0.000000
24.730001,33.544800,-1293.861938,-0.001785,0.001377,0.034975,149.214722,7.601360,0.349755,-1293.861938,0.036206,0.000000
24.740002,33.520599,-1293.817383,-0.001781,0.001377,0.034975,149.107071,7.595876,0.349755,-1293.817383,0.036224,0.000000
24.750002,33.474426,-1293.906372,-0.001768,0.001377,0.034975,148.901688,7.585413,0.349755,-1293.906372,0.036241,0.000000
24.760000,33.432343,-1293.817383,-0.001768,0.001377,0.034975,148.714493,7.575877,0.349755,-1293.817383,0.036250,0.000000
24.770000,33.391014,-1293.861938,-0.001772,0.001377,0.034975,148.530655,7.566512,0.349755,-1293.861938,0.036267,0.000000
24.780001,33.362709,-1293.861938,-0.001763,0.001377,0.034985,148.404739,7.560098,0.349845,-1293.861938,0.036285,0.000000
24.790001,33.337021,-1293.772949,-0.001763,0.001378,0.034992,148.290482,7.554277,0.349921,-1293.772949,0.036302,0.000000
24.800001,33.300522,-1293.906372,-0.001785,0.001378,0.034992,148.128113,7.546006,0.349921,-1293.906372,0.036320,0.000000
24.810001,33.282654,-1293.817383,-0.001759,0.001379,0.035018,148.048645,7.541957,0.350178,-1293.817383,0.036337,0.000000
24.820002,33.265518,-1293.817383,-0.001776,0.001380,0.035045,147.972412,7.538074,0.350451,-1293.817383,0.036355,0.000000
24.830002,33.270737,-1293.861938,-0.001785,0.001380,0.035062,147.995621,7.539257,0.350618,-1293.861938,0.036371,0.000000
24.840002,33.293076,-1293.861938,-0.001759,0.001380,0.035062,148.095001,7.544319,0.350618,-1293.861938,0.036388,0.000000
24.850000,33.278183,-1293.861938,-0.001776,0.001381,0.035080,148.028748,7.540944,0.350799,-1293.861938,0.036406,0.000000
24.860001,33.276321,-1293.772949,-0.001768,0.001381,0.035087,148.020477,7.540522,0.350875,-1293.772949,0.036423,0.000000
24.870001,33.290474,-1293.950806,-0.001768,0.001382,0.035106,148.083420,7.543729,0.351057,-1293.950806,0.036441,0.000000
24.880001,33.294563,-1293.772949,-0.001763,0.001383,0.035122,148.101608,7.544656,0.351223,-1293.772949,0.036450,0.000000
24.890001,33.270737,-1293.817383,-0.001781,0.001383,0.035131,147.995621,7.539257,0.351314,-1293.817383,0.036467,0.000000
24.900002,33.273712,-1293.906372,-0.001781,0.001383,0.035131,148.008865,7.539931,0.351314,-1293.906372,0.036485,0.000000
24.910002,33.265518,-1293.861938,-0.001768,0.001383,0.035131,147.972412,7.538074,0.351314,-1293.861938,0.036502,0.000000
24.920002,33.258446,-1293.906372,-0.001768,0.001383,0.035131,147.940948,7.536471,0.351314,-1293.906372,0.036518,0.000000
24.930000,33.232010,-1293.772949,-0.001772,0.001383,0.035131,147.823364,7.530481,0.351314,-1293.772949,0.036536,0.000000
24.940001,33.201477,-1293.817383,-0.001768,0.001383,0.035140,147.687546,7.523562,0.351405,-1293.817383,0.036553,0.000000
24.950001,33.166473,-1293.861938,-0.001781,0.001384,0.035157,147.531845,7.515630,0.351571,-1293.861938,0.036571,0.000000
24.960001,33.150459,-1293.861938,-0.001772,0.001385,0.035175,147.460602,7.512002,0.351753,-1293.861938,0.036588,0.000000
24.970001,33.132584,-1293.861938,-0.001772,0.001387,0.035227,147.381088,7.507951,0.352268,-1293.861938,0.036606,0.000000
24.980001,33.176521,-1293.817383,-0.001763,0.001388,0.035262,147.576538,7.517908,0.352616,-1293.817383,0.036623,0.000000
24.990002,33.274086,-1293.772949,-0.001759,0.001391,0.035339,148.010529,7.540016,0.353388,-1293.772949,0.036641,0.000000
25.000002,33.394363,-1293.861938,-0.001776,0.001396,0.035452,148.545547,7.567271,0.354524,-1293.861938,0.036657,0.000000
25.010002,33.710136,-1293.817383,-0.001755,0.001402,0.035599,149.950180,7.638826,0.355992,-1293.817383,0.036667,0.000000
25.020000,34.145813,-1293.728516,-0.001755,0.001407,0.035748,151.888168,7.737552,0.357476,-1293.728516,0.036683,0.000000
25.030001,34.651863,-1293.817383,-0.001755,0.001412,0.035869,154.139191,7.852224,0.358687,-1293.817383,0.036701,0.000000
25.040001,35.111000,-1293.817383,-0.001746,0.001415,0.035938,156.181534,7.956266,0.359383,-1293.817383,0.036718,0.000000
25.050001,35.397728,-1293.906372,-0.001763,0.001416,0.035973,157.456955,8.021239,0.359732,-1293.906372,0.036736,0.000000
25.060001,35.557098,-1293.817383,-0.001750,0.001417,0.035981,158.165878,8.057354,0.359807,-1293.817383,0.036753,0.000000
25.070002,35.598434,-1293.906372,-0.001750,0.001417,0.035990,158.349747,8.066720,0.359898,-1293.906372,0.036771,0.000000
25.080002,35.598061,-1293.861938,-0.001746,0.001417,0.035990,158.348083,8.066636,0.359898,-1293.861938,0.036788,0.000000
25.090002,35.558594,-1293.817383,-0.001742,0.001417,0.035990,158.172531,8.057693,0.359898,-1293.817383,0.036804,0.000000
25.100000,35.525826,-1293.906372,-0.001746,0.001418,0.036006,158.026764,8.050267,0.360065,-1293.906372,0.036822,0.000000
25.110001,35.485603,-1293.772949,-0.001742,0.001418,0.036016,157.847855,8.041153,0.360155,-1293.772949,0.036839,0.000000
25.120001,35.454330,-1293.861938,-0.001733,0.001418,0.036025,157.708740,8.034066,0.360246,-1293.861938,0.036857,0.000000
25.130001,35.441292,-1293.817383,-0.001755,0.001419,0.036041,157.650742,8.031112,0.360413,-1293.817383,0.036874,0.000000
25.140001,35.429749,-1293.817383,-0.001733,0.001419,0.036050,157.599396,8.028496,0.360504,-1293.817383,0.036883,0.000000
25.150002,35.412994,-1293.906372,-0.001755,0.001420,0.036059,157.524872,8.024699,0.360595,-1293.906372,0.036900,0.000000
25.160002,35.389160,-1293.817383,-0.001738,0.001420,0.036069,157.418854,8.019299,0.360685,-1293.817383,0.036918,0.000000
25.170002,35.375755,-1293.906372,-0.001729,0.001420,0.036069,157.359222,8.016261,0.360685,-1293.906372,0.036935,0.000000
25.180000,35.349693,-1293.817383,-0.001746,0.001420,0.036069,157.243286,8.010355,0.360685,-1293.817383,0.036953,0.000000
25.190001,35.321388,-1293.817383,-0.001733,0.001420,0.036076,157.117386,8.003941,0.360761,-1293.817383,0.036969,0.000000
25.200001,35.275963,-1293.861938,-0.001746,0.001420,0.036076,156.915314,7.993648,0.360761,-1293.861938,0.036988,0.000000
25.210001,35.221222,-1293.861938,-0.001720,0.001421,0.036094,156.671814,7.981243,0.360943,-1293.861938,0.037004,0.000000
25.220001,35.192924,-1293.906372,-0.001738,0.001421,0.036094,156.545944,7.974831,0.360943,-1293.906372,0.037022,0.000000
25.230001,35.170204,-1293.817383,-0.001733,0.001422,0.036111,156.444885,7.969682,0.361109,-1293.817383,0.037039,0.000000
25.240002,35.128876,-1293.861938,-0.001725,0.001423,0.036137,156.261047,7.960317,0.361367,-1293.861938,0.037057,0.000000
25.250002,35.128502,-1293.906372,-0.001746,0.001424,0.036164,156.259384,7.960232,0.361639,-1293.906372,0.037074,0.000000
25.260002,35.146744,-1293.772949,-0.001733,0.001424,0.036181,156.340530,7.964366,0.361806,-1293.772949,0.037090,0.000000
25.270000,35.182121,-1293.861938,-0.001716,0.001424,0.036181,156.497894,7.972383,0.361806,-1293.861938,0.037100,0.000000
25.280001,35.156799,-1293.861938,-0.001729,0.001424,0.036181,156.385254,7.966645,0.361806,-1293.861938,0.037118,0.000000
25.290001,35.131851,-1293.906372,-0.001742,0.001425,0.036190,156.274277,7.960991,0.361897,-1293.906372,0.037134,0.000000
25.300001,35.088654,-1293.817383,-0.001738,0.001425,0.036190,156.082123,7.951202,0.361897,-1293.817383,0.037153,0.000000
25.310001,35.054398,-1293.817383,-0.001729,0.001425,0.036206,155.929749,7.943440,0.362063,-1293.817383,0.037169,0.000000
25.320002,35.026840,-1293.906372,-0.001742,0.001426,0.036215,155.807159,7.937195,0.362154,-1293.906372,0.037186,0.000000
25.330002,35.005989,-1293.817383,-0.001729,0.001427,0.036250,155.714417,7.932470,0.362502,-1293.817383,0.037204,0.000000
25.340002,35.004128,-1293.817383,-0.001725,0.001428,0.036276,155.706131,7.932049,0.362759,-1293.817383,0.037221,0.000000
25.350000,35.016792,-1293.906372,-0.001720,0.001429,0.036302,155.762466,7.934919,0.363017,-1293.906372,0.037239,0.000000
25.360001,35.048439,-1293.817383,-0.001729,0.001430,0.036320,155.903244,7.942090,0.363199,-1293.817383,0.037255,0.000000
25.370001,35.095734,-1293.861938,-0.001720,0.001430,0.036327,156.113617,7.952807,0.363274,-1293.861938,0.037274,0.000000
25.380001,35.095734,-1293.906372,-0.001738,0.001431,0.036337,156.113617,7.952807,0.363365,-1293.906372,0.037290,0.000000
25.390001,35.065201,-1293.861938,-0.001712,0.001431,0.036355,155.977798,7.945888,0.363547,-1293.861938,0.037308,0.000000
25.400002,35.063705,-1293.861938,-0.001725,0.001432,0.036380,155.971146,7.945549,0.363804,-1293.861938,0.037316,0.000000
25.410002,35.077110,-1293.728516,-0.001712,0.001433,0.036397,156.030777,7.948587,0.363971,-1293.728516,0.037334,0.000000
25.420002,35.094246,-1293.861938,-0.001712,0.001433,0.036406,156.107010,7.952469,0.364061,-1293.861938,0.037351,0.000000
25.430000,35.090523,-1293.817383,-0.001725,0.001434,0.036415,156.090439,7.951626,0.364152,-1293.817383,0.037369,0.000000
25.440001,35.080467,-1293.817383,-0.001729,0.001434,0.036432,156.045715,7.949347,0.364319,-1293.817383,0.037386,0.000000
25.450001,35.075996,-1293.906372,-0.001725,0.001435,0.036450,156.025818,7.948334,0.364501,-1293.906372,0.037404,0.000000
25.460001,35.063705,-1293.817383,-0.001707,0.001436,0.036467,155.971146,7.945549,0.364667,-1293.817383,0.037421,0.000000
25.470001,35.077110,-1293.861938,-0.001707,0.001436,0.036485,156.030777,7.948587,0.364849,-1293.861938,0.037439,0.000000
25.480001,35.082329,-1293.817383,-0.001725,0.001437,0.036502,156.053986,7.949769,0.365015,-1293.817383,0.037455,0.000000
25.490002,35.093124,-1293.817383,-0.001720,0.001437,0.036511,156.102020,7.952216,0.365106,-1293.817383,0.037473,0.000000
25.500002,35.093498,-1293.817383,-0.001720,0.001438,0.036536,156.103683,7.952301,0.365363,-1293.817383,0.037490,0.000000
25.510002,35.108017,-1293.772949,-0.001712,0.001439,0.036545,156.168259,7.955590,0.365454,-1293.772949,0.037507,0.000000
25.520000,35.104294,-1293.950806,-0.001712,0.001439,0.036553,156.151703,7.954747,0.365530,-1293.950806,0.037516,0.000000
25.530001,35.086792,-1293.861938,-0.001716,0.001439,0.036562,156.073853,7.950781,0.365621,-1293.861938,0.037534,0.000000
25.540001,35.076370,-1293.817383,-0.001703,0.001440,0.036571,156.027481,7.948419,0.365712,-1293.817383,0.037551,0.000000
25.550001,35.051048,-1293.817383,-0.001703,0.001440,0.036588,155.914856,7.942681,0.365878,-1293.817383,0.037569,0.000000
25.560001,35.038757,-1293.817383,-0.001699,0.001441,0.036597,155.860184,7.939896,0.365969,-1293.817383,0.037586,0.000000
25.570002,35.038017,-1293.817383,-0.001712,0.001441,0.036606,155.856888,7.939728,0.366060,-1293.817383,0.037602,0.000000
25.580002,35.039879,-1293.817383,-0.001703,0.001441,0.036614,155.865158,7.940150,0.366136,-1293.817383,0.037620,0.000000
25.590002,35.008224,-1293.817383,-0.001703,0.001442,0.036623,155.724365,7.932977,0.366226,-1293.817383,0.037637,0.000000
25.600000,34.980667,-1293.861938,-0.001703,0.001442,0.036632,155.601776,7.926733,0.366317,-1293.861938,0.037655,0.000000
25.610001,34.970245,-1293.817383,-0.001703,0.001443,0.036641,155.555420,7.924371,0.366408,-1293.817383,0.037672,0.000000
25.620001,34.969498,-1293.950806,-0.001703,0.001443,0.036648,155.552094,7.924201,0.366484,-1293.950806,0.037690,0.000000
25.630001,34.943436,-1293.861938,-0.001703,0.001444,0.036667,155.436172,7.918296,0.366665,-1293.861938,0.037707,0.000000
25.640001,34.919601,-1293.861938,-0.001699,0.001445,0.036701,155.330139,7.912895,0.367014,-1293.861938,0.037725,0.000000
25.650002,34.937843,-1293.817383,-0.001707,0.001446,0.036736,155.411285,7.917028,0.367362,-1293.817383,0.037732,0.000000
25.660002,35.004875,-1293.906372,-0.001707,0.001447,0.036762,155.709457,7.932218,0.367619,-1293.906372,0.037751,0.000000
25.670002,35.060356,-1293.861938,-0.001699,0.001448,0.036771,155.956253,7.944790,0.367710,-1293.861938,0.037767,0.000000
25.680000,35.087540,-1293.861938,-0.001690,0.001448,0.036771,156.077179,7.950950,0.367710,-1293.861938,0.037785,0.000000
25.690001,35.070412,-1293.817383,-0.001694,0.001448,0.036771,156.000977,7.947069,0.367710,-1293.817383,0.037802,0.000000
25.700001,35.035782,-1293.861938,-0.001707,0.001448,0.036771,155.846939,7.939221,0.367710,-1293.861938,0.037820,0.000000
25.710001,35.008598,-1293.772949,-0.001703,0.001448,0.036771,155.726028,7.933062,0.367710,-1293.772949,0.037837,0.000000
25.720001,34.969498,-1293.817383,-0.001690,0.001448,0.036779,155.552094,7.924201,0.367786,-1293.817383,0.037855,0.000000
25.730001,34.931885,-1293.861938,-0.001694,0.001448,0.036788,155.384781,7.915678,0.367877,-1293.861938,0.037872,0.000000
25.740002,34.909920,-1293.906372,-0.001686,0.001450,0.036822,155.287079,7.910701,0.368225,-1293.906372,0.037888,0.000000
25.750002,34.904335,-1293.906372,-0.001699,0.001451,0.036848,155.262238,7.909435,0.368482,-1293.906372,0.037906,0.000000
25.760002,34.924072,-1293.772949,-0.001703,0.001451,0.036866,155.350037,7.913908,0.368664,-1293.772949,0.037923,0.000000
25.770000,34.949020,-1293.861938,-0.001681,0.001451,0.036866,155.461014,7.919561,0.368664,-1293.861938,0.037941,0.000000
25.780001,34.942314,-1293.861938,-0.001686,0.001452,0.036874,155.431183,7.918042,0.368740,-1293.861938,0.037950,0.000000
25.790001,34.926300,-1293.817383,-0.001686,0.001452,0.036874,155.359940,7.914412,0.368740,-1293.817383,0.037967,0.000000
25.800001,34.923698,-1293.861938,-0.001703,0.001452,0.036874,155.348373,7.913823,0.368740,-1293.861938,0.037984,0.000000
25.810001,34.892044,-1293.772949,-0.001703,0.001452,0.036874,155.207565,7.906650,0.368740,-1293.772949,0.038002,0.000000
25.820002,34.860023,-1293.861938,-0.001694,0.001452,0.036883,155.065125,7.899395,0.368830,-1293.861938,0.038019,0.000000
25.830002,34.832466,-1293.817383,-0.001681,0.001452,0.036892,154.942551,7.893149,0.368921,-1293.817383,0.038037,0.000000
25.840002,34.806770,-1293.772949,-0.001699,0.001454,0.036927,154.828247,7.887327,0.369269,-1293.772949,0.038053,0.000000
25.850000,34.797462,-1293.861938,-0.001690,0.001455,0.036962,154.786850,7.885218,0.369618,-1293.861938,0.038072,0.000000
25.860001,34.843636,-1293.817383,-0.001686,0.001456,0.036988,154.992233,7.895680,0.369875,-1293.817383,0.038088,0.000000
25.870001,34.902840,-1293.817383,-0.001673,0.001456,0.036995,155.255585,7.909097,0.369951,-1293.817383,0.038106,0.000000
25.880001,34.928909,-1293.817383,-0.001677,0.001456,0.036995,155.371552,7.915004,0.369951,-1293.817383,0.038123,0.000000
25.890001,34.930771,-1293.906372,-0.001681,0.001456,0.036995,155.379822,7.915426,0.369951,-1293.906372,0.038141,0.000000
25.900002,34.899864,-1293.861938,-0.001681,0.001457,0.037013,155.242355,7.908422,0.370132,-1293.861938,0.038158,0.000000
25.910002,34.884972,-1293.861938,-0.001690,0.001457,0.037013,155.176102,7.905047,0.370132,-1293.861938,0.038167,0.000000
25.920002,34.868210,-1293.861938,-0.001686,0.001457,0.037013,155.101547,7.901249,0.370132,-1293.861938,0.038184,0.000000
25.930000,34.841774,-1293.861938,-0.001690,0.001457,0.037013,154.983948,7.895259,0.370132,-1293.861938,0.038202,0.000000
25.940001,34.800072,-1293.861938,-0.001673,0.001458,0.037022,154.798447,7.885809,0.370223,-1293.861938,0.038218,0.000000
25.950001,34.766556,-1293.950806,-0.001681,0.001458,0.037030,154.649368,7.878214,0.370299,-1293.950806,0.038237,0.000000
25.960001,34.740486,-1293.772949,-0.001673,0.001459,0.037065,154.533401,7.872307,0.370647,-1293.772949,0.038253,0.000000
25.970001,34.757988,-1293.906372,-0.001681,0.001460,0.037074,154.611252,7.876273,0.370738,-1293.906372,0.038271,0.000000
25.980001,34.761345,-1293.772949,-0.001681,0.001461,0.037118,154.626190,7.877033,0.371177,-1293.772949,0.038288,0.000000
25.990002,34.799324,-1293.817383,-0.001694,0.001462,0.037134,154.795120,7.885639,0.371344,-1293.817383,0.038305,0.000000
26.000002,34.836937,-1293.861938,-0.001690,0.001464,0.037195,154.962433,7.894163,0.371949,-1293.861938,0.038323,0.000000
26.010002,34.923698,-1293.817383,-0.001690,0.001466,0.037248,155.348373,7.913823,0.372479,-1293.817383,0.038339,0.000000
26.020000,35.069664,-1293.906372,-0.001664,0.001467,0.037274,155.997650,7.946899,0.372736,-1293.906372,0.038358,0.000000
26.030001,35.173927,-1293.817383,-0.001681,0.001469,0.037308,156.461441,7.970526,0.373085,-1293.817383,0.038374,0.000000
26.040001,35.227554,-1293.861938,-0.001660,0.001471,0.037369,156.699982,7.982678,0.373690,-1293.861938,0.038383,0.000000
26.050001,35.337402,-1293.861938,-0.001681,0.001473,0.037421,157.188614,8.007570,0.374205,-1293.861938,0.038400,0.000000
26.060001,35.512787,-1293.772949,-0.001664,0.001474,0.037439,157.968765,8.047313,0.374387,-1293.772949,0.038418,0.000000
26.070002,35.626732,-1293.817383,-0.001677,0.001475,0.037455,158.475616,8.073133,0.374553,-1293.817383,0.038435,0.000000
26.080002,35.660622,-1293.861938,-0.001673,0.001475,0.037473,158.626373,8.080812,0.374735,-1293.861938,0.038453,0.000000
26.090002,35.675140,-1293.772949,-0.001660,0.001476,0.037481,158.690948,8.084103,0.374811,-1293.772949,0.038470,0.000000
26.100000,35.691902,-1293.906372,-0.001673,0.001476,0.037490,158.765503,8.087901,0.374901,-1293.906372,0.038488,0.000000
26.110001,35.694878,-1293.861938,-0.001664,0.001477,0.037507,158.778748,8.088574,0.375068,-1293.861938,0.038504,0.000000
26.120001,35.701584,-1293.906372,-0.001677,0.001477,0.037516,158.808578,8.090095,0.375159,-1293.906372,0.038523,0.000000
26.130001,35.696365,-1293.772949,-0.001677,0.001477,0.037516,158.785370,8.088912,0.375159,-1293.772949,0.038539,0.000000
26.140001,35.678123,-1293.861938,-0.001656,0.001477,0.037516,158.704224,8.084778,0.375159,-1293.861938,0.038557,0.000000
26.150002,35.662857,-1293.861938,-0.001660,0.001477,0.037525,158.636307,8.081319,0.375250,-1293.861938,0.038574,0.000000
26.160002,35.666954,-1293.772949,-0.001651,0.001477,0.037525,158.654541,8.082247,0.375250,-1293.772949,0.038591,0.000000
26.170002,35.629715,-1293.906372,-0.001660,0.001478,0.037534,158.488892,8.073809,0.375340,-1293.906372,0.038600,0.000000
26.180000,35.590988,-1293.817383,-0.001673,0.001479,0.037560,158.316620,8.065033,0.375598,-1293.817383,0.038618,0.000000
26.190001,35.575722,-1293.906372,-0.001656,0.001480,0.037602,158.248718,8.061574,0.376022,-1293.906372,0.038635,0.000000
26.200001,35.617424,-1293.817383,-0.001660,0.001482,0.037655,158.434219,8.071024,0.376552,-1293.817383,0.038653,0.000000
26.210001,35.722435,-1293.817383,-0.001647,0.001483,0.037672,158.901321,8.094819,0.376718,-1293.817383,0.038670,0.000000
26.220001,35.803986,-1293.861938,-0.001651,0.001484,0.037698,159.264084,8.113299,0.376976,-1293.861938,0.038686,0.000000
26.230001,35.857605,-1293.817383,-0.001664,0.001485,0.037716,159.502594,8.125449,0.377157,-1293.817383,0.038704,0.000000
26.240002,35.887772,-1293.861938,-0.001656,0.001485,0.037725,159.636780,8.132285,0.377248,-1293.861938,0.038721,0.000000
26.250002,35.887398,-1293.861938,-0.001651,0.001485,0.037725,159.635117,8.132200,0.377248,-1293.861938,0.038739,0.000000
26.260002,35.877716,-1293.817383,-0.001643,0.001485,0.037725,159.592056,8.130007,0.377248,-1293.817383,0.038756,0.000000
26.270000,35.841965,-1293.861938,-0.001643,0.001485,0.037725,159.433029,8.121905,0.377248,-1293.861938,0.038774,0.000000
26.280001,35.818138,-1293.861938,-0.001660,0.001485,0.037725,159.327042,8.116507,0.377248,-1293.861938,0.038791,0.000000
26.290001,35.776428,-1293.861938,-0.001651,0.001485,0.037725,159.141495,8.107055,0.377248,-1293.861938,0.038800,0.000000
26.300001,35.744774,-1293.861938,-0.001647,0.001486,0.037741,159.000702,8.099881,0.377415,-1293.861938,0.038816,0.000000
26.310001,35.711639,-1293.772949,-0.001656,0.001487,0.037776,158.853302,8.092373,0.377763,-1293.772949,0.038835,0.000000
26.320002,35.700096,-1293.906372,-0.001656,0.001489,0.037811,158.801956,8.089758,0.378111,-1293.906372,0.038851,0.000000
26.330002,35.745148,-1293.817383,-0.001651,0.001489,0.037820,159.002365,8.099966,0.378202,-1293.817383,0.038869,0.000000
26.340002,35.769356,-1293.817383,-0.001643,0.001489,0.037820,159.110046,8.105452,0.378202,-1293.817383,0.038886,0.000000
26.350000,35.771957,-1293.950806,-0.001651,0.001489,0.037820,159.121613,8.106041,0.378202,-1293.950806,0.038904,0.000000
26.360001,35.744408,-1293.861938,-0.001651,0.001489,0.037828,158.999069,8.099798,0.378278,-1293.861938,0.038921,0.000000
26.370001,35.708282,-1293.950806,-0.001647,0.001490,0.037846,158.838379,8.091613,0.378459,-1293.950806,0.038939,0.000000
26.380001,35.691528,-1293.861938,-0.001638,0.001491,0.037881,158.763840,8.087816,0.378807,-1293.861938,0.038956,0.000000
26.390001,35.709030,-1293.861938,-0.001643,0.001492,0.037897,158.841705,8.091782,0.378974,-1293.861938,0.038974,0.000000
26.400002,35.747009,-1293.817383,-0.001643,0.001492,0.037897,159.010635,8.100389,0.378974,-1293.817383,0.038990,0.000000
26.410002,35.760414,-1293.772949,-0.001647,0.001492,0.037897,159.070267,8.103426,0.378974,-1293.772949,0.039007,0.000000
26.420002,35.740311,-1293.861938,-0.001638,0.001492,0.037897,158.980835,8.098870,0.378974,-1293.861938,0.039016,0.000000
26.430000,35.726906,-1293.817383,-0.001643,0.001492,0.037897,158.921219,8.095833,0.378974,-1293.817383,0.039034,0.000000
26.440001,35.685944,-1293.817383,-0.001638,0.001492,0.037897,158.738998,8.086551,0.378974,-1293.817383,0.039051,0.000000
26.450001,35.648331,-1293.906372,-0.001651,0.001492,0.037897,158.571701,8.078027,0.378974,-1293.906372,0.039069,0.000000
26.460001,35.615562,-1293.817383,-0.001647,0.001492,0.037897,158.425934,8.070601,0.378974,-1293.817383,0.039086,0.000000
26.470001,35.572739,-1293.906372,-0.001643,0.001492,0.037897,158.235443,8.060898,0.378974,-1293.906372,0.039103,0.000000
26.480001,35.528053,-1293.861938,-0.001643,0.001492,0.037906,158.036667,8.050772,0.379065,-1293.861938,0.039121,0.000000
26.490002,35.498268,-1293.817383,-0.001634,0.001492,0.037906,157.904190,8.044023,0.379065,-1293.817383,0.039137,0.000000
26.500002,35.466988,-1293.861938,-0.001643,0.001493,0.037916,157.765045,8.036934,0.379156,-1293.861938,0.039155,0.000000
26.510002,35.430122,-1293.772949,-0.001638,0.001493,0.037916,157.601059,8.028581,0.379156,-1293.772949,0.039172,0.000000
26.520000,35.387672,-1293.861938,-0.001643,0.001493,0.037923,157.412231,8.018961,0.379231,-1293.861938,0.039190,0.000000
26.530001,35.350807,-1293.817383,-0.001625,0.001493,0.037923,157.248245,8.010608,0.379231,-1293.817383,0.039207,0.000000
26.540001,35.308731,-1293.906372,-0.001625,0.001493,0.037932,157.061081,8.001073,0.379322,-1293.906372,0.039225,0.000000
26.550001,35.294205,-1293.950806,-0.001651,0.001494,0.037958,156.996460,7.997781,0.379580,-1293.950806,0.039233,0.000000
26.560001,35.308357,-1293.772949,-0.001638,0.001496,0.037993,157.059418,8.000988,0.379928,-1293.772949,0.039251,0.000000
26.570002,35.335167,-1293.906372,-0.001621,0.001499,0.038079,157.178665,8.007063,0.380791,-1293.906372,0.039268,0.000000
26.580002,35.482628,-1293.772949,-0.001643,0.001502,0.038158,157.834610,8.040479,0.381578,-1293.772949,0.039286,0.000000
26.590002,35.707916,-1293.861938,-0.001638,0.001504,0.038193,158.836746,8.091529,0.381926,-1293.861938,0.039302,0.000000
26.600000,35.857605,-1293.861938,-0.001638,0.001504,0.038193,159.502594,8.125449,0.381926,-1293.861938,0.039321,0.000000
26.610001,35.917931,-1293.817383,-0.001630,0.001504,0.038193,159.770935,8.139119,0.381926,-1293.817383,0.039337,0.000000
26.620001,35.916443,-1293.861938,-0.001630,0.001504,0.038202,159.764313,8.138783,0.382017,-1293.861938,0.039355,0.000000
26.630001,35.890747,-1293.817383,-0.001638,0.001504,0.038202,159.650009,8.132959,0.382017,-1293.817383,0.039372,0.000000
26.640001,35.868774,-1293.817383,-0.001621,0.001504,0.038209,159.552277,8.127980,0.382093,-1293.817383,0.039389,0.000000
26.650002,35.858353,-1293.861938,-0.001634,0.001504,0.038209,159.505920,8.125619,0.382093,-1293.861938,0.039407,0.000000
26.660002,35.831909,-1293.861938,-0.001630,0.001505,0.038218,159.388290,8.119627,0.382184,-1293.861938,0.039423,0.000000
26.670002,35.796165,-1293.906372,-0.001625,0.001505,0.038218,159.229294,8.111526,0.382184,-1293.906372,0.039442,0.000000
26.680002,35.770096,-1293.817383,-0.001625,0.001505,0.038227,159.113327,8.105619,0.382274,-1293.817383,0.039451,0.000000
26.690001,35.739937,-1293.906372,-0.001634,0.001505,0.038237,158.979172,8.098785,0.382365,-1293.906372,0.039467,0.000000
26.700001,35.721687,-1293.861938,-0.001634,0.001505,0.038237,158.897995,8.094650,0.382365,-1293.861938,0.039484,0.000000
26.710001,35.688919,-1293.817383,-0.001617,0.001505,0.038237,158.752243,8.087225,0.382365,-1293.817383,0.039502,0.000000
26.720001,35.655037,-1293.817383,-0.001630,0.001506,0.038244,158.601532,8.079547,0.382441,-1293.817383,0.039519,0.000000
26.730001,35.634926,-1293.817383,-0.001617,0.001506,0.038253,158.512070,8.074989,0.382532,-1293.817383,0.039537,0.000000
26.740002,35.609604,-1293.861938,-0.001617,0.001507,0.038288,158.399429,8.069251,0.382880,-1293.861938,0.039554,0.000000
26.750002,35.605141,-1293.906372,-0.001625,0.001508,0.038305,158.379578,8.068240,0.383047,-1293.906372,0.039572,0.000000
26.760002,35.632690,-1293.817383,-0.001621,0.001508,0.038314,158.502121,8.074483,0.383137,-1293.817383,0.039588,0.000000
26.770000,35.641632,-1293.817383,-0.001621,0.001509,0.038339,158.541901,8.076509,0.383395,-1293.817383,0.039607,0.000000
26.780001,35.659134,-1293.772949,-0.001630,0.001510,0.038358,158.619751,8.080476,0.383576,-1293.772949,0.039623,0.000000
26.790001,35.667320,-1293.906372,-0.001625,0.001512,0.038392,158.656158,8.082331,0.383925,-1293.906372,0.039641,0.000000
26.800001,35.701958,-1293.861938,-0.001634,0.001512,0.038400,158.810242,8.090179,0.384000,-1293.861938,0.039658,0.000000
26.810001,35.735466,-1293.772949,-0.001630,0.001512,0.038400,158.959290,8.097773,0.384000,-1293.772949,0.039667,0.000000
26.820002,35.736214,-1293.861938,-0.001613,0.001512,0.038400,158.962616,8.097942,0.384000,-1293.861938,0.039684,0.000000
26.830002,35.712753,-1293.817383,-0.001621,0.001512,0.038400,158.858261,8.092626,0.384000,-1293.817383,0.039702,0.000000
26.840002,35.694878,-1293.817383,-0.001613,0.001512,0.038400,158.778748,8.088574,0.384000,-1293.817383,0.039719,0.000000
26.850000,35.657272,-1293.861938,-0.001613,0.001512,0.038400,158.611465,8.080053,0.384000,-1293.861938,0.039737,0.000000
26.860001,35.638649,-1293.861938,-0.001617,0.001512,0.038409,158.528625,8.075833,0.384091,-1293.861938,0.039754,0.000000
26.870001,35.595459,-1293.906372,-0.001613,0.001512,0.038409,158.336502,8.066046,0.384091,-1293.906372,0.039770,0.000000
26.880001,35.559708,-1293.772949,-0.001613,0.001512,0.038409,158.177475,8.057945,0.384091,-1293.772949,0.039788,0.000000
26.890001,35.527313,-1293.817383,-0.001613,0.001513,0.038418,158.033386,8.050604,0.384182,-1293.817383,0.039805,0.000000
26.900002,35.509811,-1293.861938,-0.001630,0.001513,0.038435,157.955536,8.046638,0.384349,-1293.861938,0.039823,0.000000
26.910002,35.499756,-1293.772949,-0.001617,0.001514,0.038444,157.910797,8.044360,0.384439,-1293.772949,0.039840,0.000000
26.920002,35.475922,-1293.861938,-0.001608,0.001514,0.038453,157.804779,8.038959,0.384530,-1293.861938,0.039858,0.000000
26.930002,35.459167,-1293.861938,-0.001613,0.001514,0.038462,157.730255,8.035162,0.384621,-1293.861938,0.039867,0.000000
26.940001,35.461777,-1293.817383,-0.001613,0.001516,0.038504,157.741867,8.035753,0.385045,-1293.817383,0.039884,0.000000
26.950001,35.472946,-1293.906372,-0.001608,0.001521,0.038626,157.791550,8.038284,0.386256,-1293.906372,0.039900,0.000000
26.960001,35.663231,-1293.772949,-0.001604,0.001528,0.038800,158.637970,8.081404,0.387997,-1293.772949,0.039919,0.000000
26.970001,36.146942,-1293.817383,-0.001595,0.001534,0.038974,160.789627,8.191014,0.389738,-1293.817383,0.039935,0.000000
26.980001,36.759865,-1293.817383,-0.001595,0.001538,0.039060,163.516052,8.329905,0.390601,-1293.817383,0.039953,0.000000
26.990002,37.236877,-1293.906372,-0.001604,0.001538,0.039069,165.637909,8.437997,0.390692,-1293.906372,0.039970,0.000000
27.000002,37.384331,-1293.817383,-0.001600,0.001538,0.039069,166.293808,8.471411,0.390692,-1293.817383,0.039988,0.000000
27.010002,37.389915,-1293.817383,-0.001613,0.001538,0.039069,166.318649,8.472676,0.390692,-1293.817383,0.040005,0.000000
27.020000,37.361618,-1293.861938,-0.001604,0.001538,0.039069,166.192780,8.466263,0.390692,-1293.861938,0.040023,0.000000
27.030001,37.335182,-1293.861938,-0.001613,0.001538,0.039069,166.075180,8.460274,0.390692,-1293.861938,0.040040,0.000000
27.040001,37.289375,-1293.906372,-0.001600,0.001538,0.039077,165.871429,8.449893,0.390768,-1293.906372,0.040058,0.000000
27.050001,37.252884,-1293.861938,-0.001608,0.001538,0.039077,165.709106,8.441625,0.390768,-1293.861938,0.040074,0.000000
27.060001,37.236130,-1293.817383,-0.001608,0.001539,0.039086,165.634583,8.437828,0.390859,-1293.817383,0.040084,0.000000
27.070002,37.200752,-1293.817383,-0.001591,0.001539,0.039095,165.477203,8.429811,0.390949,-1293.817383,0.040100,0.000000
27.080002,37.162773,-1293.861938,-0.001595,0.001540,0.039112,165.308273,8.421205,0.391116,-1293.861938,0.040118,0.000000
27.090002,37.130005,-1293.861938,-0.001578,0.001541,0.039137,165.162506,8.413779,0.391373,-1293.861938,0.040135,0.000000
27.100000,37.132607,-1293.906372,-0.001604,0.001541,0.039146,165.174088,8.414370,0.391464,-1293.906372,0.040153,0.000000
27.110001,37.137451,-1293.817383,-0.001587,0.001541,0.039146,165.195633,8.415467,0.391464,-1293.817383,0.040170,0.000000
27.120001,37.126282,-1293.906372,-0.001591,0.001542,0.039155,165.145950,8.412936,0.391555,-1293.906372,0.040186,0.000000
27.130001,37.104683,-1293.817383,-0.001604,0.001542,0.039172,165.049866,8.408042,0.391721,-1293.817383,0.040205,0.000000
27.140001,37.075638,-1293.817383,-0.001600,0.001543,0.039181,164.920670,8.401460,0.391812,-1293.817383,0.040221,0.000000
27.150002,37.067070,-1293.861938,-0.001591,0.001543,0.039198,164.882568,8.399518,0.391979,-1293.861938,0.040239,0.000000
27.160002,37.052177,-1293.817383,-0.001582,0.001544,0.039225,164.816315,8.396144,0.392251,-1293.817383,0.040256,0.000000
27.170002,37.057388,-1293.817383,-0.001587,0.001545,0.039251,164.839493,8.397325,0.392509,-1293.817383,0.040274,0.000000
27.180002,37.091652,-1293.817383,-0.001595,0.001547,0.039286,164.991913,8.405088,0.392857,-1293.817383,0.040291,0.000000
27.190001,37.141174,-1293.817383,-0.001582,0.001548,0.039311,165.212189,8.416310,0.393114,-1293.817383,0.040300,0.000000
27.200001,37.198517,-1293.906372,-0.001591,0.001549,0.039337,165.467270,8.429304,0.393372,-1293.906372,0.040317,0.000000
27.210001,37.242088,-1293.772949,-0.001582,0.001549,0.039355,165.661087,8.439178,0.393553,-1293.772949,0.040335,0.000000
27.220001,37.262939,-1293.906372,-0.001569,0.001550,0.039372,165.753830,8.443903,0.393720,-1293.906372,0.040352,0.000000
27.230001,37.287888,-1293.817383,-0.001578,0.001551,0.039389,165.864807,8.449556,0.393886,-1293.817383,0.040370,0.000000
27.240002,37.307251,-1293.817383,-0.001569,0.001551,0.039407,165.950943,8.453944,0.394068,-1293.817383,0.040386,0.000000
27.250002,37.314697,-1293.817383,-0.001578,0.001552,0.039416,165.984070,8.455631,0.394159,-1293.817383,0.040405,0.000000
27.260002,37.315819,-1293.817383,-0.001565,0.001552,0.039433,165.989059,8.455886,0.394325,-1293.817383,0.040421,0.000000
27.270000,37.326241,-1293.861938,-0.001578,0.001553,0.039451,166.035416,8.458247,0.394507,-1293.861938,0.040439,0.000000
27.280001,37.325500,-1293.861938,-0.001561,0.001554,0.039476,166.032120,8.458079,0.394765,-1293.861938,0.040456,0.000000
27.290001,37.332573,-1293.817383,-0.001574,0.001555,0.039493,166.063583,8.459682,0.394931,-1293.817383,0.040473,0.000000
27.300001,37.363106,-1293.861938,-0.001582,0.001555,0.039493,166.199402,8.466601,0.394931,-1293.861938,0.040491,0.000000
27.310001,37.352310,-1293.728516,-0.001565,0.001555,0.039502,166.151367,8.464154,0.395022,-1293.728516,0.040507,0.000000
27.320002,37.316193,-1293.817383,-0.001565,0.001555,0.039502,165.990707,8.455970,0.395022,-1293.817383,0.040517,0.000000
27.330002,37.283051,-1293.772949,-0.001565,0.001555,0.039502,165.843292,8.448460,0.395022,-1293.772949,0.040535,0.000000
27.340002,37.254005,-1293.861938,-0.001569,0.001556,0.039528,165.714096,8.441878,0.395279,-1293.861938,0.040551,0.000000
27.350000,37.242462,-1293.861938,-0.001574,0.001558,0.039563,165.662750,8.439262,0.395627,-1293.861938,0.040568,0.000000
27.360001,37.253258,-1293.817383,-0.001574,0.001559,0.039598,165.710770,8.441709,0.395976,-1293.817383,0.040586,0.000000
27.370001,37.306877,-1293.772949,-0.001556,0.001560,0.039632,165.949280,8.453859,0.396324,-1293.772949,0.040603,0.000000
27.380001,37.385826,-1293.861938,-0.001569,0.001561,0.039658,166.300461,8.471749,0.396581,-1293.861938,0.040621,0.000000
27.390001,37.447639,-1293.906372,-0.001565,0.001562,0.039667,166.575424,8.485757,0.396672,-1293.906372,0.040638,0.000000
27.400002,37.470726,-1293.817383,-0.001561,0.001562,0.039667,166.678116,8.490989,0.396672,-1293.817383,0.040656,0.000000
27.410002,37.457321,-1293.861938,-0.001561,0.001562,0.039675,166.618484,8.487950,0.396748,-1293.861938,0.040672,0.000000
27.420002,37.427155,-1293.861938,-0.001578,0.001562,0.039675,166.484299,8.481114,0.396748,-1293.861938,0.040691,0.000000
27.430002,37.405556,-1293.817383,-0.001556,0.001562,0.039684,166.388229,8.476219,0.396839,-1293.817383,0.040707,0.000000
27.440001,37.395874,-1293.817383,-0.001561,0.001564,0.039719,166.345154,8.474027,0.397187,-1293.817383,0.040725,0.000000
27.450001,37.384705,-1293.861938,-0.001556,0.001564,0.039737,166.295471,8.471496,0.397369,-1293.861938,0.040733,0.000000
27.460001,37.413750,-1293.772949,-0.001565,0.001565,0.039744,166.424667,8.478077,0.397444,-1293.772949,0.040751,0.000000
27.470001,37.414124,-1293.950806,-0.001574,0.001565,0.039754,166.426331,8.478162,0.397535,-1293.950806,0.040768,0.000000
27.480001,37.422691,-1293.817383,-0.001569,0.001565,0.039763,166.464447,8.480103,0.397626,-1293.817383,0.040786,0.000000
27.490002,37.413750,-1293.861938,-0.001569,0.001566,0.039779,166.424667,8.478077,0.397792,-1293.861938,0.040803,0.000000
27.500002,37.392899,-1293.817383,-0.001556,0.001567,0.039797,166.331924,8.473351,0.397974,-1293.817383,0.040821,0.000000
27.510002,37.398109,-1293.861938,-0.001552,0.001567,0.039814,166.355103,8.474533,0.398141,-1293.861938,0.040838,0.000000
27.520000,37.399971,-1293.861938,-0.001552,0.001568,0.039823,166.363373,8.474955,0.398232,-1293.861938,0.040856,0.000000
27.530001,37.407791,-1293.861938,-0.001556,0.001568,0.039832,166.398163,8.476727,0.398322,-1293.861938,0.040872,0.000000
27.540001,37.398857,-1293.861938,-0.001552,0.001569,0.039849,166.358429,8.474703,0.398489,-1293.861938,0.040889,0.000000
27.550001,37.387688,-1293.772949,-0.001561,0.001570,0.039867,166.308746,8.472172,0.398671,-1293.772949,0.040907,0.000000
27.560001,37.399597,-1293.817383,-0.001552,0.001571,0.039893,166.361710,8.474870,0.398928,-1293.817383,0.040924,0.000000
27.570002,37.408165,-1293.861938,-0.001548,0.001572,0.039928,166.399826,8.476811,0.399276,-1293.861938,0.040942,0.000000
27.580002,37.445404,-1293.861938,-0.001556,0.001574,0.039970,166.565475,8.485250,0.399700,-1293.861938,0.040951,0.000000
27.590002,37.531792,-1293.950806,-0.001548,0.001574,0.039988,166.949753,8.504826,0.399882,-1293.950806,0.040968,0.000000
27.600000,37.588020,-1293.906372,-0.001569,0.001574,0.039988,167.199860,8.517568,0.399882,-1293.906372,0.040984,0.000000
27.610001,37.598450,-1293.817383,-0.001561,0.001574,0.039988,167.246262,8.519930,0.399882,-1293.817383,0.041003,0.000000
27.620001,37.576477,-1293.861938,-0.001556,0.001575,0.039996,167.148514,8.514952,0.399957,-1293.861938,0.041019,0.000000
27.630001,37.566422,-1293.861938,-0.001539,0.001575,0.039996,167.103790,8.512673,0.399957,-1293.861938,0.041037,0.000000
27.640001,37.541847,-1293.861938,-0.001552,0.001575,0.040005,166.994476,8.507104,0.400048,-1293.861938,0.041054,0.000000
27.650002,37.495674,-1293.817383,-0.001544,0.001576,0.040023,166.789093,8.496641,0.400230,-1293.817383,0.041072,0.000000
27.660002,37.483383,-1293.772949,-0.001544,0.001577,0.040049,166.734421,8.493856,0.400487,-1293.772949,0.041089,0.000000
27.670002,37.483009,-1293.950806,-0.001544,0.001578,0.040084,166.732758,8.493771,0.400836,-1293.950806,0.041107,0.000000
27.680002,37.520996,-1293.817383,-0.001544,0.001578,0.040091,166.901733,8.502379,0.400911,-1293.817383,0.041124,0.000000
27.690001,37.557114,-1293.817383,-0.001552,0.001578,0.040091,167.062378,8.510563,0.400911,-1293.817383,0.041142,0.000000
27.700001,37.544083,-1293.817383,-0.001544,0.001578,0.040091,167.004425,8.507611,0.400911,-1293.817383,0.041149,0.000000
27.710001,37.520248,-1293.817383,-0.001548,0.001579,0.040100,166.898407,8.502211,0.401002,-1293.817383,0.041168,0.000000
27.720001,37.489716,-1293.861938,-0.001539,0.001579,0.040109,166.762589,8.495291,0.401093,-1293.861938,0.041184,0.000000
27.730001,37.473328,-1293.861938,-0.001548,0.001579,0.040118,166.689682,8.491577,0.401184,-1293.861938,0.041202,0.000000
27.740002,37.458435,-1293.861938,-0.001539,0.001579,0.040118,166.623444,8.488203,0.401184,-1293.861938,0.041219,0.000000
27.750002,37.423431,-1293.817383,-0.001539,0.001579,0.040118,166.467743,8.480270,0.401184,-1293.817383,0.041237,0.000000
27.760002,37.399971,-1293.772949,-0.001535,0.001579,0.040118,166.363373,8.474955,0.401184,-1293.772949,0.041254,0.000000
27.770000,37.365715,-1293.861938,-0.001539,0.001580,0.040126,166.210999,8.467192,0.401259,-1293.861938,0.041270,0.000000
27.780001,37.340393,-1293.817383,-0.001548,0.001580,0.040144,166.098358,8.461454,0.401441,-1293.817383,0.041289,0.000000
27.790001,37.327362,-1293.861938,-0.001531,0.001581,0.040161,166.040405,8.458501,0.401608,-1293.861938,0.041305,0.000000
27.800001,37.303902,-1293.906372,-0.001539,0.001583,0.040214,165.936035,8.453185,0.402138,-1293.906372,0.041323,0.000000
27.810001,37.352684,-1293.772949,-0.001535,0.001585,0.040256,166.153030,8.464239,0.402561,-1293.772949,0.041340,0.000000
27.820002,37.436836,-1293.861938,-0.001539,0.001586,0.040274,166.527359,8.483308,0.402743,-1293.861938,0.041358,0.000000
27.830002,37.515411,-1293.861938,-0.001535,0.001586,0.040274,166.876877,8.501114,0.402743,-1293.861938,0.041366,0.000000
27.840002,37.535889,-1293.906372,-0.001535,0.001586,0.040282,166.967972,8.505754,0.402819,-1293.906372,0.041384,0.000000
27.850000,37.521370,-1293.861938,-0.001539,0.001586,0.040291,166.903397,8.502464,0.402910,-1293.861938,0.041401,0.000000
27.860001,37.510567,-1293.817383,-0.001531,0.001587,0.040300,166.855331,8.500016,0.403000,-1293.817383,0.041419,0.000000
27.870001,37.487854,-1293.817383,-0.001539,0.001587,0.040300,166.754303,8.494869,0.403000,-1293.817383,0.041436,0.000000
27.880001,37.461418,-1293.772949,-0.001539,0.001587,0.040309,166.636703,8.488878,0.403091,-1293.772949,0.041454,0.000000
27.890001,37.450241,-1293.817383,-0.001535,0.001588,0.040335,166.586990,8.486345,0.403349,-1293.817383,0.041470,0.000000
27.900002,37.432373,-1293.861938,-0.001544,0.001590,0.040395,166.507507,8.482297,0.403954,-1293.861938,0.041489,0.000000
27.910002,37.502747,-1293.817383,-0.001526,0.001593,0.040465,166.820541,8.498244,0.404651,-1293.817383,0.041505,0.000000
27.920002,37.650581,-1293.906372,-0.001535,0.001595,0.040526,167.478149,8.531744,0.405256,-1293.906372,0.041523,0.000000
27.930002,37.841606,-1293.861938,-0.001535,0.001597,0.040568,168.327866,8.575031,0.405680,-1293.861938,0.041540,0.000000
27.940001,37.996513,-1293.861938,-0.001522,0.001599,0.040603,169.016937,8.610133,0.406028,-1293.861938,0.041558,0.000000
27.950001,38.122375,-1293.950806,-0.001531,0.001599,0.040603,169.576797,8.638654,0.406028,-1293.950806,0.041575,0.000000
27.960001,38.169296,-1293.728516,-0.001526,0.001599,0.040621,169.785507,8.649286,0.406210,-1293.728516,0.041584,0.000000
27.970001,38.175995,-1293.861938,-0.001522,0.001600,0.040630,169.815308,8.650804,0.406301,-1293.861938,0.041601,0.000000
27.980001,38.180092,-1293.772949,-0.001522,0.001600,0.040630,169.833527,8.651732,0.406301,-1293.772949,0.041619,0.000000
27.990002,38.154030,-1293.861938,-0.001522,0.001600,0.040630,169.717606,8.645827,0.406301,-1293.861938,0.041635,0.000000
28.000002,38.121628,-1293.817383,-0.001522,0.001600,0.040630,169.573471,8.638484,0.406301,-1293.817383,0.041654,0.000000
28.010002,38.077690,-1293.817383,-0.001526,0.001600,0.040647,169.378021,8.628529,0.406467,-1293.817383,0.041670,0.000000
28.020000,38.049019,-1293.817383,-0.001526,0.001602,0.040691,169.250488,8.622030,0.406906,-1293.817383,0.041687,0.000000
28.030001,38.085884,-1293.772949,-0.001522,0.001604,0.040733,169.414474,8.630384,0.407330,-1293.772949,0.041705,0.000000
28.040001,38.168175,-1293.817383,-0.001513,0.001605,0.040768,169.780518,8.649032,0.407679,-1293.817383,0.041722,0.000000
28.050001,38.257919,-1293.861938,-0.001522,0.001605,0.040777,170.179718,8.669368,0.407769,-1293.861938,0.041740,0.000000
28.060001,38.292549,-1293.817383,-0.001500,0.001606,0.040786,170.333771,8.677216,0.407860,-1293.817383,0.041756,0.000000
28.070002,38.291061,-1293.817383,-0.001509,0.001606,0.040794,170.327148,8.676879,0.407936,-1293.817383,0.041775,0.000000
28.080002,38.294785,-1293.861938,-0.001509,0.001607,0.040821,170.343704,8.677722,0.408208,-1293.861938,0.041791,0.000000
28.090002,38.301483,-1293.861938,-0.001505,0.001608,0.040847,170.373505,8.679240,0.408466,-1293.861938,0.041800,0.000000
28.100000,38.338722,-1293.817383,-0.001505,0.001609,0.040872,170.539154,8.687678,0.408723,-1293.817383,0.041817,0.000000
28.110001,38.380798,-1293.728516,-0.001505,0.001611,0.040907,170.726318,8.697214,0.409071,-1293.728516,0.041835,0.000000
28.120001,38.435165,-1293.906372,-0.001513,0.001611,0.040907,170.968155,8.709533,0.409071,-1293.906372,0.041852,0.000000
28.130001,38.448944,-1293.728516,-0.001505,0.001611,0.040924,171.029449,8.712655,0.409238,-1293.728516,0.041870,0.000000
28.140001,38.469055,-1293.861938,-0.001505,0.001612,0.040942,171.118896,8.717213,0.409420,-1293.861938,0.041887,0.000000
28.150002,38.463470,-1293.861938,-0.001500,0.001613,0.040977,171.094055,8.715947,0.409768,-1293.861938,0.041905,0.000000
28.160002,38.493256,-1293.772949,-0.001496,0.001613,0.040977,171.226547,8.722696,0.409768,-1293.772949,0.041921,0.000000
28.170002,38.501076,-1293.861938,-0.001509,0.001613,0.040977,171.261337,8.724469,0.409768,-1293.861938,0.041940,0.000000
28.180002,38.475754,-1293.861938,-0.001505,0.001613,0.040977,171.148697,8.718730,0.409768,-1293.861938,0.041956,0.000000
28.190001,38.449318,-1293.861938,-0.001505,0.001614,0.040984,171.031113,8.712740,0.409844,-1293.861938,0.041973,0.000000
28.200001,38.422508,-1293.817383,-0.001505,0.001614,0.040984,170.911850,8.706665,0.409844,-1293.817383,0.041991,0.000000
28.210001,38.386017,-1293.817383,-0.001505,0.001614,0.040984,170.749527,8.698396,0.409844,-1293.817383,0.042008,0.000000
28.220001,38.340210,-1293.906372,-0.001513,0.001615,0.041012,170.545776,8.688015,0.410116,-1293.906372,0.042017,0.000000
28.230001,38.311913,-1293.817383,-0.001496,0.001616,0.041037,170.419891,8.681603,0.410373,-1293.817383,0.042035,0.000000
28.240002,38.315636,-1293.906372,-0.001500,0.001616,0.041046,170.436462,8.682447,0.410464,-1293.906372,0.042052,0.000000
28.250002,38.319359,-1293.817383,-0.001518,0.001616,0.041046,170.453018,8.683290,0.410464,-1293.817383,0.042068,0.000000
28.260002,38.307076,-1293.772949,-0.001500,0.001616,0.041046,170.398376,8.680508,0.410464,-1293.772949,0.042087,0.000000
28.270000,38.290688,-1293.906372,-0.001509,0.001616,0.041054,170.325485,8.676793,0.410540,-1293.906372,0.042103,0.000000
28.280001,38.271698,-1293.861938,-0.001500,0.001616,0.041054,170.241013,8.672490,0.410540,-1293.861938,0.042121,0.000000
28.290001,38.228127,-1293.861938,-0.001492,0.001617,0.041063,170.047195,8.662618,0.410631,-1293.861938,0.042138,0.000000
28.300001,38.201317,-1293.772949,-0.001487,0.001618,0.041089,169.927948,8.656543,0.410888,-1293.772949,0.042156,0.000000
28.310001,38.182327,-1293.861938,-0.001492,0.001619,0.041124,169.843475,8.652239,0.411236,-1293.861938,0.042173,0.000000
28.320002,38.224777,-1293.906372,-0.001492,0.001619,0.041133,170.032303,8.661859,0.411327,-1293.906372,0.042191,0.000000
28.330002,38.244888,-1293.861938,-0.001492,0.001619,0.041133,170.121765,8.666416,0.411327,-1293.861938,0.042208,0.000000
28.340002,38.240791,-1293.906372,-0.001500,0.001619,0.041133,170.103531,8.665487,0.411327,-1293.906372,0.042217,0.000000
28.350002,38.218079,-1293.861938,-0.001492,0.001619,0.041133,170.002502,8.660340,0.411327,-1293.861938,0.042233,0.000000
28.360001,38.190521,-1293.861938,-0.001492,0.001619,0.041133,169.879929,8.654096,0.411327,-1293.861938,0.042252,0.000000
28.370001,38.148071,-1293.861938,-0.001483,0.001619,0.041133,169.691101,8.644476,0.411327,-1293.861938,0.042268,0.000000
28.380001,38.119400,-1293.817383,-0.001479,0.001619,0.041133,169.563553,8.637980,0.411327,-1293.817383,0.042286,0.000000
28.390001,38.076942,-1293.906372,-0.001487,0.001619,0.041133,169.374695,8.628359,0.411327,-1293.906372,0.042303,0.000000
28.400002,38.050880,-1293.861938,-0.001492,0.001619,0.041133,169.258774,8.622453,0.411327,-1293.861938,0.042321,0.000000
28.410002,37.998001,-1293.817383,-0.001492,0.001619,0.041133,169.023544,8.610470,0.411327,-1293.817383,0.042338,0.000000
28.420002,37.942146,-1293.906372,-0.001483,0.001619,0.041133,168.775101,8.597814,0.411327,-1293.906372,0.042356,0.000000
28.430002,37.893738,-1293.861938,-0.001487,0.001620,0.041149,168.559769,8.586843,0.411494,-1293.861938,0.042373,0.000000
28.440001,37.858734,-1293.861938,-0.001475,0.001621,0.041184,168.404053,8.578912,0.411842,-1293.861938,0.042389,0.000000
28.450001,37.879585,-1293.861938,-0.001479,0.001625,0.041263,168.496811,8.583636,0.412629,-1293.861938,0.042407,0.000000
28.460001,37.986832,-1293.772949,-0.001479,0.001628,0.041349,168.973862,8.607939,0.413492,-1293.772949,0.042424,0.000000
28.470001,38.183815,-1293.861938,-0.001479,0.001630,0.041410,169.850098,8.652575,0.414098,-1293.861938,0.042433,0.000000
28.480001,38.406120,-1293.817383,-0.001487,0.001632,0.041445,170.838959,8.702951,0.414446,-1293.817383,0.042451,0.000000
28.490002,38.549118,-1293.861938,-0.001470,0.001632,0.041445,171.475037,8.735354,0.414446,-1293.861938,0.042468,0.000000
28.500002,38.587471,-1293.817383,-0.001483,0.001632,0.041445,171.645645,8.744046,0.414446,-1293.817383,0.042485,0.000000
28.510002,38.576294,-1293.772949,-0.001466,0.001632,0.041445,171.595932,8.741513,0.414446,-1293.772949,0.042503,0.000000
28.520000,38.560287,-1293.817383,-0.001470,0.001632,0.041445,171.524719,8.737885,0.414446,-1293.817383,0.042520,0.000000
28.530001,38.542786,-1293.817383,-0.001470,0.001632,0.041445,171.446869,8.733920,0.414446,-1293.817383,0.042538,0.000000
28.540001,38.501450,-1293.861938,-0.001479,0.001632,0.041445,171.263000,8.724553,0.414446,-1293.861938,0.042554,0.000000
28.550001,38.464211,-1293.817383,-0.001475,0.001632,0.041454,171.097351,8.716115,0.414537,-1293.817383,0.042572,0.000000
28.560001,38.419899,-1293.817383,-0.001483,0.001632,0.041461,170.900253,8.706073,0.414613,-1293.817383,0.042589,0.000000
28.570002,38.395699,-1293.861938,-0.001483,0.001633,0.041479,170.792603,8.700590,0.414794,-1293.861938,0.042607,0.000000
28.580002,38.377449,-1293.861938,-0.001483,0.001634,0.041505,170.711426,8.696455,0.415052,-1293.861938,0.042624,0.000000
28.590002,38.387878,-1293.817383,-0.001470,0.001635,0.041540,170.757812,8.698817,0.415400,-1293.817383,0.042642,0.000000
28.600002,38.439262,-1293.861938,-0.001470,0.001637,0.041575,170.986374,8.710462,0.415748,-1293.861938,0.042650,0.000000
28.610001,38.488045,-1293.817383,-0.001479,0.001638,0.041601,171.203369,8.721516,0.416005,-1293.817383,0.042668,0.000000
28.620001,38.534218,-1293.906372,-0.001479,0.001639,0.041619,171.408768,8.731978,0.416187,-1293.906372,0.042685,0.000000
28.630001,38.562889,-1293.772949,-0.001479,0.001640,0.041644,171.536301,8.738476,0.416444,-1293.772949,0.042703,0.000000
28.640001,38.596779,-1293.906372,-0.001470,0.001641,0.041670,171.687042,8.746156,0.416702,-1293.906372,0.042719,0.000000
28.650002,38.635880,-1293.772949,-0.001466,0.001642,0.041714,171.860977,8.755015,0.417141,-1293.772949,0.042738,0.000000
28.660002,38.724876,-1293.817383,-0.001470,0.001644,0.041766,172.256851,8.775183,0.417656,-1293.817383,0.042754,0.000000
28.670002,38.840683,-1293.861938,-0.001470,0.001646,0.041809,172.771988,8.801425,0.418095,-1293.861938,0.042771,0.000000
28.680002,38.978088,-1293.728516,-0.001466,0.001647,0.041835,173.383194,8.832561,0.418352,-1293.728516,0.042789,0.000000
28.690001,39.057404,-1293.861938,-0.001457,0.001648,0.041852,173.736008,8.850534,0.418519,-1293.861938,0.042806,0.000000
28.700001,39.102829,-1293.817383,-0.001479,0.001648,0.041870,173.938065,8.860827,0.418700,-1293.817383,0.042824,0.000000
28.710001,39.146400,-1293.772949,-0.001462,0.001649,0.041896,174.131882,8.870701,0.418958,-1293.772949,0.042840,0.000000
28.720001,39.174324,-1293.906372,-0.001466,0.001651,0.041931,174.256104,8.877028,0.419306,-1293.906372,0.042859,0.000000
28.730001,39.228691,-1293.817383,-0.001466,0.001652,0.041965,174.497940,8.889348,0.419654,-1293.817383,0.042866,0.000000
28.740002,39.296463,-1293.772949,-0.001466,0.001654,0.042000,174.799393,8.904706,0.420002,-1293.772949,0.042884,0.000000
28.750002,39.376526,-1293.817383,-0.001453,0.001655,0.042035,175.155533,8.922849,0.420350,-1293.817383,0.042901,0.000000
28.760002,39.462173,-1293.861938,-0.001444,0.001656,0.042061,175.536514,8.942256,0.420608,-1293.861938,0.042919,0.000000
28.770000,39.532921,-1293.861938,-0.001466,0.001657,0.042087,175.851212,8.958288,0.420865,-1293.861938,0.042936,0.000000
28.780001,39.572395,-1293.861938,-0.001475,0.001657,0.042096,176.026810,8.967233,0.420956,-1293.861938,0.042954,0.000000
28.790001,39.593246,-1293.817383,-0.001453,0.001658,0.042112,176.119553,8.971958,0.421123,-1293.817383,0.042971,0.000000
28.800001,39.612610,-1293.861938,-0.001462,0.001659,0.042130,176.205688,8.976346,0.421304,-1293.861938,0.042989,0.000000
28.810001,39.611862,-1293.817383,-0.001449,0.001659,0.042147,176.202362,8.976176,0.421471,-1293.817383,0.043005,0.000000
28.820002,39.630486,-1293.817383,-0.001453,0.001659,0.042147,176.285202,8.980396,0.421471,-1293.817383,0.043024,0.000000
28.830002,39.636070,-1293.861938,-0.001462,0.001659,0.042147,176.310043,8.981662,0.421471,-1293.861938,0.043040,0.000000
28.840002,39.623779,-1293.861938,-0.001449,0.001659,0.042147,176.255371,8.978877,0.421471,-1293.861938,0.043057,0.000000
28.850002,39.585052,-1293.861938,-0.001449,0.001660,0.042156,176.083115,8.970100,0.421562,-1293.861938,0.043075,0.000000
28.860001,39.525101,-1293.817383,-0.001444,0.001660,0.042164,175.816422,8.956515,0.421637,-1293.817383,0.043084,0.000000
28.870001,39.499039,-1293.861938,-0.001444,0.001660,0.042164,175.700500,8.950610,0.421637,-1293.861938,0.043101,0.000000
28.880001,39.483025,-1293.861938,-0.001449,0.001660,0.042173,175.629272,8.946981,0.421728,-1293.861938,0.043119,0.000000
28.890001,39.465523,-1293.861938,-0.001440,0.001661,0.042182,175.551407,8.943015,0.421819,-1293.861938,0.043136,0.000000
28.900002,39.420097,-1293.861938,-0.001449,0.001662,0.042217,175.349350,8.932722,0.422167,-1293.861938,0.043152,0.000000
28.910002,39.414139,-1293.728516,-0.001449,0.001663,0.042252,175.322845,8.931371,0.422515,-1293.728516,0.043171,0.000000
28.920002,39.455467,-1293.861938,-0.001453,0.001663,0.042252,175.506683,8.940737,0.422515,-1293.861938,0.043187,0.000000
28.930002,39.476318,-1293.772949,-0.001440,0.001663,0.042252,175.599442,8.945462,0.422515,-1293.772949,0.043205,0.000000
28.940001,39.454353,-1293.817383,-0.001444,0.001664,0.042259,175.501724,8.940484,0.422591,-1293.817383,0.043222,0.000000
28.950001,39.423820,-1293.861938,-0.001449,0.001664,0.042268,175.365906,8.933565,0.422682,-1293.861938,0.043240,0.000000
28.960001,39.407433,-1293.817383,-0.001453,0.001664,0.042277,175.293015,8.929852,0.422773,-1293.817383,0.043257,0.000000
28.970001,39.392166,-1293.861938,-0.001440,0.001665,0.042286,175.225113,8.926393,0.422864,-1293.861938,0.043275,0.000000
28.980001,39.367958,-1293.772949,-0.001431,0.001665,0.042303,175.117416,8.920907,0.423030,-1293.772949,0.043292,0.000000
28.990002,39.348595,-1293.861938,-0.001453,0.001666,0.042321,175.031296,8.916519,0.423212,-1293.861938,0.043301,0.000000
29.000002,39.345245,-1293.861938,-0.001457,0.001667,0.042347,175.016388,8.915760,0.423469,-1293.861938,0.043317,0.000000
29.010002,39.369820,-1293.861938,-0.001440,0.001668,0.042356,175.125702,8.921329,0.423560,-1293.861938,0.043336,0.000000
29.020000,39.377274,-1293.861938,-0.001444,0.001668,0.042373,175.158859,8.923018,0.423727,-1293.861938,0.043352,0.000000
29.030001,39.372429,-1293.772949,-0.001440,0.001669,0.042382,175.137314,8.921920,0.423817,-1293.772949,0.043370,0.000000
29.040001,39.381371,-1293.861938,-0.001440,0.001670,0.042407,175.177078,8.923946,0.424075,-1293.861938,0.043387,0.000000
29.050001,39.388443,-1293.861938,-0.001427,0.001671,0.042442,175.208542,8.925549,0.424423,-1293.861938,0.043405,0.000000
29.060001,39.433868,-1293.772949,-0.001431,0.001672,0.042459,175.410614,8.935843,0.424590,-1293.772949,0.043422,0.000000
29.070002,39.473343,-1293.861938,-0.001444,0.001673,0.042485,175.586197,8.944787,0.424847,-1293.861938,0.043440,0.000000
29.080002,39.506111,-1293.772949,-0.001427,0.001674,0.042520,175.731964,8.952212,0.425195,-1293.772949,0.043457,0.000000
29.090002,39.550797,-1293.817383,-0.001431,0.001675,0.042547,175.930725,8.962338,0.425468,-1293.817383,0.043473,0.000000
29.100002,39.615959,-1293.817383,-0.001436,0.001676,0.042580,176.220581,8.977105,0.425801,-1293.817383,0.043491,0.000000
29.110001,39.665489,-1293.817383,-0.001418,0.001677,0.042607,176.440903,8.988328,0.426073,-1293.817383,0.043501,0.000000
29.120001,39.726555,-1293.906372,-0.001436,0.001678,0.042624,176.712540,9.002166,0.426240,-1293.906372,0.043517,0.000000
29.130001,39.774223,-1293.817383,-0.001440,0.001678,0.042633,176.924576,9.012968,0.426331,-1293.817383,0.043535,0.000000
29.140001,39.797310,-1293.906372,-0.001431,0.001679,0.042642,177.027283,9.018199,0.426421,-1293.906372,0.043552,0.000000
29.150002,39.789116,-1293.906372,-0.001423,0.001679,0.042659,176.990829,9.016342,0.426588,-1293.906372,0.043569,0.000000
29.160002,39.801773,-1293.861938,-0.001418,0.001680,0.042675,177.047134,9.019211,0.426754,-1293.861938,0.043587,0.000000
29.170002,39.785393,-1293.817383,-0.001436,0.001681,0.042694,176.974258,9.015499,0.426936,-1293.817383,0.043604,0.000000
29.180002,39.776085,-1293.728516,-0.001414,0.001682,0.042710,176.932861,9.013391,0.427103,-1293.728516,0.043622,0.000000
29.190001,39.805870,-1293.817383,-0.001436,0.001682,0.042719,177.065353,9.020139,0.427194,-1293.817383,0.043638,0.000000
29.200001,39.802521,-1293.817383,-0.001431,0.001683,0.042738,177.050461,9.019380,0.427375,-1293.817383,0.043656,0.000000
29.210001,39.802521,-1293.772949,-0.001436,0.001683,0.042745,177.050461,9.019380,0.427451,-1293.772949,0.043673,0.000000
29.220001,39.810341,-1293.861938,-0.001423,0.001684,0.042763,177.085236,9.021152,0.427633,-1293.861938,0.043691,0.000000
29.230001,39.787628,-1293.817383,-0.001418,0.001684,0.042771,176.984207,9.016006,0.427708,-1293.817383,0.043708,0.000000
29.240002,39.782784,-1293.861938,-0.001423,0.001685,0.042789,176.962662,9.014907,0.427890,-1293.861938,0.043717,0.000000
29.250002,39.787628,-1293.861938,-0.001418,0.001685,0.042798,176.984207,9.016006,0.427981,-1293.861938,0.043734,0.000000
29.260002,39.788742,-1293.772949,-0.001427,0.001685,0.042806,176.989166,9.016258,0.428056,-1293.772949,0.043752,0.000000
29.270000,39.788742,-1293.861938,-0.001427,0.001686,0.042824,176.989166,9.016258,0.428238,-1293.861938,0.043769,0.000000
29.280001,39.776451,-1293.817383,-0.001431,0.001686,0.042824,176.934494,9.013473,0.428238,-1293.817383,0.043787,0.000000
29.290001,39.761185,-1293.772949,-0.001427,0.001686,0.042833,176.866577,9.010013,0.428329,-1293.772949,0.043803,0.000000
29.300001,39.732513,-1293.861938,-0.001414,0.001687,0.042850,176.739044,9.003516,0.428496,-1293.861938,0.043822,0.000000
29.310001,39.713898,-1293.728516,-0.001427,0.001688,0.042866,176.656235,8.999298,0.428662,-1293.728516,0.043838,0.000000
29.320002,39.707565,-1293.906372,-0.001423,0.001688,0.042884,176.628067,8.997864,0.428844,-1293.906372,0.043855,0.000000
29.330002,39.716499,-1293.817383,-0.001431,0.001690,0.042919,176.667816,8.999887,0.429192,-1293.817383,0.043873,0.000000
29.340002,39.738846,-1293.861938,-0.001414,0.001690,0.042936,176.767212,9.004951,0.429358,-1293.861938,0.043890,0.000000
29.350002,39.796562,-1293.861938,-0.001414,0.001691,0.042945,177.023956,9.018030,0.429449,-1293.861938,0.043908,0.000000
29.360001,39.819275,-1293.772949,-0.001397,0.001691,0.042954,177.124985,9.023177,0.429540,-1293.772949,0.043924,0.000000
29.370001,39.823372,-1293.906372,-0.001406,0.001691,0.042962,177.143204,9.024105,0.429616,-1293.906372,0.043934,0.000000
29.380001,39.785393,-1293.772949,-0.001410,0.001691,0.042962,176.974258,9.015499,0.429616,-1293.772949,0.043950,0.000000
29.390001,39.751877,-1293.906372,-0.001410,0.001691,0.042962,176.825180,9.007904,0.429616,-1293.906372,0.043968,0.000000
29.400002,39.722084,-1293.861938,-0.001414,0.001692,0.042971,176.692657,9.001152,0.429707,-1293.861938,0.043985,0.000000
29.410002,39.699371,-1293.817383,-0.001401,0.001692,0.042980,176.591629,8.996006,0.429798,-1293.817383,0.044003,0.000000
29.420002,39.695274,-1293.861938,-0.001414,0.001693,0.042996,176.573395,8.995078,0.429964,-1293.861938,0.044020,0.000000
29.430002,39.674049,-1293.817383,-0.001410,0.001694,0.043024,176.478989,8.990269,0.430237,-1293.817383,0.044038,0.000000
29.440001,39.665863,-1293.906372,-0.001414,0.001695,0.043040,176.442566,8.988413,0.430403,-1293.906372,0.044055,0.000000
29.450001,39.681496,-1293.817383,-0.001406,0.001695,0.043049,176.512115,8.991955,0.430494,-1293.817383,0.044073,0.000000
29.460001,39.700119,-1293.817383,-0.001397,0.001695,0.043057,176.594955,8.996176,0.430570,-1293.817383,0.044089,0.000000
29.470001,39.709801,-1293.861938,-0.001406,0.001696,0.043066,176.638016,8.998370,0.430660,-1293.861938,0.044108,0.000000
29.480001,39.697884,-1293.772949,-0.001406,0.001696,0.043066,176.585007,8.995669,0.430660,-1293.772949,0.044124,0.000000
29.490002,39.669586,-1293.906372,-0.001397,0.001697,0.043092,176.459137,8.989257,0.430918,-1293.906372,0.044142,0.000000
29.500002,39.658409,-1293.906372,-0.001406,0.001698,0.043119,176.409409,8.986724,0.431190,-1293.906372,0.044150,0.000000
29.510002,39.674049,-1293.861938,-0.001401,0.001700,0.043171,176.478989,8.990269,0.431705,-1293.861938,0.044168,0.000000
29.520000,39.719109,-1293.861938,-0.001406,0.001700,0.043187,176.679413,9.000479,0.431872,-1293.861938,0.044185,0.000000
29.530001,39.794701,-1293.817383,-0.001406,0.001700,0.043187,177.015671,9.017608,0.431872,-1293.817383,0.044203,0.000000
29.540001,39.822998,-1293.906372,-0.001401,0.001701,0.043196,177.141541,9.024020,0.431962,-1293.906372,0.044220,0.000000
29.550001,39.812202,-1293.817383,-0.001414,0.001701,0.043214,177.093521,9.021574,0.432144,-1293.817383,0.044238,0.000000
29.560001,39.809593,-1293.772949,-0.001393,0.001702,0.043231,177.081909,9.020983,0.432311,-1293.772949,0.044255,0.000000
29.570002,39.816673,-1293.861938,-0.001410,0.001702,0.043231,177.113403,9.022588,0.432311,-1293.861938,0.044271,0.000000
29.580002,39.817787,-1293.817383,-0.001393,0.001702,0.043231,177.118362,9.022840,0.432311,-1293.817383,0.044289,0.000000
29.590002,39.798424,-1293.861938,-0.001393,0.001702,0.043240,177.032227,9.018452,0.432402,-1293.861938,0.044306,0.000000
29.600002,39.779434,-1293.817383,-0.001401,0.001703,0.043249,176.947754,9.014148,0.432492,-1293.817383,0.044324,0.000000
29.610001,39.745178,-1293.817383,-0.001401,0.001704,0.043283,176.795380,9.006386,0.432825,-1293.817383,0.044341,0.000000
29.620001,39.761185,-1293.861938,-0.001401,0.001705,0.043310,176.866577,9.010013,0.433098,-1293.861938,0.044359,0.000000
29.630001,39.799911,-1293.861938,-0.001393,0.001706,0.043336,177.038849,9.018789,0.433355,-1293.861938,0.044367,0.000000
29.640001,39.834175,-1293.817383,-0.001397,0.001708,0.043378,177.191254,9.026553,0.433779,-1293.817383,0.044385,0.000000
29.650002,39.896355,-1293.817383,-0.001397,0.001710,0.043422,177.467850,9.040644,0.434218,-1293.817383,0.044401,0.000000
29.660002,39.999878,-1293.817383,-0.001388,0.001711,0.043448,177.928345,9.064102,0.434476,-1293.817383,0.044420,0.000000
29.670002,40.097443,-1293.861938,-0.001393,0.001712,0.043473,178.362335,9.086211,0.434733,-1293.861938,0.044436,0.000000
29.680002,40.153297,-1293.817383,-0.001384,0.001712,0.043482,178.610794,9.098867,0.434824,-1293.817383,0.044454,0.000000
29.690001,40.185692,-1293.861938,-0.001384,0.001712,0.043491,178.754883,9.106208,0.434915,-1293.861938,0.044471,0.000000
29.700001,40.189041,-1293.817383,-0.001393,0.001713,0.043501,178.769791,9.106967,0.435006,-1293.817383,0.044489,0.000000
29.710001,40.182709,-1293.861938,-0.001380,0.001713,0.043508,178.741623,9.105532,0.435081,-1293.861938,0.044506,0.000000
29.720001,40.187927,-1293.772949,-0.001384,0.001714,0.043526,178.764832,9.106714,0.435263,-1293.772949,0.044524,0.000000
29.730001,40.177124,-1293.772949,-0.001388,0.001715,0.043552,178.716766,9.104266,0.435520,-1293.772949,0.044541,0.000000
29.740002,40.178246,-1293.817383,-0.001384,0.001716,0.043587,178.721756,9.104520,0.435869,-1293.817383,0.044557,0.000000
29.750002,40.254951,-1293.817383,-0.001393,0.001718,0.043631,179.062973,9.121902,0.436308,-1293.817383,0.044566,0.000000
29.760002,40.362938,-1293.817383,-0.001384,0.001718,0.043638,179.543320,9.146373,0.436383,-1293.817383,0.044585,0.000000
29.770002,40.416565,-1293.817383,-0.001388,0.001718,0.043647,179.781860,9.158525,0.436474,-1293.817383,0.044601,0.000000
29.780001,40.431084,-1293.817383,-0.001380,0.001719,0.043656,179.846436,9.161814,0.436565,-1293.817383,0.044619,0.000000
29.790001,40.409119,-1293.817383,-0.001388,0.001720,0.043682,179.748734,9.156837,0.436822,-1293.817383,0.044636,0.000000
29.800001,40.417679,-1293.861938,-0.001388,0.001721,0.043717,179.786819,9.158777,0.437171,-1293.861938,0.044653,0.000000
29.810001,40.460876,-1293.861938,-0.001367,0.001724,0.043787,179.978973,9.168566,0.437867,-1293.861938,0.044671,0.000000
29.820002,40.598282,-1293.817383,-0.001380,0.001726,0.043829,180.590179,9.199702,0.438291,-1293.817383,0.044687,0.000000
29.830002,40.754303,-1293.817383,-0.001384,0.001726,0.043847,181.284195,9.235057,0.438473,-1293.817383,0.044706,0.000000
29.840002,40.820213,-1293.861938,-0.001375,0.001726,0.043847,181.577377,9.249992,0.438473,-1293.861938,0.044722,0.000000
29.850002,40.857079,-1293.906372,-0.001380,0.001726,0.043847,181.741364,9.258347,0.438473,-1293.906372,0.044740,0.000000
29.860001,40.851120,-1293.772949,-0.001371,0.001727,0.043855,181.714859,9.256996,0.438548,-1293.772949,0.044757,0.000000
29.870001,40.817978,-1293.950806,-0.001384,0.001727,0.043864,181.567429,9.249486,0.438639,-1293.950806,0.044775,0.000000
29.880001,40.799362,-1293.817383,-0.001388,0.001727,0.043873,181.484634,9.245267,0.438730,-1293.817383,0.044783,0.000000
29.890001,40.787445,-1293.906372,-0.001384,0.001727,0.043873,181.431610,9.242567,0.438730,-1293.906372,0.044801,0.000000
29.900002,40.758400,-1293.861938,-0.001375,0.001727,0.043873,181.302414,9.235986,0.438730,-1293.861938,0.044818,0.000000
29.910002,40.723022,-1293.817383,-0.001362,0.001728,0.043890,181.145050,9.227968,0.438896,-1293.817383,0.044836,0.000000
29.920002,40.690628,-1293.906372,-0.001375,0.001728,0.043899,181.000946,9.220629,0.438987,-1293.906372,0.044853,0.000000
29.930002,40.666794,-1293.861938,-0.001380,0.001729,0.043917,180.894928,9.215227,0.439169,-1293.861938,0.044871,0.000000
29.940001,40.669029,-1293.906372,-0.001371,0.001729,0.043924,180.904877,9.215734,0.439245,-1293.906372,0.044887,0.000000
29.950001,40.664192,-1293.861938,-0.001371,0.001730,0.043934,180.883362,9.214638,0.439335,-1293.861938,0.044906,0.000000
29.960001,40.659721,-1293.817383,-0.001367,0.001730,0.043943,180.863480,9.213625,0.439426,-1293.817383,0.044922,0.000000
29.970001,40.639984,-1293.861938,-0.001367,0.001730,0.043950,180.775681,9.209151,0.439502,-1293.861938,0.044940,0.000000
29.980001,40.615784,-1293.772949,-0.001380,0.001731,0.043959,180.668030,9.203669,0.439593,-1293.772949,0.044957,0.000000
29.990002,40.612427,-1293.861938,-0.001362,0.001731,0.043977,180.653091,9.202908,0.439775,-1293.861938,0.044974,0.000000
30.000002,40.616524,-1293.817383,-0.001375,0.001732,0.043985,180.671326,9.203836,0.439850,-1293.817383,0.044992,0.000000
30.010002,40.604980,-1293.861938,-0.001362,0.001733,0.044020,180.619980,9.201220,0.440198,-1293.861938,0.045001,0.000000
30.020002,40.622108,-1293.861938,-0.001371,0.001734,0.044038,180.696167,9.205102,0.440380,-1293.861938,0.045018,0.000000
30.030001,40.655251,-1293.817383,-0.001354,0.001734,0.044047,180.843582,9.212611,0.440471,-1293.817383,0.045036,0.000000
30.040001,40.672379,-1293.772949,-0.001362,0.001735,0.044064,180.919769,9.216493,0.440637,-1293.772949,0.045052,0.000000
30.050001,40.673874,-1293.817383,-0.001362,0.001735,0.044064,180.926422,9.216832,0.440637,-1293.817383,0.045069,0.000000
30.060001,40.677597,-1293.817383,-0.001358,0.001735,0.044073,180.942993,9.217675,0.440728,-1293.817383,0.045087,0.000000
30.070002,40.657112,-1293.861938,-0.001354,0.001735,0.044073,180.851868,9.213034,0.440728,-1293.861938,0.045104,0.000000
30.080002,40.622856,-1293.772949,-0.001358,0.001735,0.044073,180.699493,9.205271,0.440728,-1293.772949,0.045122,0.000000
30.090002,40.594185,-1293.861938,-0.001367,0.001736,0.044099,180.571945,9.198774,0.440986,-1293.861938,0.045139,0.000000
30.100002,40.581154,-1293.861938,-0.001362,0.001738,0.044142,180.513992,9.195821,0.441425,-1293.861938,0.045157,0.000000
30.110001,40.634026,-1293.772949,-0.001345,0.001739,0.044168,180.749176,9.207802,0.441682,-1293.772949,0.045173,0.000000
30.120001,40.688393,-1293.861938,-0.001358,0.001739,0.044176,180.991013,9.220122,0.441758,-1293.861938,0.045192,0.000000
30.130001,40.702919,-1293.772949,-0.001354,0.001740,0.044185,181.055634,9.223413,0.441849,-1293.772949,0.045208,0.000000
30.140001,40.711479,-1293.861938,-0.001358,0.001740,0.044203,181.093704,9.225353,0.442030,-1293.861938,0.045217,0.000000
30.150002,40.709244,-1293.817383,-0.001345,0.001740,0.044203,181.083755,9.224847,0.442030,-1293.817383,0.045234,0.000000
30.160002,40.702171,-1293.861938,-0.001358,0.001741,0.044211,181.052307,9.223244,0.442106,-1293.861938,0.045252,0.000000
30.170002,40.694351,-1293.861938,-0.001358,0.001741,0.044229,181.017517,9.221472,0.442288,-1293.861938,0.045269,0.000000
30.180002,40.707016,-1293.728516,-0.001354,0.001742,0.044238,181.073853,9.224341,0.442379,-1293.728516,0.045287,0.000000
30.190001,40.694725,-1293.861938,-0.001350,0.001742,0.044245,181.019180,9.221557,0.442454,-1293.861938,0.045304,0.000000
30.200001,40.693611,-1293.817383,-0.001367,0.001743,0.044264,181.014221,9.221304,0.442636,-1293.817383,0.045322,0.000000
30.210001,40.688019,-1293.817383,-0.001350,0.001744,0.044289,180.989349,9.220037,0.442893,-1293.817383,0.045339,0.000000
30.220001,40.689514,-1293.861938,-0.001337,0.001744,0.044306,180.996002,9.220376,0.443060,-1293.861938,0.045355,0.000000
30.230001,40.723022,-1293.772949,-0.001337,0.001745,0.044324,181.145050,9.227968,0.443241,-1293.772949,0.045373,0.000000
30.240002,40.747604,-1293.950806,-0.001341,0.001745,0.044324,181.254395,9.233539,0.443241,-1293.950806,0.045390,0.000000
30.250002,40.749466,-1293.861938,-0.001354,0.001745,0.044333,181.262680,9.233961,0.443332,-1293.861938,0.045408,0.000000
30.260002,40.728241,-1293.817383,-0.001341,0.001746,0.044341,181.168259,9.229152,0.443408,-1293.817383,0.045425,0.000000
30.270002,40.714088,-1293.861938,-0.001350,0.001746,0.044350,181.105316,9.225944,0.443499,-1293.861938,0.045434,0.000000
30.280001,40.709244,-1293.817383,-0.001345,0.001747,0.044367,181.083755,9.224847,0.443665,-1293.817383,0.045451,0.000000
30.290001,40.697701,-1293.906372,-0.001337,0.001747,0.044376,181.032410,9.222231,0.443756,-1293.906372,0.045469,0.000000
30.300001,40.692116,-1293.906372,-0.001345,0.001747,0.044376,181.007568,9.220965,0.443756,-1293.906372,0.045485,0.000000
30.310001,40.668289,-1293.906372,-0.001332,0.001747,0.044376,180.901581,9.215567,0.443756,-1293.906372,0.045504,0.000000
30.320002,40.643707,-1293.861938,-0.001350,0.001747,0.044385,180.792236,9.209996,0.443847,-1293.861938,0.045520,0.000000
30.330002,40.638496,-1293.817383,-0.001345,0.001747,0.044385,180.769058,9.208815,0.443847,-1293.817383,0.045538,0.000000
30.340002,40.615410,-1293.861938,-0.001332,0.001748,0.044394,180.666367,9.203584,0.443938,-1293.861938,0.045555,0.000000
30.350002,40.592697,-1293.817383,-0.001350,0.001749,0.044436,180.565338,9.198437,0.444362,-1293.817383,0.045573,0.000000
30.360001,40.623604,-1293.817383,-0.001332,0.001752,0.044489,180.702820,9.205441,0.444892,-1293.817383,0.045590,0.000000
30.370001,40.706268,-1293.906372,-0.001345,0.001753,0.044532,181.070526,9.224172,0.445316,-1293.906372,0.045608,0.000000
30.380001,40.824310,-1293.861938,-0.001345,0.001755,0.044575,181.595596,9.250921,0.445755,-1293.861938,0.045625,0.000000
30.390001,40.939743,-1293.817383,-0.001341,0.001757,0.044627,182.109070,9.277078,0.446269,-1293.817383,0.045634,0.000000
30.400002,41.070824,-1293.861938,-0.001341,0.001758,0.044645,182.692154,9.306782,0.446451,-1293.861938,0.045650,0.000000
30.410002,41.172852,-1293.772949,-0.001337,0.001758,0.044653,183.145996,9.329902,0.446527,-1293.772949,0.045669,0.000000
30.420002,41.192589,-1293.906372,-0.001328,0.001759,0.044671,183.233780,9.334373,0.446708,-1293.906372,0.045685,0.000000
30.430002,41.219025,-1293.772949,-0.001337,0.001759,0.044687,183.351379,9.340364,0.446875,-1293.772949,0.045703,0.000000
30.440001,41.229454,-1293.817383,-0.001332,0.001759,0.044687,183.397766,9.342728,0.446875,-1293.817383,0.045720,0.000000
30.450001,41.241737,-1293.906372,-0.001341,0.001760,0.044697,183.452408,9.345511,0.446966,-1293.906372,0.045738,0.000000
30.460001,41.230194,-1293.817383,-0.001337,0.001760,0.044697,183.401062,9.342896,0.446966,-1293.817383,0.045755,0.000000
30.470001,41.210831,-1293.817383,-0.001345,0.001760,0.044697,183.314926,9.338509,0.446966,-1293.817383,0.045771,0.000000
30.480001,41.187004,-1293.861938,-0.001337,0.001760,0.044697,183.208939,9.333108,0.446966,-1293.861938,0.045790,0.000000
30.490002,41.141571,-1293.906372,-0.001332,0.001760,0.044706,183.006851,9.322813,0.447057,-1293.906372,0.045806,0.000000
30.500002,41.128914,-1293.861938,-0.001341,0.001761,0.044722,182.950546,9.319945,0.447223,-1293.861938,0.045824,0.000000
30.510002,41.106194,-1293.861938,-0.001315,0.001762,0.044748,182.849487,9.314796,0.447481,-1293.861938,0.045841,0.000000
30.520002,41.107315,-1293.950806,-0.001332,0.001762,0.044757,182.854477,9.315050,0.447571,-1293.950806,0.045850,0.000000
30.530001,41.124443,-1293.817383,-0.001324,0.001762,0.044766,182.930664,9.318933,0.447662,-1293.817383,0.045867,0.000000
30.540001,41.105453,-1293.861938,-0.001324,0.001763,0.044775,182.846191,9.314630,0.447753,-1293.861938,0.045885,0.000000
30.550001,41.106567,-1293.861938,-0.001332,0.001764,0.044801,182.851151,9.314881,0.448010,-1293.861938,0.045902,0.000000
30.560001,41.110291,-1293.817383,-0.001324,0.001765,0.044836,182.867706,9.315725,0.448359,-1293.817383,0.045920,0.000000
30.570002,41.145294,-1293.861938,-0.001337,0.001767,0.044871,183.023407,9.323657,0.448707,-1293.861938,0.045937,0.000000
30.580002,41.212692,-1293.817383,-0.001337,0.001767,0.044887,183.323212,9.338929,0.448873,-1293.817383,0.045955,0.000000
30.590002,41.270409,-1293.861938,-0.001328,0.001768,0.044906,183.579941,9.352009,0.449055,-1293.861938,0.045971,0.000000
30.600002,41.285309,-1293.906372,-0.001328,0.001769,0.044922,183.646225,9.355385,0.449222,-1293.906372,0.045990,0.000000
30.610001,41.304672,-1293.861938,-0.001319,0.001770,0.044948,183.732361,9.359773,0.449479,-1293.861938,0.046006,0.000000
30.620001,41.350098,-1293.906372,-0.001311,0.001772,0.045001,183.934418,9.370067,0.450009,-1293.906372,0.046024,0.000000
30.630001,41.431274,-1293.817383,-0.001332,0.001774,0.045061,184.295517,9.388461,0.450614,-1293.817383,0.046041,0.000000
30.640001,41.577995,-1293.772949,-0.001319,0.001775,0.045096,184.948166,9.421708,0.450963,-1293.772949,0.046058,0.000000
30.650002,41.713905,-1293.817383,-0.001319,0.001776,0.045113,185.552719,9.452506,0.451129,-1293.817383,0.046067,0.000000
30.660002,41.783913,-1293.772949,-0.001306,0.001777,0.045148,185.864120,9.468370,0.451477,-1293.772949,0.046085,0.000000
30.670002,41.854668,-1293.861938,-0.001311,0.001778,0.045173,186.178864,9.484404,0.451735,-1293.861938,0.046102,0.000000
30.680002,41.926529,-1293.817383,-0.001311,0.001780,0.045217,186.498520,9.500688,0.452174,-1293.817383,0.046120,0.000000
30.690001,42.013664,-1293.950806,-0.001319,0.001781,0.045243,186.886108,9.520432,0.452431,-1293.950806,0.046136,0.000000
30.700001,42.096710,-1293.861938,-0.001324,0.001782,0.045269,187.255524,9.539250,0.452689,-1293.861938,0.046153,0.000000
30.710001,42.162987,-1293.861938,-0.001306,0.001782,0.045269,187.550339,9.554269,0.452689,-1293.861938,0.046171,0.000000
30.720001,42.198364,-1293.906372,-0.001315,0.001783,0.045278,187.707703,9.562286,0.452779,-1293.906372,0.046188,0.000000
30.730001,42.172668,-1293.861938,-0.001324,0.001783,0.045287,187.593399,9.556463,0.452870,-1293.861938,0.046206,0.000000
30.740002,42.160751,-1293.817383,-0.001315,0.001783,0.045295,187.540390,9.553762,0.452946,-1293.817383,0.046223,0.000000
30.750002,42.156288,-1293.906372,-0.001311,0.001783,0.045295,187.520538,9.552752,0.452946,-1293.906372,0.046241,0.000000
30.760002,42.123146,-1293.861938,-0.001298,0.001783,0.045295,187.373108,9.545241,0.452946,-1293.861938,0.046257,0.000000
30.770002,42.093727,-1293.861938,-0.001319,0.001784,0.045304,187.242249,9.538574,0.453037,-1293.861938,0.046276,0.000000
30.780001,42.065056,-1293.817383,-0.001306,0.001784,0.045313,187.114716,9.532078,0.453128,-1293.817383,0.046283,0.000000
30.790001,42.030800,-1293.906372,-0.001311,0.001784,0.045322,186.962341,9.524315,0.453218,-1293.906372,0.046301,0.000000
30.800001,42.009201,-1293.906372,-0.001315,0.001785,0.045339,186.866257,9.519421,0.453385,-1293.906372,0.046318,0.000000
30.810001,42.001007,-1293.817383,-0.001306,0.001787,0.045382,186.829803,9.517565,0.453824,-1293.817383,0.046336,0.000000
30.820002,42.030426,-1293.906372,-0.001302,0.001788,0.045425,186.960678,9.524231,0.454248,-1293.906372,0.046353,0.000000
30.830002,42.126122,-1293.772949,-0.001311,0.001789,0.045451,187.386353,9.545916,0.454505,-1293.772949,0.046371,0.000000
30.840002,42.195389,-1293.906372,-0.001302,0.001790,0.045478,187.694458,9.561612,0.454778,-1293.906372,0.046388,0.000000
30.850002,42.250496,-1293.817383,-0.001306,0.001791,0.045504,187.939590,9.574100,0.455035,-1293.817383,0.046406,0.000000
30.860001,42.319389,-1293.861938,-0.001302,0.001792,0.045520,188.246048,9.589710,0.455202,-1293.861938,0.046422,0.000000
30.870001,42.345451,-1293.817383,-0.001289,0.001792,0.045529,188.361969,9.595616,0.455293,-1293.817383,0.046439,0.000000
30.880001,42.364067,-1293.817383,-0.001293,0.001794,0.045555,188.444778,9.599834,0.455550,-1293.817383,0.046457,0.000000
30.890001,42.393860,-1293.861938,-0.001293,0.001794,0.045573,188.577301,9.606586,0.455732,-1293.861938,0.046474,0.000000
30.900002,42.413597,-1293.817383,-0.001298,0.001795,0.045590,188.665100,9.611058,0.455898,-1293.817383,0.046492,0.000000
30.910002,42.433334,-1293.817383,-0.001298,0.001795,0.045590,188.752899,9.615531,0.455898,-1293.817383,0.046501,0.000000
30.920002,42.422531,-1293.861938,-0.001289,0.001796,0.045616,188.704849,9.613083,0.456156,-1293.861938,0.046518,0.000000
30.930002,42.436310,-1293.817383,-0.001289,0.001797,0.045641,188.766129,9.616205,0.456413,-1293.817383,0.046535,0.000000
30.940001,42.462746,-1293.861938,-0.001293,0.001798,0.045676,188.883728,9.622196,0.456761,-1293.861938,0.046553,0.000000
30.950001,42.527916,-1293.817383,-0.001298,0.001799,0.045703,189.173615,9.636964,0.457034,-1293.817383,0.046569,0.000000
30.960001,42.578926,-1293.861938,-0.001293,0.001800,0.045729,189.400528,9.648522,0.457291,-1293.861938,0.046588,0.000000
30.970001,42.635155,-1293.861938,-0.001302,0.001801,0.045746,189.650635,9.661263,0.457458,-1293.861938,0.046604,0.000000
30.980001,42.665321,-1293.772949,-0.001285,0.001801,0.045755,189.784821,9.668099,0.457548,-1293.772949,0.046622,0.000000
30.990002,42.686172,-1293.817383,-0.001293,0.001802,0.045771,189.877579,9.672825,0.457715,-1293.817383,0.046639,0.000000
31.000002,42.701813,-1293.772949,-0.001293,0.001803,0.045790,189.947144,9.676370,0.457897,-1293.772949,0.046657,0.000000
31.010002,42.714470,-1293.906372,-0.001302,0.001803,0.045799,190.003448,9.679237,0.457987,-1293.906372,0.046674,0.000000
31.020002,42.711121,-1293.861938,-0.001306,0.001803,0.045799,189.988556,9.678478,0.457987,-1293.861938,0.046692,0.000000
31.030001,42.701065,-1293.772949,-0.001293,0.001803,0.045799,189.943817,9.676200,0.457987,-1293.772949,0.046709,0.000000
31.040001,42.660103,-1293.861938,-0.001289,0.001803,0.045806,189.761612,9.666918,0.458063,-1293.861938,0.046718,0.000000
31.050001,42.635155,-1293.861938,-0.001302,0.001804,0.045834,189.650635,9.661263,0.458336,-1293.861938,0.046734,0.000000
31.060001,42.635529,-1293.861938,-0.001289,0.001806,0.045867,189.652298,9.661349,0.458669,-1293.861938,0.046753,0.000000
31.070002,42.661224,-1293.861938,-0.001285,0.001806,0.045885,189.766602,9.667172,0.458850,-1293.861938,0.046769,0.000000
31.080002,42.706650,-1293.861938,-0.001281,0.001806,0.045885,189.968658,9.677465,0.458850,-1293.861938,0.046787,0.000000
31.090002,42.710373,-1293.906372,-0.001302,0.001806,0.045885,189.985229,9.678308,0.458850,-1293.906372,0.046804,0.000000
31.100002,42.688034,-1293.861938,-0.001293,0.001806,0.045885,189.885864,9.673246,0.458850,-1293.861938,0.046822,0.000000
31.110001,42.650421,-1293.906372,-0.001285,0.001806,0.045885,189.718552,9.664723,0.458850,-1293.906372,0.046839,0.000000
31.120001,42.615425,-1293.861938,-0.001289,0.001806,0.045885,189.562881,9.656794,0.458850,-1293.861938,0.046855,0.000000
31.130001,42.581161,-1293.817383,-0.001281,0.001807,0.045894,189.410461,9.649029,0.458941,-1293.817383,0.046874,0.000000
31.140001,42.540947,-1293.861938,-0.001281,0.001807,0.045902,189.231583,9.639915,0.459017,-1293.861938,0.046890,0.000000
31.150002,42.488441,-1293.772949,-0.001281,0.001808,0.045920,188.998032,9.628018,0.459199,-1293.772949,0.046908,0.000000
31.160002,42.445618,-1293.817383,-0.001276,0.001808,0.045929,188.807541,9.618315,0.459289,-1293.817383,0.046918,0.000000
31.170002,42.426628,-1293.861938,-0.001285,0.001809,0.045955,188.723068,9.614012,0.459547,-1293.861938,0.046934,0.000000
31.180002,42.427376,-1293.817383,-0.001285,0.001811,0.045990,188.726395,9.614181,0.459895,-1293.817383,0.046951,0.000000
31.190001,42.470566,-1293.950806,-0.001272,0.001811,0.046006,188.918518,9.623968,0.460062,-1293.950806,0.046969,0.000000
31.200001,42.518608,-1293.817383,-0.001276,0.001812,0.046024,189.132217,9.634854,0.460243,-1293.817383,0.046986,0.000000
31.210001,42.538712,-1293.817383,-0.001268,0.001812,0.046032,189.221634,9.639409,0.460319,-1293.817383,0.047004,0.000000
31.220001,42.533875,-1293.861938,-0.001289,0.001813,0.046050,189.200119,9.638313,0.460501,-1293.861938,0.047021,0.000000
31.230001,42.537598,-1293.817383,-0.001281,0.001814,0.046085,189.216690,9.639158,0.460849,-1293.817383,0.047039,0.000000
31.240002,42.559937,-1293.861938,-0.001281,0.001815,0.046111,189.316055,9.644219,0.461106,-1293.861938,0.047055,0.000000
31.250002,42.628082,-1293.817383,-0.001272,0.001816,0.046127,189.619186,9.659661,0.461273,-1293.817383,0.047073,0.000000
31.260002,42.670906,-1293.817383,-0.001263,0.001816,0.046127,189.809677,9.669365,0.461273,-1293.817383,0.047090,0.000000
31.270002,42.668297,-1293.861938,-0.001276,0.001816,0.046127,189.798065,9.668775,0.461273,-1293.861938,0.047108,0.000000
31.280001,42.641487,-1293.817383,-0.001272,0.001816,0.046136,189.678802,9.662699,0.461364,-1293.817383,0.047125,0.000000
31.290001,42.635155,-1293.861938,-0.001268,0.001817,0.046153,189.650635,9.661263,0.461530,-1293.861938,0.047134,0.000000
31.300001,42.623611,-1293.772949,-0.001285,0.001818,0.046171,189.599289,9.658648,0.461712,-1293.772949,0.047151,0.000000
31.310001,42.625473,-1293.861938,-0.001268,0.001818,0.046188,189.607574,9.659071,0.461878,-1293.861938,0.047169,0.000000
31.320002,42.623985,-1293.861938,-0.001289,0.001819,0.046206,189.600952,9.658732,0.462060,-1293.861938,0.047186,0.000000
31.330002,42.634415,-1293.817383,-0.001268,0.001821,0.046241,189.647354,9.661097,0.462408,-1293.817383,0.047204,0.000000
31.340002,42.701813,-1293.861938,-0.001272,0.001821,0.046248,189.947144,9.676370,0.462484,-1293.861938,0.047220,0.000000
31.350002,42.735695,-1293.861938,-0.001263,0.001821,0.046257,190.097870,9.684047,0.462575,-1293.861938,0.047237,0.000000
31.360001,42.733093,-1293.861938,-0.001263,0.001822,0.046267,190.086288,9.683457,0.462666,-1293.861938,0.047255,0.000000
31.370001,42.710007,-1293.906372,-0.001281,0.001823,0.046292,189.983597,9.678226,0.462923,-1293.906372,0.047272,0.000000
31.380001,42.735695,-1293.772949,-0.001259,0.001823,0.046292,190.097870,9.684047,0.462923,-1293.772949,0.047290,0.000000
31.390001,42.739052,-1293.906372,-0.001263,0.001823,0.046301,190.112793,9.684808,0.463014,-1293.906372,0.047307,0.000000
31.400002,42.714104,-1293.861938,-0.001276,0.001823,0.046301,190.001816,9.679154,0.463014,-1293.861938,0.047325,0.000000
31.410002,42.683197,-1293.817383,-0.001259,0.001824,0.046318,189.864349,9.672151,0.463180,-1293.817383,0.047341,0.000000
31.420002,42.670158,-1293.906372,-0.001263,0.001825,0.046362,189.806351,9.669195,0.463619,-1293.906372,0.047351,0.000000
31.430002,42.705162,-1293.772949,-0.001263,0.001827,0.046397,189.962051,9.677129,0.463968,-1293.772949,0.047367,0.000000
31.440002,42.769958,-1293.906372,-0.001263,0.001828,0.046422,190.250275,9.691811,0.464225,-1293.906372,0.047385,0.000000
31.450001,42.840706,-1293.772949,-0.001276,0.001828,0.046422,190.564972,9.707843,0.464225,-1293.772949,0.047402,0.000000
31.460001,42.869377,-1293.817383,-0.001263,0.001828,0.046422,190.692520,9.714340,0.464225,-1293.817383,0.047420,0.000000
31.470001,42.853371,-1293.906372,-0.001263,0.001829,0.046448,190.621307,9.710713,0.464482,-1293.906372,0.047437,0.000000
31.480001,42.852623,-1293.817383,-0.001268,0.001830,0.046492,190.617981,9.710544,0.464921,-1293.817383,0.047455,0.000000
31.490002,42.904007,-1293.906372,-0.001259,0.001831,0.046518,190.846558,9.722187,0.465179,-1293.906372,0.047472,0.000000
31.500002,42.981461,-1293.817383,-0.001259,0.001832,0.046544,191.191086,9.739738,0.465436,-1293.817383,0.047490,0.000000
31.510002,43.044395,-1293.861938,-0.001255,0.001833,0.046562,191.471039,9.754000,0.465618,-1293.861938,0.047506,0.000000
31.520002,43.090942,-1293.861938,-0.001268,0.001833,0.046562,191.678085,9.764547,0.465618,-1293.861938,0.047525,0.000000
31.530001,43.088333,-1293.772949,-0.001242,0.001833,0.046562,191.666473,9.763956,0.465618,-1293.772949,0.047541,0.000000
31.540001,43.064507,-1293.906372,-0.001246,0.001833,0.046562,191.560486,9.758557,0.465618,-1293.906372,0.047558,0.000000
31.550001,43.029503,-1293.817383,-0.001255,0.001834,0.046578,191.404785,9.750625,0.465784,-1293.817383,0.047567,0.000000
31.560001,43.013863,-1293.861938,-0.001246,0.001835,0.046597,191.335220,9.747080,0.465966,-1293.861938,0.047585,0.000000
31.570002,43.021683,-1293.861938,-0.001268,0.001836,0.046631,191.369995,9.748853,0.466314,-1293.861938,0.047602,0.000000
31.580002,43.044769,-1293.817383,-0.001250,0.001837,0.046648,191.472702,9.754085,0.466481,-1293.817383,0.047620,0.000000
31.590002,43.081635,-1293.906372,-0.001255,0.001838,0.046683,191.636688,9.762438,0.466829,-1293.906372,0.047637,0.000000
31.600002,43.118500,-1293.817383,-0.001259,0.001839,0.046718,191.800659,9.770792,0.467177,-1293.817383,0.047653,0.000000
31.610001,43.193718,-1293.817383,-0.001250,0.001841,0.046753,192.135254,9.787837,0.467525,-1293.817383,0.047672,0.000000
31.620001,43.275635,-1293.950806,-0.001255,0.001842,0.046778,192.499634,9.806398,0.467783,-1293.950806,0.047688,0.000000
31.630001,43.356445,-1293.861938,-0.001246,0.001842,0.046795,192.859100,9.824711,0.467949,-1293.861938,0.047706,0.000000
31.640001,43.413788,-1293.861938,-0.001242,0.001842,0.046795,193.114166,9.837705,0.467949,-1293.861938,0.047723,0.000000
31.650002,43.426819,-1293.861938,-0.001246,0.001842,0.046795,193.172134,9.840658,0.467949,-1293.861938,0.047741,0.000000
31.660002,43.404480,-1293.861938,-0.001237,0.001842,0.046795,193.072769,9.835596,0.467949,-1293.861938,0.047758,0.000000
31.670002,43.361656,-1293.861938,-0.001250,0.001843,0.046804,192.882278,9.825891,0.468040,-1293.861938,0.047776,0.000000
31.680002,43.332611,-1293.817383,-0.001242,0.001843,0.046813,192.753082,9.819310,0.468131,-1293.817383,0.047784,0.000000
31.690002,43.319954,-1293.861938,-0.001242,0.001843,0.046813,192.696777,9.816442,0.468131,-1293.861938,0.047802,0.000000
31.700001,43.291649,-1293.906372,-0.001250,0.001844,0.046830,192.570877,9.810028,0.468297,-1293.906372,0.047818,0.000000
31.710001,43.271912,-1293.772949,-0.001237,0.001845,0.046865,192.483078,9.805555,0.468646,-1293.772949,0.047837,0.000000
31.720001,43.281593,-1293.906372,-0.001242,0.001847,0.046908,192.526138,9.807750,0.469085,-1293.906372,0.047853,0.000000
31.730001,43.350113,-1293.728516,-0.001233,0.001848,0.046951,192.830933,9.823277,0.469509,-1293.728516,0.047871,0.000000
31.740002,43.443581,-1293.906372,-0.001242,0.001849,0.046969,193.246704,9.844456,0.469690,-1293.906372,0.047888,0.000000
31.750002,43.529221,-1293.817383,-0.001250,0.001849,0.046969,193.627640,9.863862,0.469690,-1293.817383,0.047906,0.000000
31.760002,43.550446,-1293.817383,-0.001237,0.001850,0.046978,193.722061,9.868672,0.469781,-1293.817383,0.047923,0.000000
31.770002,43.547470,-1293.950806,-0.001242,0.001850,0.046986,193.708817,9.867997,0.469857,-1293.950806,0.047939,0.000000
31.780001,43.542999,-1293.772949,-0.001229,0.001850,0.046995,193.688934,9.866984,0.469948,-1293.772949,0.047958,0.000000
31.790001,43.530716,-1293.861938,-0.001233,0.001851,0.047004,193.634293,9.864201,0.470039,-1293.861938,0.047974,0.000000
31.800001,43.492355,-1293.861938,-0.001242,0.001851,0.047021,193.463654,9.855508,0.470205,-1293.861938,0.047983,0.000000
31.810001,43.482307,-1293.861938,-0.001229,0.001852,0.047046,193.418961,9.853231,0.470462,-1293.861938,0.048002,0.000000
31.820002,43.507996,-1293.861938,-0.001224,0.001854,0.047081,193.533234,9.859053,0.470811,-1293.861938,0.048018,0.000000
31.830002,43.567581,-1293.817383,-0.001229,0.001855,0.047108,193.798279,9.872555,0.471083,-1293.817383,0.048035,0.000000
31.840002,43.614128,-1293.950806,-0.001242,0.001856,0.047134,194.005325,9.883103,0.471341,-1293.950806,0.048053,0.000000
31.850002,43.663651,-1293.817383,-0.001233,0.001857,0.047169,194.225616,9.894325,0.471689,-1293.817383,0.048070,0.000000
31.860001,43.734772,-1293.861938,-0.001229,0.001858,0.047186,194.541977,9.910440,0.471855,-1293.861938,0.048088,0.000000
31.870001,43.796211,-1293.861938,-0.001233,0.001858,0.047186,194.815277,9.924363,0.471855,-1293.861938,0.048104,0.000000
31.880001,43.794350,-1293.772949,-0.001229,0.001858,0.047186,194.806992,9.923942,0.471855,-1293.772949,0.048123,0.000000
31.890001,43.786903,-1293.861938,-0.001237,0.001858,0.047186,194.773880,9.922255,0.471855,-1293.861938,0.048139,0.000000
31.900002,43.762329,-1293.817383,-0.001237,0.001858,0.047186,194.664566,9.916686,0.471855,-1293.817383,0.048157,0.000000
31.910002,43.738121,-1293.817383,-0.001229,0.001859,0.047211,194.556885,9.911200,0.472113,-1293.817383,0.048174,0.000000
31.920002,43.735146,-1293.772949,-0.001224,0.001860,0.047246,194.543640,9.910525,0.472461,-1293.772949,0.048192,0.000000
31.930002,43.774986,-1293.861938,-0.001229,0.001860,0.047246,194.720871,9.919554,0.472461,-1293.861938,0.048200,0.000000
31.940002,43.777222,-1293.906372,-0.001233,0.001860,0.047246,194.730804,9.920060,0.472461,-1293.906372,0.048218,0.000000
31.950001,43.759354,-1293.772949,-0.001237,0.001860,0.047246,194.651321,9.916011,0.472461,-1293.772949,0.048235,0.000000
31.960001,43.730675,-1293.772949,-0.001212,0.001860,0.047246,194.523758,9.909513,0.472461,-1293.772949,0.048253,0.000000
31.970001,43.697166,-1293.817383,-0.001233,0.001860,0.047246,194.374710,9.901919,0.472461,-1293.817383,0.048270,0.000000
31.980001,43.655083,-1293.861938,-0.001220,0.001860,0.047246,194.187500,9.892383,0.472461,-1293.861938,0.048288,0.000000
31.990002,43.616356,-1293.906372,-0.001220,0.001860,0.047246,194.015244,9.883608,0.472461,-1293.906372,0.048304,0.000000
32.000000,43.577263,-1293.817383,-0.001216,0.001860,0.047246,193.841339,9.874749,0.472461,-1293.817383,0.048323,0.000000
32.010002,43.540024,-1293.861938,-0.001224,0.001860,0.047246,193.675705,9.866311,0.472461,-1293.861938,0.048339,0.000000
32.020000,43.499809,-1293.861938,-0.001229,0.001860,0.047246,193.496811,9.857198,0.472461,-1293.861938,0.048356,0.000000
32.030003,43.450279,-1293.772949,-0.001224,0.001860,0.047246,193.276489,9.845974,0.472461,-1293.772949,0.048374,0.000000
32.040001,43.425705,-1293.861938,-0.001224,0.001862,0.047299,193.167191,9.840405,0.472991,-1293.861938,0.048391,0.000000
32.050003,43.411179,-1293.817383,-0.001220,0.001865,0.047376,193.102570,9.837113,0.473763,-1293.817383,0.048409,0.000000
32.060001,43.531082,-1293.950806,-0.001212,0.001868,0.047446,193.635925,9.864285,0.474459,-1293.950806,0.048418,0.000000
32.070000,43.724716,-1293.861938,-0.001224,0.001869,0.047481,194.497253,9.908162,0.474808,-1293.861938,0.048435,0.000000
32.080002,43.872551,-1293.861938,-0.001216,0.001870,0.047490,195.154846,9.941663,0.474898,-1293.861938,0.048451,0.000000
32.090000,43.936226,-1293.906372,-0.001212,0.001870,0.047506,195.438095,9.956091,0.475065,-1293.906372,0.048469,0.000000
32.100002,43.983147,-1293.817383,-0.001216,0.001870,0.047506,195.646805,9.966723,0.475065,-1293.817383,0.048486,0.000000
32.110001,44.005486,-1293.817383,-0.001207,0.001870,0.047506,195.746170,9.971786,0.475065,-1293.817383,0.048504,0.000000
32.120003,43.981285,-1293.861938,-0.001212,0.001870,0.047506,195.638535,9.966302,0.475065,-1293.861938,0.048521,0.000000
32.130001,43.955589,-1293.772949,-0.001203,0.001871,0.047516,195.524231,9.960479,0.475156,-1293.772949,0.048539,0.000000
32.140003,43.932503,-1293.861938,-0.001216,0.001871,0.047516,195.421539,9.955247,0.475156,-1293.861938,0.048556,0.000000
32.150002,43.911278,-1293.817383,-0.001212,0.001871,0.047516,195.327118,9.950438,0.475156,-1293.817383,0.048574,0.000000
32.160000,43.874786,-1293.861938,-0.001203,0.001871,0.047516,195.164795,9.942169,0.475156,-1293.861938,0.048590,0.000000
32.170002,43.840157,-1293.861938,-0.001212,0.001871,0.047516,195.010757,9.934321,0.475156,-1293.861938,0.048609,0.000000
32.180000,43.801430,-1293.861938,-0.001190,0.001871,0.047516,194.838486,9.925546,0.475156,-1293.861938,0.048625,0.000000
32.190002,43.761215,-1293.817383,-0.001207,0.001871,0.047516,194.659607,9.916433,0.475156,-1293.817383,0.048634,0.000000
32.200001,43.729561,-1293.861938,-0.001216,0.001871,0.047516,194.518799,9.909260,0.475156,-1293.861938,0.048651,0.000000
32.210003,43.694183,-1293.817383,-0.001203,0.001871,0.047516,194.361435,9.901243,0.475156,-1293.817383,0.048669,0.000000
32.220001,43.649124,-1293.861938,-0.001220,0.001871,0.047525,194.160995,9.891033,0.475247,-1293.861938,0.048686,0.000000
32.230003,43.606674,-1293.817383,-0.001207,0.001872,0.047550,193.972168,9.881413,0.475504,-1293.817383,0.048704,0.000000
32.240002,43.585083,-1293.861938,-0.001212,0.001873,0.047585,193.876129,9.876521,0.475852,-1293.861938,0.048721,0.000000
32.250000,43.618965,-1293.772949,-0.001216,0.001874,0.047602,194.026840,9.884199,0.476019,-1293.772949,0.048737,0.000000
32.260002,43.645775,-1293.861938,-0.001212,0.001875,0.047620,194.146103,9.890274,0.476200,-1293.861938,0.048756,0.000000
32.270000,43.669983,-1293.817383,-0.001199,0.001875,0.047628,194.253784,9.895760,0.476276,-1293.817383,0.048772,0.000000
32.280003,43.674446,-1293.772949,-0.001190,0.001875,0.047628,194.273636,9.896770,0.476276,-1293.772949,0.048790,0.000000
32.290001,43.677055,-1293.861938,-0.001194,0.001875,0.047628,194.285248,9.897363,0.476276,-1293.861938,0.048807,0.000000
32.300003,43.654343,-1293.861938,-0.001220,0.001875,0.047628,194.184219,9.892216,0.476276,-1293.861938,0.048825,0.000000
32.310001,43.629395,-1293.861938,-0.001199,0.001875,0.047628,194.073242,9.886561,0.476276,-1293.861938,0.048842,0.000000
32.320000,43.597740,-1293.861938,-0.001190,0.001875,0.047628,193.932434,9.879389,0.476276,-1293.861938,0.048851,0.000000
32.330002,43.564972,-1293.861938,-0.001199,0.001875,0.047628,193.786667,9.871964,0.476276,-1293.861938,0.048868,0.000000
32.340000,43.506508,-1293.861938,-0.001212,0.001876,0.047653,193.526611,9.858716,0.476533,-1293.861938,0.048886,0.000000
32.350002,43.502411,-1293.861938,-0.001207,0.001879,0.047715,193.508392,9.857787,0.477154,-1293.861938,0.048902,0.000000
32.360001,43.560127,-1293.861938,-0.001190,0.001882,0.047811,193.765121,9.870866,0.478108,-1293.861938,0.048921,0.000000
32.370003,43.751534,-1293.950806,-0.001203,0.001886,0.047897,194.616547,9.914239,0.478971,-1293.950806,0.048937,0.000000
32.380001,44.041977,-1293.772949,-0.001190,0.001887,0.047932,195.908493,9.980055,0.479319,-1293.772949,0.048955,0.000000
32.390003,44.261681,-1293.861938,-0.001199,0.001887,0.047939,196.885788,10.029840,0.479395,-1293.861938,0.048972,0.000000
32.400002,44.323120,-1293.861938,-0.001203,0.001887,0.047939,197.159088,10.043763,0.479395,-1293.861938,0.048990,0.000000
32.410000,44.332802,-1293.861938,-0.001190,0.001887,0.047939,197.202148,10.045956,0.479395,-1293.861938,0.049007,0.000000
32.420002,44.329453,-1293.861938,-0.001194,0.001887,0.047939,197.187256,10.045197,0.479395,-1293.861938,0.049023,0.000000
32.430000,44.313438,-1293.817383,-0.001181,0.001888,0.047949,197.116013,10.041569,0.479486,-1293.817383,0.049042,0.000000
32.440002,44.284767,-1293.861938,-0.001190,0.001888,0.047949,196.988480,10.035072,0.479486,-1293.861938,0.049058,0.000000
32.450001,44.261681,-1293.817383,-0.001177,0.001888,0.047958,196.885788,10.029840,0.479576,-1293.817383,0.049067,0.000000
32.460003,44.254234,-1293.861938,-0.001190,0.001888,0.047967,196.852661,10.028152,0.479667,-1293.861938,0.049086,0.000000
32.470001,44.230026,-1293.861938,-0.001186,0.001889,0.047974,196.744980,10.022667,0.479743,-1293.861938,0.049102,0.000000
32.480003,44.225563,-1293.817383,-0.001186,0.001889,0.047983,196.725128,10.021656,0.479834,-1293.817383,0.049119,0.000000
32.490002,44.199120,-1293.950806,-0.001186,0.001889,0.047983,196.607498,10.015663,0.479834,-1293.950806,0.049137,0.000000
32.500000,44.174171,-1293.906372,-0.001194,0.001889,0.047983,196.496521,10.010010,0.479834,-1293.906372,0.049154,0.000000
32.510002,44.152206,-1293.817383,-0.001199,0.001889,0.047992,196.398819,10.005033,0.479925,-1293.817383,0.049172,0.000000
32.520000,44.129112,-1293.861938,-0.001203,0.001889,0.047992,196.296097,9.999800,0.479925,-1293.861938,0.049188,0.000000
32.530003,44.108261,-1293.817383,-0.001181,0.001890,0.048009,196.203339,9.995075,0.480091,-1293.817383,0.049207,0.000000
32.540001,44.078842,-1293.950806,-0.001199,0.001891,0.048027,196.072479,9.988408,0.480273,-1293.950806,0.049223,0.000000
32.550003,44.060974,-1293.817383,-0.001190,0.001893,0.048079,195.992996,9.984359,0.480788,-1293.817383,0.049241,0.000000
32.560001,44.126137,-1293.861938,-0.001194,0.001895,0.048123,196.282852,9.999125,0.481227,-1293.861938,0.049258,0.000000
32.570000,44.229660,-1293.861938,-0.001190,0.001895,0.048130,196.743347,10.022585,0.481302,-1293.861938,0.049267,0.000000
32.580002,44.289612,-1293.817383,-0.001173,0.001895,0.048130,197.010040,10.036169,0.481302,-1293.817383,0.049284,0.000000
32.590000,44.304878,-1293.861938,-0.001186,0.001895,0.048130,197.077942,10.039629,0.481302,-1293.861938,0.049302,0.000000
32.600002,44.295563,-1293.861938,-0.001190,0.001896,0.048148,197.036499,10.037518,0.481484,-1293.861938,0.049319,0.000000
32.610001,44.287750,-1293.861938,-0.001186,0.001897,0.048183,197.001755,10.035748,0.481832,-1293.861938,0.049337,0.000000
32.620003,44.302269,-1293.817383,-0.001177,0.001899,0.048235,197.066330,10.039038,0.482347,-1293.817383,0.049354,0.000000
32.630001,44.384933,-1293.817383,-0.001177,0.001902,0.048304,197.434052,10.057770,0.483043,-1293.817383,0.049372,0.000000
32.640003,44.554367,-1293.906372,-0.001173,0.001904,0.048374,198.187729,10.096165,0.483740,-1293.906372,0.049388,0.000000
32.650002,44.762520,-1293.906372,-0.001173,0.001906,0.048400,199.113632,10.143332,0.483997,-1293.906372,0.049407,0.000000
32.660000,44.913704,-1293.906372,-0.001186,0.001907,0.048435,199.786133,10.177590,0.484345,-1293.906372,0.049423,0.000000
32.670002,45.016479,-1293.906372,-0.001181,0.001909,0.048478,200.243301,10.200880,0.484784,-1293.906372,0.049440,0.000000
32.680000,45.131912,-1293.817383,-0.001177,0.001911,0.048530,200.756775,10.227037,0.485299,-1293.817383,0.049458,0.000000
32.690002,45.270065,-1293.906372,-0.001177,0.001912,0.048556,201.371307,10.258344,0.485557,-1293.906372,0.049475,0.000000
32.700001,45.396301,-1293.861938,-0.001173,0.001912,0.048556,201.932831,10.286949,0.485557,-1293.861938,0.049484,0.000000
32.710003,45.445824,-1293.906372,-0.001177,0.001912,0.048556,202.153122,10.298171,0.485557,-1293.906372,0.049502,0.000000
32.720001,45.439491,-1293.861938,-0.001190,0.001912,0.048556,202.124954,10.296736,0.485557,-1293.861938,0.049519,0.000000
32.730003,45.413429,-1293.817383,-0.001168,0.001912,0.048556,202.009018,10.290830,0.485557,-1293.817383,0.049535,0.000000
32.740002,45.392944,-1293.861938,-0.001181,0.001912,0.048556,201.917908,10.286188,0.485557,-1293.861938,0.049553,0.000000
32.750000,45.355339,-1293.817383,-0.001160,0.001912,0.048565,201.750626,10.277667,0.485647,-1293.817383,0.049570,0.000000
32.760002,45.318848,-1293.817383,-0.001160,0.001913,0.048590,201.588303,10.269398,0.485905,-1293.817383,0.049588,0.000000
32.770000,45.296127,-1293.861938,-0.001164,0.001915,0.048642,201.487244,10.264249,0.486420,-1293.861938,0.049605,0.000000
32.780003,45.343422,-1293.861938,-0.001155,0.001916,0.048677,201.697617,10.274966,0.486768,-1293.861938,0.049623,0.000000
32.790001,45.443214,-1293.906372,-0.001155,0.001917,0.048686,202.141510,10.297580,0.486859,-1293.906372,0.049640,0.000000
32.800003,45.521042,-1293.817383,-0.001168,0.001917,0.048686,202.487701,10.315215,0.486859,-1293.817383,0.049658,0.000000
32.810001,45.517693,-1293.861938,-0.001168,0.001917,0.048686,202.472809,10.314457,0.486859,-1293.861938,0.049674,0.000000
32.820000,45.497215,-1293.906372,-0.001177,0.001917,0.048686,202.381714,10.309816,0.486859,-1293.906372,0.049693,0.000000
32.830002,45.458855,-1293.817383,-0.001160,0.001917,0.048686,202.211090,10.301124,0.486859,-1293.817383,0.049700,0.000000
32.840000,45.426460,-1293.861938,-0.001168,0.001917,0.048686,202.066986,10.293783,0.486859,-1293.861938,0.049718,0.000000
32.850002,45.394066,-1293.772949,-0.001160,0.001917,0.048686,201.922882,10.286443,0.486859,-1293.772949,0.049735,0.000000
32.860001,45.356453,-1293.906372,-0.001155,0.001917,0.048695,201.755585,10.277920,0.486949,-1293.906372,0.049753,0.000000
32.870003,45.323311,-1293.861938,-0.001164,0.001917,0.048695,201.608154,10.270409,0.486949,-1293.861938,0.049770,0.000000
32.880001,45.283096,-1293.817383,-0.001168,0.001917,0.048695,201.429276,10.261296,0.486949,-1293.817383,0.049788,0.000000
32.890003,45.251076,-1293.861938,-0.001164,0.001917,0.048695,201.286835,10.254041,0.486949,-1293.861938,0.049805,0.000000
32.900002,45.210861,-1293.817383,-0.001155,0.001917,0.048695,201.107956,10.244927,0.486949,-1293.817383,0.049821,0.000000
32.910000,45.170639,-1293.772949,-0.001160,0.001920,0.048756,200.929031,10.235813,0.487555,-1293.772949,0.049839,0.000000
32.920002,45.160591,-1293.861938,-0.001164,0.001922,0.048825,200.884338,10.233536,0.488251,-1293.861938,0.049856,0.000000
32.930000,45.289803,-1293.817383,-0.001151,0.001925,0.048895,201.459106,10.262815,0.488948,-1293.817383,0.049874,0.000000
32.940002,45.475990,-1293.861938,-0.001173,0.001926,0.048928,202.287308,10.305007,0.489281,-1293.861938,0.049891,0.000000
32.950001,45.620094,-1293.772949,-0.001160,0.001927,0.048937,202.928314,10.337661,0.489372,-1293.772949,0.049909,0.000000
32.960003,45.698669,-1293.861938,-0.001151,0.001927,0.048946,203.277832,10.355466,0.489463,-1293.861938,0.049917,0.000000
32.970001,45.706482,-1293.861938,-0.001177,0.001928,0.048963,203.312592,10.357237,0.489629,-1293.861938,0.049935,0.000000
32.980003,45.728081,-1293.817383,-0.001164,0.001928,0.048981,203.408661,10.362131,0.489811,-1293.817383,0.049952,0.000000
32.990002,45.756752,-1293.906372,-0.001160,0.001929,0.048990,203.536194,10.368629,0.489902,-1293.906372,0.049970,0.000000
33.000000,45.747444,-1293.861938,-0.001160,0.001929,0.048990,203.494797,10.366519,0.489902,-1293.861938,0.049986,0.000000
33.010002,45.753029,-1293.817383,-0.001143,0.001929,0.048998,203.519638,10.367785,0.489977,-1293.817383,0.050005,0.000000
33.020000,45.731438,-1293.772949,-0.001151,0.001929,0.048998,203.423599,10.362891,0.489977,-1293.772949,0.050021,0.000000
33.030003,45.706856,-1293.817383,-0.001147,0.001929,0.048998,203.314255,10.357321,0.489977,-1293.817383,0.050039,0.000000
33.040001,45.677437,-1293.906372,-0.001160,0.001930,0.049033,203.183380,10.350655,0.490326,-1293.906372,0.050056,0.000000
33.050003,45.659569,-1293.772949,-0.001151,0.001932,0.049067,203.103912,10.346606,0.490674,-1293.772949,0.050074,0.000000
33.060001,45.712074,-1293.906372,-0.001143,0.001933,0.049093,203.337463,10.358504,0.490931,-1293.906372,0.050091,0.000000
33.070000,45.762344,-1293.861938,-0.001160,0.001934,0.049111,203.561081,10.369896,0.491113,-1293.861938,0.050109,0.000000
33.080002,45.808144,-1293.817383,-0.001160,0.001934,0.049111,203.764801,10.380274,0.491113,-1293.817383,0.050126,0.000000
33.090000,45.824898,-1293.861938,-0.001147,0.001934,0.049111,203.839325,10.384070,0.491113,-1293.861938,0.050135,0.000000
33.100002,45.817451,-1293.861938,-0.001151,0.001934,0.049119,203.806198,10.382383,0.491189,-1293.861938,0.050151,0.000000
33.110001,45.788033,-1293.817383,-0.001134,0.001934,0.049119,203.675339,10.375717,0.491189,-1293.817383,0.050170,0.000000
33.120003,45.760849,-1293.906372,-0.001151,0.001934,0.049119,203.554428,10.369557,0.491189,-1293.906372,0.050186,0.000000
33.130001,45.729576,-1293.817383,-0.001138,0.001934,0.049128,203.415314,10.362471,0.491279,-1293.817383,0.050204,0.000000
33.140003,45.677071,-1293.861938,-0.001143,0.001935,0.049146,203.181763,10.350573,0.491461,-1293.861938,0.050221,0.000000
33.150002,45.632011,-1293.861938,-0.001155,0.001936,0.049163,202.981323,10.340362,0.491628,-1293.861938,0.050238,0.000000
33.160000,45.620468,-1293.906372,-0.001138,0.001937,0.049198,202.929977,10.337747,0.491976,-1293.906372,0.050256,0.000000
33.170002,45.643555,-1293.772949,-0.001151,0.001938,0.049223,203.032669,10.342978,0.492233,-1293.772949,0.050272,0.000000
33.180000,45.694572,-1293.772949,-0.001134,0.001939,0.049249,203.259613,10.354539,0.492491,-1293.772949,0.050291,0.000000
33.190002,45.746330,-1293.950806,-0.001147,0.001940,0.049276,203.489838,10.366267,0.492763,-1293.950806,0.050307,0.000000
33.200001,45.808144,-1293.817383,-0.001138,0.001941,0.049302,203.764801,10.380274,0.493020,-1293.817383,0.050325,0.000000
33.210003,45.865486,-1293.861938,-0.001134,0.001942,0.049328,204.019867,10.393268,0.493278,-1293.861938,0.050333,0.000000
33.220001,45.910545,-1293.817383,-0.001138,0.001943,0.049344,204.220306,10.403479,0.493444,-1293.817383,0.050351,0.000000
33.230003,45.971245,-1293.861938,-0.001130,0.001943,0.049363,204.490311,10.417233,0.493626,-1293.861938,0.050368,0.000000
33.240002,45.996193,-1293.817383,-0.001130,0.001944,0.049379,204.601288,10.422886,0.493793,-1293.817383,0.050386,0.000000
33.250000,46.012947,-1293.817383,-0.001134,0.001945,0.049397,204.675812,10.426682,0.493974,-1293.817383,0.050403,0.000000
33.260002,46.030075,-1293.906372,-0.001138,0.001945,0.049407,204.751999,10.430564,0.494065,-1293.906372,0.050421,0.000000
33.270000,46.051300,-1293.861938,-0.001134,0.001945,0.049414,204.846420,10.435373,0.494141,-1293.861938,0.050438,0.000000
33.280003,46.054283,-1293.861938,-0.001147,0.001946,0.049423,204.859680,10.436050,0.494232,-1293.861938,0.050456,0.000000
33.290001,46.038643,-1293.861938,-0.001125,0.001947,0.049458,204.790115,10.432506,0.494580,-1293.861938,0.050472,0.000000
33.300003,46.047577,-1293.861938,-0.001147,0.001948,0.049484,204.829849,10.434530,0.494837,-1293.861938,0.050490,0.000000
33.310001,46.102318,-1293.906372,-0.001130,0.001948,0.049484,205.073349,10.446934,0.494837,-1293.906372,0.050507,0.000000
33.320000,46.125031,-1293.906372,-0.001138,0.001949,0.049493,205.174377,10.452082,0.494928,-1293.906372,0.050524,0.000000
33.330002,46.141045,-1293.772949,-0.001121,0.001950,0.049528,205.245621,10.455710,0.495276,-1293.772949,0.050542,0.000000
33.340000,46.152962,-1293.861938,-0.001138,0.001952,0.049570,205.298630,10.458411,0.495700,-1293.861938,0.050551,0.000000
33.350002,46.224831,-1293.861938,-0.001134,0.001954,0.049631,205.618317,10.474697,0.496306,-1293.861938,0.050568,0.000000
33.360001,46.358139,-1293.861938,-0.001147,0.001955,0.049658,206.211304,10.504905,0.496578,-1293.861938,0.050586,0.000000
33.370003,46.494057,-1293.861938,-0.001134,0.001955,0.049665,206.815887,10.535704,0.496654,-1293.861938,0.050603,0.000000
33.380001,46.527565,-1293.861938,-0.001117,0.001956,0.049684,206.964951,10.543297,0.496836,-1293.861938,0.050619,0.000000
33.390003,46.552147,-1293.861938,-0.001125,0.001956,0.049684,207.074295,10.548867,0.496836,-1293.861938,0.050637,0.000000
33.400002,46.574112,-1293.817383,-0.001121,0.001956,0.049684,207.171997,10.553844,0.496836,-1293.817383,0.050654,0.000000
33.410000,46.563690,-1293.861938,-0.001125,0.001956,0.049684,207.125641,10.551483,0.496836,-1293.861938,0.050672,0.000000
33.420002,46.537994,-1293.861938,-0.001125,0.001956,0.049684,207.011337,10.545660,0.496836,-1293.861938,0.050689,0.000000
33.430000,46.501877,-1293.772949,-0.001112,0.001956,0.049684,206.850677,10.537476,0.496836,-1293.772949,0.050707,0.000000
33.440002,46.461281,-1293.861938,-0.001121,0.001956,0.049693,206.670105,10.528276,0.496926,-1293.861938,0.050724,0.000000
33.450001,46.428886,-1293.817383,-0.001121,0.001956,0.049693,206.526001,10.520936,0.496926,-1293.817383,0.050742,0.000000
33.460003,46.389786,-1293.906372,-0.001117,0.001956,0.049693,206.352066,10.512075,0.496926,-1293.906372,0.050758,0.000000
33.470001,46.343987,-1293.861938,-0.001125,0.001956,0.049693,206.148346,10.501698,0.496926,-1293.861938,0.050768,0.000000
33.480003,46.313080,-1293.861938,-0.001112,0.001957,0.049700,206.010864,10.494694,0.497002,-1293.861938,0.050784,0.000000
33.490002,46.274353,-1293.861938,-0.001112,0.001958,0.049726,205.838608,10.485919,0.497259,-1293.861938,0.050802,0.000000
33.500000,46.268768,-1293.861938,-0.001125,0.001958,0.049726,205.813766,10.484653,0.497259,-1293.861938,0.050819,0.000000
33.510002,46.266159,-1293.906372,-0.001117,0.001958,0.049726,205.802155,10.484061,0.497259,-1293.906372,0.050837,0.000000
33.520000,46.231529,-1293.861938,-0.001125,0.001958,0.049735,205.648117,10.476213,0.497350,-1293.861938,0.050854,0.000000
33.530003,46.203972,-1293.817383,-0.001108,0.001958,0.049744,205.525528,10.469970,0.497441,-1293.817383,0.050872,0.000000
33.540001,46.186844,-1293.861938,-0.001121,0.001958,0.049744,205.449341,10.466088,0.497441,-1293.861938,0.050889,0.000000
33.550003,46.163383,-1293.817383,-0.001117,0.001958,0.049744,205.344986,10.460773,0.497441,-1293.817383,0.050907,0.000000
33.560001,46.132851,-1293.817383,-0.001099,0.001960,0.049788,205.209167,10.453854,0.497880,-1293.817383,0.050923,0.000000
33.570000,46.125031,-1293.906372,-0.001117,0.001962,0.049839,205.174377,10.452082,0.498395,-1293.906372,0.050940,0.000000
33.580002,46.212166,-1293.861938,-0.001108,0.001964,0.049874,205.561981,10.471827,0.498743,-1293.861938,0.050958,0.000000
33.590000,46.291855,-1293.906372,-0.001117,0.001965,0.049917,205.916458,10.489884,0.499167,-1293.906372,0.050975,0.000000
33.600002,46.373405,-1293.772949,-0.001117,0.001968,0.049979,206.279205,10.508364,0.499788,-1293.772949,0.050984,0.000000
33.610001,46.516022,-1293.906372,-0.001117,0.001968,0.049995,206.913605,10.540682,0.499954,-1293.906372,0.051002,0.000000
33.620003,46.632576,-1293.772949,-0.001112,0.001968,0.049995,207.432053,10.567092,0.499954,-1293.772949,0.051019,0.000000
33.630001,46.661247,-1293.817383,-0.001112,0.001969,0.050014,207.559601,10.573590,0.500136,-1293.817383,0.051036,0.000000
33.640003,46.663857,-1293.906372,-0.001104,0.001971,0.050056,207.571198,10.574181,0.500560,-1293.906372,0.051054,0.000000
33.650002,46.711891,-1293.772949,-0.001108,0.001972,0.050091,207.784866,10.585066,0.500908,-1293.772949,0.051070,0.000000
33.660000,46.808334,-1293.817383,-0.001095,0.001973,0.050109,208.213867,10.606920,0.501090,-1293.817383,0.051089,0.000000
33.670002,46.897331,-1293.906372,-0.001095,0.001973,0.050109,208.609741,10.627087,0.501090,-1293.906372,0.051105,0.000000
33.680000,46.915207,-1293.861938,-0.001099,0.001973,0.050109,208.689270,10.631138,0.501090,-1293.861938,0.051123,0.000000
33.690002,46.892120,-1293.861938,-0.001117,0.001973,0.050109,208.586563,10.625906,0.501090,-1293.861938,0.051140,0.000000
33.700001,46.872383,-1293.772949,-0.001112,0.001973,0.050109,208.498779,10.621434,0.501090,-1293.772949,0.051158,0.000000
33.710003,46.847435,-1293.950806,-0.001108,0.001973,0.050109,208.387802,10.615781,0.501090,-1293.950806,0.051175,0.000000
33.720001,46.810196,-1293.861938,-0.001099,0.001973,0.050109,208.222153,10.607343,0.501090,-1293.861938,0.051193,0.000000
33.730003,46.781525,-1293.817383,-0.001095,0.001973,0.050117,208.094620,10.600845,0.501166,-1293.817383,0.051201,0.000000
33.740002,46.748009,-1293.906372,-0.001091,0.001974,0.050135,207.945526,10.593250,0.501347,-1293.906372,0.051219,0.000000
33.750000,46.728645,-1293.906372,-0.001099,0.001977,0.050212,207.859390,10.588862,0.502119,-1293.906372,0.051235,0.000000
33.760002,46.793068,-1293.906372,-0.001108,0.001980,0.050291,208.145966,10.603460,0.502907,-1293.906372,0.051254,0.000000
33.770000,47.008301,-1293.817383,-0.001104,0.001982,0.050333,209.103363,10.652233,0.503330,-1293.817383,0.051270,0.000000
33.780003,47.192627,-1293.861938,-0.001091,0.001982,0.050333,209.923294,10.694002,0.503330,-1293.861938,0.051288,0.000000
33.790001,47.239914,-1293.906372,-0.001104,0.001982,0.050333,210.133636,10.704718,0.503330,-1293.906372,0.051305,0.000000
33.800003,47.249222,-1293.772949,-0.001099,0.001982,0.050342,210.175034,10.706826,0.503421,-1293.772949,0.051322,0.000000
33.810001,47.229492,-1293.861938,-0.001095,0.001982,0.050342,210.087280,10.702356,0.503421,-1293.861938,0.051340,0.000000
33.820004,47.218315,-1293.906372,-0.001099,0.001982,0.050351,210.037552,10.699823,0.503512,-1293.906372,0.051356,0.000000
33.830002,47.201187,-1293.817383,-0.001087,0.001984,0.050403,209.961365,10.695942,0.504027,-1293.817383,0.051375,0.000000
33.840000,47.229858,-1293.906372,-0.001087,0.001986,0.050438,210.088898,10.702439,0.504375,-1293.906372,0.051391,0.000000
33.850002,47.341576,-1293.772949,-0.001095,0.001986,0.050447,210.585846,10.727755,0.504466,-1293.772949,0.051400,0.000000
33.860001,47.374344,-1293.861938,-0.001095,0.001987,0.050463,210.731613,10.735180,0.504632,-1293.861938,0.051417,0.000000
33.870003,47.394081,-1293.861938,-0.001104,0.001987,0.050481,210.819397,10.739652,0.504814,-1293.861938,0.051435,0.000000
33.880001,47.417908,-1293.772949,-0.001091,0.001988,0.050490,210.925385,10.745051,0.504905,-1293.772949,0.051452,0.000000
33.890003,47.454773,-1293.861938,-0.001091,0.001988,0.050507,211.089371,10.753405,0.505072,-1293.861938,0.051470,0.000000
33.900002,47.464828,-1293.772949,-0.001091,0.001989,0.050516,211.134109,10.755684,0.505162,-1293.772949,0.051487,0.000000
33.910000,47.449188,-1293.861938,-0.001082,0.001989,0.050516,211.064529,10.752139,0.505162,-1293.861938,0.051505,0.000000
33.920002,47.437271,-1293.861938,-0.001087,0.001989,0.050524,211.011520,10.749439,0.505238,-1293.861938,0.051522,0.000000
33.930000,47.430573,-1293.817383,-0.001091,0.001989,0.050524,210.981720,10.747922,0.505238,-1293.817383,0.051540,0.000000
33.940002,47.410461,-1293.817383,-0.001082,0.001989,0.050524,210.892258,10.743364,0.505238,-1293.817383,0.051556,0.000000
33.950001,47.378441,-1293.772949,-0.001091,0.001989,0.050533,210.749832,10.736108,0.505329,-1293.772949,0.051574,0.000000
33.960003,47.351624,-1293.906372,-0.001078,0.001990,0.050559,210.630539,10.730031,0.505586,-1293.906372,0.051591,0.000000
33.970001,47.339714,-1293.861938,-0.001082,0.001992,0.050603,210.577560,10.727333,0.506025,-1293.861938,0.051608,0.000000
33.980003,47.395195,-1293.817383,-0.001091,0.001993,0.050628,210.824356,10.739904,0.506283,-1293.817383,0.051617,0.000000
33.990002,47.453285,-1293.906372,-0.001095,0.001994,0.050654,211.082748,10.753068,0.506540,-1293.906372,0.051635,0.000000
34.000000,47.502808,-1293.861938,-0.001095,0.001994,0.050654,211.303040,10.764290,0.506540,-1293.861938,0.051652,0.000000
34.010002,47.522171,-1293.906372,-0.001082,0.001995,0.050663,211.389175,10.768678,0.506631,-1293.906372,0.051670,0.000000
34.020000,47.531487,-1293.861938,-0.001082,0.001995,0.050681,211.430618,10.770789,0.506813,-1293.861938,0.051687,0.000000
34.030003,47.520683,-1293.817383,-0.001074,0.001997,0.050715,211.382553,10.768341,0.507146,-1293.817383,0.051705,0.000000
34.040001,47.554573,-1293.861938,-0.001074,0.001997,0.050733,211.533310,10.776020,0.507327,-1293.861938,0.051721,0.000000
34.050003,47.593666,-1293.772949,-0.001095,0.001998,0.050742,211.707199,10.784879,0.507418,-1293.772949,0.051738,0.000000
34.060001,47.631279,-1293.861938,-0.001069,0.001998,0.050749,211.874512,10.793402,0.507494,-1293.861938,0.051756,0.000000
34.070004,47.630531,-1293.817383,-0.001087,0.001998,0.050749,211.871185,10.793233,0.507494,-1293.817383,0.051773,0.000000
34.080002,47.623833,-1293.817383,-0.001065,0.001998,0.050749,211.841385,10.791715,0.507494,-1293.817383,0.051791,0.000000
34.090000,47.588081,-1293.861938,-0.001078,0.001998,0.050758,211.682358,10.783613,0.507585,-1293.861938,0.051808,0.000000
34.100002,47.558296,-1293.817383,-0.001074,0.001999,0.050777,211.549866,10.776863,0.507766,-1293.817383,0.051826,0.000000
34.110001,47.564621,-1293.861938,-0.001074,0.001999,0.050777,211.578003,10.778297,0.507766,-1293.861938,0.051833,0.000000
34.120003,47.558662,-1293.861938,-0.001087,0.001999,0.050777,211.551498,10.776947,0.507766,-1293.861938,0.051852,0.000000
34.130001,47.537071,-1293.772949,-0.001078,0.001999,0.050784,211.455460,10.772055,0.507842,-1293.772949,0.051868,0.000000
34.140003,47.496849,-1293.861938,-0.001074,0.002000,0.050793,211.276535,10.762940,0.507933,-1293.861938,0.051886,0.000000
34.150002,47.464828,-1293.817383,-0.001078,0.002001,0.050819,211.134109,10.755684,0.508190,-1293.817383,0.051903,0.000000
34.160000,47.469666,-1293.861938,-0.001069,0.002001,0.050819,211.155624,10.756781,0.508190,-1293.861938,0.051921,0.000000
34.170002,47.477119,-1293.861938,-0.001061,0.002001,0.050819,211.188782,10.758469,0.508190,-1293.861938,0.051938,0.000000
34.180000,47.443230,-1293.861938,-0.001065,0.002001,0.050828,211.038025,10.750790,0.508281,-1293.861938,0.051956,0.000000
34.190002,47.404503,-1293.861938,-0.001074,0.002001,0.050828,210.865753,10.742014,0.508281,-1293.861938,0.051973,0.000000
34.200001,47.377693,-1293.817383,-0.001069,0.002001,0.050828,210.746506,10.735939,0.508281,-1293.817383,0.051991,0.000000
34.210003,47.359077,-1293.861938,-0.001074,0.002002,0.050845,210.663696,10.731720,0.508448,-1293.861938,0.052007,0.000000
34.220001,47.349396,-1293.861938,-0.001065,0.002002,0.050854,210.620636,10.729526,0.508538,-1293.861938,0.052024,0.000000
34.230003,47.348274,-1293.817383,-0.001082,0.002002,0.050854,210.615646,10.729272,0.508538,-1293.817383,0.052042,0.000000
34.240002,47.333755,-1293.861938,-0.001056,0.002002,0.050854,210.551056,10.725983,0.508538,-1293.861938,0.052051,0.000000
34.250000,47.312897,-1293.906372,-0.001061,0.002002,0.050863,210.458282,10.721255,0.508629,-1293.906372,0.052068,0.000000
34.260002,47.263748,-1293.817383,-0.001065,0.002002,0.050863,210.239655,10.710118,0.508629,-1293.817383,0.052086,0.000000
34.270000,47.224274,-1293.772949,-0.001078,0.002003,0.050880,210.064056,10.701173,0.508796,-1293.772949,0.052103,0.000000
34.280003,47.232094,-1293.817383,-0.001056,0.002005,0.050923,210.098846,10.702946,0.509235,-1293.817383,0.052120,0.000000
34.290001,47.239174,-1293.906372,-0.001074,0.002009,0.051028,210.130341,10.704550,0.510280,-1293.906372,0.052138,0.000000
34.300003,47.423126,-1293.772949,-0.001078,0.002012,0.051105,210.948608,10.746234,0.511052,-1293.772949,0.052154,0.000000
34.310001,47.686760,-1293.906372,-0.001056,0.002013,0.051123,212.121307,10.805975,0.511233,-1293.906372,0.052173,0.000000
34.320004,47.847626,-1293.817383,-0.001069,0.002013,0.051123,212.836868,10.842427,0.511233,-1293.817383,0.052189,0.000000
34.330002,47.886353,-1293.817383,-0.001061,0.002013,0.051123,213.009140,10.851202,0.511233,-1293.817383,0.052207,0.000000
34.340000,47.886353,-1293.906372,-0.001052,0.002013,0.051123,213.009140,10.851202,0.511233,-1293.906372,0.052224,0.000000
34.350002,47.874069,-1293.861938,-0.001056,0.002013,0.051123,212.954498,10.848418,0.511233,-1293.861938,0.052242,0.000000
34.360001,47.858429,-1293.950806,-0.001069,0.002013,0.051123,212.884918,10.844875,0.511233,-1293.950806,0.052259,0.000000
34.370003,47.840927,-1293.906372,-0.001061,0.002013,0.051131,212.807068,10.840909,0.511309,-1293.906372,0.052268,0.000000
34.380001,47.805176,-1293.817383,-0.001069,0.002013,0.051131,212.648041,10.832808,0.511309,-1293.817383,0.052285,0.000000
34.390003,47.770920,-1293.906372,-0.001061,0.002013,0.051140,212.495667,10.825046,0.511400,-1293.906372,0.052303,0.000000
34.400002,47.736664,-1293.817383,-0.001056,0.002013,0.051140,212.343292,10.817283,0.511400,-1293.817383,0.052319,0.000000
34.410000,47.703522,-1293.817383,-0.001052,0.002014,0.051149,212.195862,10.809772,0.511491,-1293.817383,0.052338,0.000000
34.420002,47.678574,-1293.772949,-0.001056,0.002014,0.051158,212.084885,10.804119,0.511582,-1293.772949,0.052354,0.000000
34.430000,47.674843,-1293.861938,-0.001056,0.002015,0.051184,212.068298,10.803274,0.511839,-1293.861938,0.052372,0.000000
34.440002,47.663300,-1293.861938,-0.001061,0.002016,0.051201,212.016953,10.800658,0.512005,-1293.861938,0.052389,0.000000
34.450001,47.683037,-1293.817383,-0.001056,0.002016,0.051201,212.104736,10.805130,0.512005,-1293.817383,0.052406,0.000000
34.460003,47.680061,-1293.950806,-0.001056,0.002016,0.051201,212.091507,10.804457,0.512005,-1293.950806,0.052424,0.000000
34.470001,47.671494,-1293.817383,-0.001061,0.002016,0.051201,212.053391,10.802515,0.512005,-1293.817383,0.052440,0.000000
34.480003,47.647293,-1293.817383,-0.001048,0.002016,0.051201,211.945740,10.797031,0.512005,-1293.817383,0.052459,0.000000
34.490002,47.609680,-1293.861938,-0.001052,0.002016,0.051219,211.778427,10.788507,0.512187,-1293.861938,0.052475,0.000000
34.500000,47.575798,-1293.817383,-0.001052,0.002018,0.051261,211.627716,10.780830,0.512611,-1293.817383,0.052484,0.000000
34.510002,47.610428,-1293.817383,-0.001039,0.002020,0.051296,211.781754,10.788677,0.512959,-1293.817383,0.052501,0.000000
34.520000,47.668892,-1293.861938,-0.001074,0.002022,0.051349,212.041824,10.801926,0.513489,-1293.861938,0.052519,0.000000
34.530003,47.777252,-1293.861938,-0.001035,0.002023,0.051375,212.523834,10.826480,0.513747,-1293.861938,0.052536,0.000000
34.540001,47.881516,-1293.861938,-0.001052,0.002024,0.051417,212.987625,10.850106,0.514170,-1293.861938,0.052554,0.000000
34.550003,47.968277,-1293.772949,-0.001061,0.002026,0.051461,213.373550,10.869766,0.514609,-1293.772949,0.052571,0.000000
34.560001,48.087059,-1293.861938,-0.001052,0.002028,0.051512,213.901917,10.896684,0.515124,-1293.861938,0.052589,0.000000
34.570004,48.226334,-1293.817383,-0.001048,0.002030,0.051556,214.521439,10.928244,0.515563,-1293.817383,0.052605,0.000000
34.580002,48.359642,-1293.861938,-0.001035,0.002032,0.051600,215.114426,10.958452,0.516002,-1293.861938,0.052624,0.000000
34.590000,48.487366,-1293.906372,-0.001056,0.002033,0.051635,215.682571,10.987393,0.516351,-1293.906372,0.052640,0.000000
34.600002,48.610619,-1293.817383,-0.001039,0.002034,0.051652,216.230835,11.015324,0.516517,-1293.817383,0.052658,0.000000
34.610001,48.688446,-1293.906372,-0.001039,0.002035,0.051696,216.577026,11.032959,0.516956,-1293.906372,0.052675,0.000000
34.620003,48.765152,-1293.817383,-0.001043,0.002036,0.051721,216.918228,11.050342,0.517213,-1293.817383,0.052684,0.000000
34.630001,48.880219,-1293.861938,-0.001039,0.002037,0.051747,217.430069,11.076416,0.517471,-1293.861938,0.052701,0.000000
34.640003,48.953201,-1293.861938,-0.001052,0.002038,0.051756,217.754715,11.092954,0.517562,-1293.861938,0.052719,0.000000
34.650002,48.989319,-1293.817383,-0.001039,0.002038,0.051756,217.915375,11.101138,0.517562,-1293.817383,0.052736,0.000000
34.660000,48.994904,-1293.906372,-0.001030,0.002038,0.051765,217.940216,11.102404,0.517653,-1293.906372,0.052754,0.000000
34.670002,48.976662,-1293.817383,-0.001048,0.002038,0.051765,217.859070,11.098270,0.517653,-1293.817383,0.052771,0.000000
34.680000,48.951714,-1293.772949,-0.001018,0.002039,0.051791,217.748093,11.092617,0.517910,-1293.772949,0.052789,0.000000
34.690002,48.944633,-1293.906372,-0.001043,0.002041,0.051833,217.716599,11.091012,0.518334,-1293.906372,0.052805,0.000000
34.700001,49.020973,-1293.817383,-0.001039,0.002042,0.051868,218.056183,11.108311,0.518682,-1293.817383,0.052822,0.000000
34.710003,49.110344,-1293.861938,-0.001026,0.002043,0.051895,218.453720,11.128563,0.518955,-1293.861938,0.052840,0.000000
34.720001,49.193382,-1293.817383,-0.001039,0.002043,0.051903,218.823090,11.147380,0.519030,-1293.817383,0.052857,0.000000
34.730003,49.207161,-1293.772949,-0.001026,0.002043,0.051903,218.884384,11.150502,0.519030,-1293.772949,0.052875,0.000000
34.740002,49.203064,-1293.906372,-0.001039,0.002043,0.051903,218.866165,11.149573,0.519030,-1293.906372,0.052892,0.000000
34.750000,49.178856,-1293.817383,-0.001035,0.002044,0.051912,218.758484,11.144088,0.519121,-1293.817383,0.052901,0.000000
34.760002,49.163589,-1293.861938,-0.001035,0.002045,0.051938,218.690567,11.140629,0.519378,-1293.861938,0.052917,0.000000
34.770000,49.178116,-1293.861938,-0.001035,0.002046,0.051964,218.755188,11.143920,0.519636,-1293.861938,0.052936,0.000000
34.780003,49.230988,-1293.817383,-0.001043,0.002046,0.051973,218.990372,11.155901,0.519727,-1293.817383,0.052952,0.000000
34.790001,49.231361,-1293.861938,-0.001035,0.002046,0.051973,218.992035,11.155987,0.519727,-1293.861938,0.052970,0.000000
34.800003,49.204926,-1293.772949,-0.001030,0.002046,0.051973,218.874435,11.149996,0.519727,-1293.772949,0.052987,0.000000
34.810001,49.176994,-1293.906372,-0.001022,0.002047,0.051991,218.750198,11.143666,0.519908,-1293.906372,0.053005,0.000000
34.820004,49.176628,-1293.861938,-0.001035,0.002048,0.052007,218.748566,11.143583,0.520075,-1293.861938,0.053022,0.000000
34.830002,49.166199,-1293.772949,-0.001026,0.002048,0.052017,218.702179,11.141220,0.520166,-1293.772949,0.053040,0.000000
34.840000,49.174393,-1293.906372,-0.001026,0.002049,0.052033,218.738617,11.143077,0.520332,-1293.906372,0.053057,0.000000
34.850002,49.189285,-1293.861938,-0.001043,0.002049,0.052051,218.804871,11.146451,0.520514,-1293.861938,0.053075,0.000000
34.860001,49.195992,-1293.906372,-0.001018,0.002050,0.052068,218.834702,11.147971,0.520680,-1293.906372,0.053091,0.000000
34.870003,49.217216,-1293.817383,-0.001030,0.002051,0.052086,218.929108,11.152781,0.520862,-1293.817383,0.053108,0.000000
34.880001,49.213120,-1293.861938,-0.001018,0.002051,0.052103,218.910889,11.151852,0.521029,-1293.861938,0.053117,0.000000
34.890003,49.231735,-1293.861938,-0.001026,0.002051,0.052103,218.993698,11.156071,0.521029,-1293.861938,0.053135,0.000000
34.900002,49.241791,-1293.861938,-0.001018,0.002051,0.052103,219.038422,11.158349,0.521029,-1293.861938,0.053152,0.000000
34.910000,49.222054,-1293.861938,-0.001018,0.002051,0.052103,218.950623,11.153876,0.521029,-1293.861938,0.053170,0.000000
34.920002,49.197105,-1293.772949,-0.001030,0.002051,0.052103,218.839661,11.148223,0.521029,-1293.772949,0.053187,0.000000
34.930000,49.169922,-1293.817383,-0.001018,0.002053,0.052138,218.718735,11.142064,0.521377,-1293.817383,0.053204,0.000000
34.940002,49.147583,-1293.906372,-0.001018,0.002054,0.052173,218.619370,11.137001,0.521725,-1293.906372,0.053222,0.000000
34.950001,49.195618,-1293.817383,-0.001026,0.002054,0.052182,218.833038,11.147886,0.521816,-1293.817383,0.053238,0.000000
34.960003,49.227638,-1293.817383,-0.001009,0.002055,0.052189,218.975464,11.155142,0.521892,-1293.817383,0.053257,0.000000
34.970001,49.240669,-1293.817383,-0.001030,0.002055,0.052207,219.033432,11.158095,0.522073,-1293.817383,0.053273,0.000000
34.980003,49.247749,-1293.861938,-0.001009,0.002056,0.052215,219.064926,11.159699,0.522149,-1293.861938,0.053291,0.000000
34.990002,49.240303,-1293.861938,-0.001013,0.002056,0.052215,219.031815,11.158012,0.522149,-1293.861938,0.053308,0.000000
35.000000,49.232483,-1293.817383,-0.001026,0.002057,0.052250,218.997025,11.156240,0.522497,-1293.817383,0.053326,0.000000
35.010002,49.246628,-1293.906372,-0.001030,0.002058,0.052277,219.059937,11.159445,0.522770,-1293.906372,0.053334,0.000000
35.020000,49.290939,-1293.861938,-0.001018,0.002059,0.052310,219.257050,11.169487,0.523103,-1293.861938,0.053352,0.000000
35.030003,49.339722,-1293.817383,-0.001005,0.002061,0.052345,219.474045,11.180541,0.523451,-1293.817383,0.053369,0.000000
35.040001,49.426857,-1293.861938,-0.001013,0.002061,0.052354,219.861633,11.200286,0.523542,-1293.861938,0.053387,0.000000
35.050003,49.466331,-1293.817383,-0.001005,0.002062,0.052363,220.037231,11.209231,0.523633,-1293.817383,0.053403,0.000000
35.060001,49.471916,-1293.906372,-0.001013,0.002062,0.052363,220.062073,11.210497,0.523633,-1293.906372,0.053422,0.000000
35.070004,49.467445,-1293.817383,-0.001030,0.002062,0.052380,220.042191,11.209483,0.523799,-1293.817383,0.053438,0.000000
35.080002,49.452179,-1293.861938,-0.001013,0.002063,0.052398,219.974274,11.206024,0.523981,-1293.861938,0.053456,0.000000
35.090000,49.458511,-1293.817383,-0.001009,0.002064,0.052424,220.002441,11.207459,0.524238,-1293.817383,0.053473,0.000000
35.100002,49.484573,-1293.772949,-0.001026,0.002065,0.052440,220.118378,11.213365,0.524405,-1293.772949,0.053491,0.000000
35.110001,49.515480,-1293.817383,-0.001018,0.002065,0.052459,220.255859,11.220367,0.524586,-1293.817383,0.053508,0.000000
35.120003,49.540802,-1293.861938,-0.001013,0.002067,0.052493,220.368500,11.226107,0.524935,-1293.861938,0.053524,0.000000
35.130001,49.583252,-1293.861938,-0.001005,0.002068,0.052536,220.557327,11.235725,0.525359,-1293.861938,0.053543,0.000000
35.140003,49.670761,-1293.950806,-0.001018,0.002069,0.052563,220.946579,11.255556,0.525631,-1293.950806,0.053552,0.000000
35.150002,49.784706,-1293.861938,-0.001009,0.002070,0.052571,221.453430,11.281376,0.525707,-1293.861938,0.053568,0.000000
35.160000,49.811516,-1293.906372,-0.001000,0.002070,0.052571,221.572693,11.287451,0.525707,-1293.906372,0.053587,0.000000
35.170002,49.810402,-1293.817383,-0.001013,0.002070,0.052571,221.567734,11.287198,0.525707,-1293.817383,0.053603,0.000000
35.180000,49.796249,-1293.817383,-0.001000,0.002070,0.052580,221.504776,11.283991,0.525798,-1293.817383,0.053620,0.000000
35.190002,49.770927,-1293.772949,-0.001009,0.002071,0.052605,221.392136,11.278254,0.526055,-1293.772949,0.053638,0.000000
35.200001,49.777260,-1293.817383,-0.001009,0.002072,0.052631,221.420303,11.279688,0.526312,-1293.817383,0.053655,0.000000
35.210003,49.808540,-1293.861938,-0.001000,0.002072,0.052640,221.559448,11.286777,0.526403,-1293.861938,0.053673,0.000000
35.220001,49.836098,-1293.817383,-0.001009,0.002072,0.052640,221.682037,11.293021,0.526403,-1293.817383,0.053689,0.000000
35.230003,49.832375,-1293.861938,-0.000996,0.002073,0.052649,221.665466,11.292178,0.526494,-1293.861938,0.053708,0.000000
35.240002,49.813011,-1293.817383,-0.001000,0.002073,0.052666,221.579346,11.287789,0.526661,-1293.817383,0.053724,0.000000
35.250000,49.818970,-1293.817383,-0.001005,0.002074,0.052684,221.605850,11.289141,0.526842,-1293.817383,0.053742,0.000000
35.260002,49.828278,-1293.861938,-0.000983,0.002075,0.052710,221.647247,11.291249,0.527100,-1293.861938,0.053750,0.000000
35.270000,49.842056,-1293.906372,-0.001009,0.002076,0.052727,221.708542,11.294372,0.527266,-1293.906372,0.053768,0.000000
35.280003,49.883385,-1293.817383,-0.000992,0.002077,0.052745,221.892380,11.303737,0.527448,-1293.817383,0.053785,0.000000
35.290001,49.897911,-1293.861938,-0.001005,0.002078,0.052780,221.957001,11.307029,0.527796,-1293.861938,0.053803,0.000000
35.300003,49.944832,-1293.772949,-0.000992,0.002079,0.052814,222.165710,11.317661,0.528144,-1293.772949,0.053820,0.000000
35.310001,50.017067,-1293.861938,-0.000996,0.002080,0.052831,222.487030,11.334029,0.528311,-1293.861938,0.053838,0.000000
35.320004,50.084839,-1293.817383,-0.001000,0.002080,0.052840,222.788483,11.349386,0.528402,-1293.817383,0.053855,0.000000
35.330002,50.103828,-1293.772949,-0.000992,0.002081,0.052857,222.872955,11.353689,0.528568,-1293.772949,0.053873,0.000000
35.340000,50.107925,-1293.906372,-0.001005,0.002082,0.052875,222.891190,11.354618,0.528750,-1293.906372,0.053889,0.000000
35.350002,50.139954,-1293.906372,-0.001000,0.002082,0.052875,223.033646,11.361876,0.528750,-1293.906372,0.053906,0.000000
35.360001,50.142555,-1293.861938,-0.000992,0.002082,0.052875,223.045227,11.362466,0.528750,-1293.861938,0.053924,0.000000
35.370003,50.127289,-1293.861938,-0.001000,0.002082,0.052875,222.977310,11.359006,0.528750,-1293.861938,0.053941,0.000000
35.380001,50.106438,-1293.772949,-0.000992,0.002082,0.052875,222.884567,11.354280,0.528750,-1293.772949,0.053959,0.000000
35.390003,50.077019,-1293.950806,-0.000996,0.002082,0.052875,222.753708,11.347614,0.528750,-1293.950806,0.053968,0.000000
35.400002,50.049469,-1293.772949,-0.000987,0.002082,0.052892,222.631165,11.341372,0.528916,-1293.772949,0.053985,0.000000
35.410000,50.021164,-1293.861938,-0.000992,0.002083,0.052910,222.505249,11.334958,0.529098,-1293.861938,0.054001,0.000000
35.420002,50.016327,-1293.817383,-0.000992,0.002084,0.052945,222.483734,11.333861,0.529446,-1293.817383,0.054020,0.000000
35.430000,50.039413,-1293.861938,-0.000987,0.002085,0.052961,222.586426,11.339093,0.529613,-1293.861938,0.054036,0.000000
35.440002,50.085587,-1293.861938,-0.000992,0.002086,0.052979,222.791809,11.349556,0.529794,-1293.861938,0.054054,0.000000
35.450001,50.114258,-1293.772949,-0.000987,0.002086,0.052987,222.919357,11.356052,0.529870,-1293.772949,0.054071,0.000000
35.460003,50.118729,-1293.861938,-0.000987,0.002086,0.052996,222.939240,11.357066,0.529961,-1293.861938,0.054089,0.000000
35.470001,50.114258,-1293.861938,-0.000983,0.002087,0.053022,222.919357,11.356052,0.530218,-1293.861938,0.054106,0.000000
35.480003,50.151871,-1293.906372,-0.000979,0.002088,0.053048,223.086670,11.364576,0.530476,-1293.906372,0.054124,0.000000
35.490002,50.186501,-1293.861938,-0.000996,0.002090,0.053075,223.240707,11.372424,0.530748,-1293.861938,0.054141,0.000000
35.500000,50.221870,-1293.817383,-0.000996,0.002090,0.053082,223.398041,11.380438,0.530824,-1293.817383,0.054159,0.000000
35.510002,50.252777,-1293.817383,-0.000983,0.002091,0.053117,223.535522,11.387443,0.531172,-1293.817383,0.054175,0.000000
35.520000,50.294861,-1293.817383,-0.000992,0.002092,0.053143,223.722717,11.396978,0.531430,-1293.817383,0.054185,0.000000
35.530003,50.344383,-1293.772949,-0.000970,0.002093,0.053170,223.943008,11.408200,0.531702,-1293.772949,0.054201,0.000000
35.540001,50.402473,-1293.906372,-0.000966,0.002095,0.053213,224.201401,11.421364,0.532126,-1293.906372,0.054219,0.000000
35.550003,50.495941,-1293.861938,-0.000979,0.002097,0.053257,224.617157,11.442544,0.532565,-1293.861938,0.054236,0.000000
35.560001,50.623291,-1293.861938,-0.000966,0.002098,0.053282,225.183640,11.471402,0.532822,-1293.861938,0.054254,0.000000
35.570004,50.710052,-1293.861938,-0.000996,0.002098,0.053299,225.569580,11.491062,0.532989,-1293.861938,0.054271,0.000000
35.580002,50.755112,-1293.861938,-0.000974,0.002099,0.053308,225.770020,11.501273,0.533080,-1293.861938,0.054289,0.000000
35.590000,50.782295,-1293.861938,-0.000979,0.002099,0.053326,225.890930,11.507433,0.533261,-1293.861938,0.054306,0.000000
35.600002,50.812088,-1293.772949,-0.000974,0.002099,0.053326,226.023453,11.514184,0.533261,-1293.772949,0.054322,0.000000
35.610001,50.819901,-1293.906372,-0.000983,0.002100,0.053334,226.058212,11.515955,0.533337,-1293.906372,0.054340,0.000000
35.620003,50.813576,-1293.861938,-0.000983,0.002100,0.053334,226.030075,11.514521,0.533337,-1293.861938,0.054357,0.000000
35.630001,50.803146,-1293.817383,-0.000966,0.002100,0.053352,225.983688,11.512157,0.533519,-1293.817383,0.054375,0.000000
35.640003,50.787880,-1293.861938,-0.000983,0.002102,0.053387,225.915771,11.508698,0.533867,-1293.861938,0.054392,0.000000
35.650002,50.802406,-1293.861938,-0.000979,0.002103,0.053412,225.980392,11.511990,0.534124,-1293.861938,0.054401,0.000000
35.660000,50.853790,-1293.906372,-0.000983,0.002104,0.053447,226.208954,11.523634,0.534473,-1293.906372,0.054418,0.000000
35.670002,50.925659,-1293.817383,-0.000966,0.002105,0.053456,226.528641,11.539920,0.534563,-1293.817383,0.054436,0.000000
35.680000,50.983376,-1293.861938,-0.000966,0.002106,0.053482,226.785385,11.552998,0.534821,-1293.861938,0.054453,0.000000
35.690002,51.008698,-1293.906372,-0.000970,0.002108,0.053534,226.898026,11.558737,0.535336,-1293.906372,0.054471,0.000000
35.700001,51.090988,-1293.772949,-0.000983,0.002109,0.053568,227.264069,11.577384,0.535684,-1293.772949,0.054487,0.000000
35.710003,51.218346,-1293.906372,-0.000970,0.002109,0.053568,227.830582,11.606243,0.535684,-1293.906372,0.054506,0.000000
35.720001,51.259674,-1293.861938,-0.000974,0.002109,0.053577,228.014420,11.615608,0.535775,-1293.861938,0.054522,0.000000
35.730003,51.267120,-1293.817383,-0.000961,0.002109,0.053577,228.047546,11.617296,0.535775,-1293.817383,0.054540,0.000000
35.740002,51.255577,-1293.861938,-0.000957,0.002110,0.053587,227.996201,11.614679,0.535865,-1293.861938,0.054557,0.000000
35.750000,51.232491,-1293.772949,-0.000953,0.002110,0.053594,227.893494,11.609448,0.535941,-1293.772949,0.054575,0.000000
35.760002,51.223183,-1293.861938,-0.000966,0.002110,0.053594,227.852097,11.607340,0.535941,-1293.861938,0.054592,0.000000
35.770000,51.222809,-1293.861938,-0.000953,0.002110,0.053603,227.850433,11.607254,0.536032,-1293.861938,0.054608,0.000000
35.780003,51.204193,-1293.861938,-0.000949,0.002110,0.053603,227.767624,11.603036,0.536032,-1293.861938,0.054618,0.000000
35.790001,51.157272,-1293.906372,-0.000961,0.002111,0.053620,227.558914,11.592403,0.536198,-1293.906372,0.054636,0.000000
35.800003,51.154671,-1293.772949,-0.000979,0.002113,0.053664,227.547333,11.591814,0.536638,-1293.772949,0.054652,0.000000
35.810001,51.196373,-1293.906372,-0.000979,0.002113,0.053673,227.732834,11.601264,0.536728,-1293.906372,0.054671,0.000000
35.820004,51.219460,-1293.817383,-0.000961,0.002114,0.053689,227.835541,11.606495,0.536895,-1293.817383,0.054687,0.000000
35.830002,51.241432,-1293.861938,-0.000949,0.002114,0.053699,227.933273,11.611475,0.536986,-1293.861938,0.054704,0.000000
35.840000,51.254089,-1293.861938,-0.000961,0.002114,0.053708,227.989578,11.614343,0.537077,-1293.861938,0.054722,0.000000
35.850002,51.243668,-1293.817383,-0.000953,0.002115,0.053715,227.943222,11.611981,0.537152,-1293.817383,0.054739,0.000000
35.860001,51.249252,-1293.906372,-0.000961,0.002115,0.053733,227.968063,11.613247,0.537334,-1293.906372,0.054757,0.000000
35.870003,51.251854,-1293.861938,-0.000953,0.002117,0.053768,227.979630,11.613836,0.537682,-1293.861938,0.054773,0.000000
35.880001,51.280525,-1293.817383,-0.000949,0.002117,0.053777,228.107162,11.620334,0.537773,-1293.817383,0.054792,0.000000
35.890003,51.305847,-1293.906372,-0.000953,0.002118,0.053785,228.219803,11.626071,0.537849,-1293.906372,0.054808,0.000000
35.900002,51.317390,-1293.817383,-0.000970,0.002118,0.053794,228.271149,11.628687,0.537940,-1293.817383,0.054826,0.000000
35.910000,51.321121,-1293.906372,-0.000974,0.002118,0.053794,228.287750,11.629533,0.537940,-1293.906372,0.054834,0.000000
35.920002,51.314041,-1293.861938,-0.000957,0.002119,0.053820,228.256256,11.627928,0.538197,-1293.861938,0.054852,0.000000
35.930000,51.311066,-1293.772949,-0.000949,0.002120,0.053855,228.243027,11.627254,0.538545,-1293.772949,0.054869,0.000000
35.940002,51.337502,-1293.861938,-0.000953,0.002121,0.053880,228.360611,11.633244,0.538803,-1293.861938,0.054887,0.000000
35.950001,51.390755,-1293.817383,-0.000949,0.002122,0.053889,228.597488,11.645311,0.538893,-1293.817383,0.054904,0.000000
35.960003,51.438789,-1293.861938,-0.000940,0.002122,0.053906,228.811157,11.656196,0.539060,-1293.861938,0.054922,0.000000
35.970001,51.463364,-1293.861938,-0.000944,0.002123,0.053915,228.920471,11.661764,0.539151,-1293.861938,0.054939,0.000000
35.980003,51.463364,-1293.906372,-0.000953,0.002123,0.053915,228.920471,11.661764,0.539151,-1293.906372,0.054957,0.000000
35.990002,51.444000,-1293.772949,-0.000949,0.002123,0.053933,228.834335,11.657377,0.539332,-1293.772949,0.054973,0.000000
36.000000,51.461876,-1293.772949,-0.000961,0.002124,0.053959,228.913864,11.661427,0.539590,-1293.772949,0.054990,0.000000
36.010002,51.488686,-1293.861938,-0.000949,0.002125,0.053968,229.033112,11.667503,0.539681,-1293.861938,0.055008,0.000000
36.020000,51.522202,-1293.817383,-0.000970,0.002125,0.053985,229.182205,11.675098,0.539847,-1293.817383,0.055025,0.000000
36.030003,51.508423,-1293.817383,-0.000961,0.002126,0.053994,229.120911,11.671975,0.539938,-1293.817383,0.055034,0.000000
36.040001,51.515495,-1293.861938,-0.000944,0.002126,0.054001,229.152374,11.673578,0.540014,-1293.861938,0.055052,0.000000
36.050003,51.520340,-1293.772949,-0.000961,0.002127,0.054020,229.173920,11.674676,0.540195,-1293.772949,0.055069,0.000000
36.060001,51.522568,-1293.817383,-0.000953,0.002127,0.054036,229.183823,11.675180,0.540362,-1293.817383,0.055087,0.000000
36.070004,51.552734,-1293.861938,-0.000953,0.002128,0.054054,229.318008,11.682016,0.540544,-1293.861938,0.055104,0.000000
36.080002,51.563530,-1293.861938,-0.000944,0.002129,0.054071,229.366043,11.684463,0.540710,-1293.861938,0.055120,0.000000
36.090000,51.597046,-1293.861938,-0.000953,0.002129,0.054080,229.515121,11.692058,0.540801,-1293.861938,0.055138,0.000000
36.100002,51.608963,-1293.772949,-0.000944,0.002129,0.054089,229.568130,11.694758,0.540892,-1293.772949,0.055155,0.000000
36.110001,51.594063,-1293.861938,-0.000944,0.002130,0.054106,229.501846,11.691382,0.541058,-1293.861938,0.055173,0.000000
36.120003,51.616409,-1293.861938,-0.000953,0.002130,0.054106,229.601257,11.696446,0.541058,-1293.861938,0.055190,0.000000
36.130001,51.615662,-1293.995361,-0.000931,0.002131,0.054115,229.597931,11.696277,0.541149,-1293.995361,0.055208,0.000000
36.140003,51.614174,-1293.906372,-0.000953,0.002131,0.054115,229.591309,11.695939,0.541149,-1293.906372,0.055225,0.000000
36.150002,51.601143,-1293.817383,-0.000931,0.002131,0.054115,229.533340,11.692986,0.541149,-1293.817383,0.055243,0.000000
36.160000,51.564651,-1293.950806,-0.000927,0.002131,0.054124,229.371033,11.684716,0.541240,-1293.950806,0.055250,0.000000
36.170002,51.536720,-1293.772949,-0.000936,0.002132,0.054150,229.246780,11.678389,0.541497,-1293.772949,0.055269,0.000000
36.180000,51.532623,-1293.772949,-0.000944,0.002134,0.054201,229.228561,11.677460,0.542012,-1293.772949,0.055285,0.000000
36.190002,51.597046,-1293.861938,-0.000944,0.002135,0.054227,229.515121,11.692058,0.542269,-1293.861938,0.055303,0.000000
36.200001,51.678223,-1293.817383,-0.000927,0.002136,0.054254,229.876221,11.710453,0.542542,-1293.817383,0.055320,0.000000
36.210003,51.732964,-1293.906372,-0.000940,0.002137,0.054280,230.119720,11.722857,0.542799,-1293.906372,0.055338,0.000000
36.220001,51.791054,-1293.906372,-0.000936,0.002138,0.054297,230.378113,11.736020,0.542966,-1293.906372,0.055355,0.000000
36.230003,51.853241,-1293.772949,-0.000953,0.002138,0.054306,230.654739,11.750112,0.543057,-1293.772949,0.055373,0.000000
36.240002,51.877815,-1293.861938,-0.000949,0.002139,0.054322,230.764053,11.755681,0.543223,-1293.861938,0.055390,0.000000
36.250000,51.894196,-1293.861938,-0.000949,0.002140,0.054350,230.836914,11.759393,0.543496,-1293.861938,0.055406,0.000000
36.260002,51.921753,-1293.906372,-0.000940,0.002140,0.054366,230.959488,11.765637,0.543662,-1293.906372,0.055424,0.000000
36.270000,51.948196,-1293.772949,-0.000936,0.002140,0.054366,231.077118,11.771629,0.543662,-1293.772949,0.055441,0.000000
36.280003,51.967186,-1293.861938,-0.000936,0.002140,0.054366,231.161591,11.775933,0.543662,-1293.861938,0.055459,0.000000
36.290001,51.969421,-1293.861938,-0.000923,0.002140,0.054366,231.171539,11.776440,0.543662,-1293.861938,0.055468,0.000000
36.300003,51.952660,-1293.728516,-0.000940,0.002141,0.054375,231.096970,11.772641,0.543753,-1293.728516,0.055485,0.000000
36.310001,51.931435,-1293.861938,-0.000931,0.002141,0.054375,231.002563,11.767832,0.543753,-1293.861938,0.055502,0.000000
36.320004,51.897919,-1293.861938,-0.000944,0.002141,0.054375,230.853470,11.760237,0.543753,-1293.861938,0.055520,0.000000
36.330002,51.872604,-1293.861938,-0.000936,0.002141,0.054375,230.740875,11.754500,0.543753,-1293.861938,0.055537,0.000000
36.340000,51.844299,-1293.861938,-0.000949,0.002141,0.054375,230.614960,11.748086,0.543753,-1293.861938,0.055555,0.000000
36.350002,51.816002,-1293.728516,-0.000923,0.002141,0.054384,230.489090,11.741673,0.543844,-1293.728516,0.055571,0.000000
36.360001,51.790306,-1293.861938,-0.000931,0.002141,0.054392,230.374786,11.735851,0.543920,-1293.861938,0.055590,0.000000
36.370003,51.763870,-1293.817383,-0.000931,0.002142,0.054410,230.257202,11.729861,0.544101,-1293.817383,0.055606,0.000000
36.380001,51.746742,-1293.861938,-0.000936,0.002142,0.054418,230.181000,11.725980,0.544177,-1293.861938,0.055624,0.000000
36.390003,51.731102,-1293.861938,-0.000923,0.002142,0.054418,230.111435,11.722436,0.544177,-1293.861938,0.055641,0.000000
36.400002,51.732216,-1293.772949,-0.000944,0.002142,0.054418,230.116394,11.722688,0.544177,-1293.772949,0.055659,0.000000
36.410000,51.708382,-1293.817383,-0.000923,0.002143,0.054427,230.010376,11.717286,0.544268,-1293.817383,0.055676,0.000000
36.420002,51.668541,-1293.817383,-0.000918,0.002143,0.054427,229.833145,11.708259,0.544268,-1293.817383,0.055685,0.000000
36.430000,51.645828,-1293.861938,-0.000923,0.002143,0.054427,229.732117,11.703113,0.544268,-1293.861938,0.055702,0.000000
36.440002,51.620506,-1293.861938,-0.000927,0.002143,0.054427,229.619476,11.697373,0.544268,-1293.861938,0.055720,0.000000
36.450001,51.596298,-1293.772949,-0.000927,0.002143,0.054436,229.511795,11.691889,0.544359,-1293.772949,0.055736,0.000000
36.460003,51.559067,-1293.950806,-0.000936,0.002144,0.054445,229.346176,11.683451,0.544450,-1293.950806,0.055755,0.000000
36.470001,51.525551,-1293.817383,-0.000914,0.002144,0.054462,229.197098,11.675857,0.544616,-1293.817383,0.055771,0.000000
36.480003,51.516983,-1293.861938,-0.000905,0.002145,0.054471,229.158981,11.673915,0.544707,-1293.861938,0.055788,0.000000
36.490002,51.507675,-1293.861938,-0.000931,0.002145,0.054471,229.117584,11.671806,0.544707,-1293.861938,0.055806,0.000000
36.500000,51.504326,-1293.772949,-0.000923,0.002145,0.054471,229.102676,11.671047,0.544707,-1293.772949,0.055823,0.000000
36.510002,51.478256,-1293.861938,-0.000927,0.002145,0.054480,228.986725,11.665140,0.544798,-1293.861938,0.055841,0.000000
36.520000,51.445114,-1293.861938,-0.000923,0.002146,0.054496,228.839294,11.657629,0.544964,-1293.861938,0.055857,0.000000
36.530003,51.431709,-1293.861938,-0.000918,0.002147,0.054531,228.779663,11.654592,0.545313,-1293.861938,0.055876,0.000000
36.540001,51.435432,-1293.906372,-0.000918,0.002149,0.054575,228.796234,11.655436,0.545752,-1293.906372,0.055892,0.000000
36.550003,51.501717,-1293.772949,-0.000923,0.002152,0.054652,229.091080,11.670455,0.546524,-1293.772949,0.055901,0.000000
36.560001,51.663704,-1293.817383,-0.000923,0.002155,0.054748,229.811630,11.707163,0.547477,-1293.817383,0.055918,0.000000
36.570004,51.923241,-1293.861938,-0.000914,0.002159,0.054843,230.966110,11.765975,0.548431,-1293.861938,0.055936,0.000000
36.580002,52.250557,-1293.817383,-0.000910,0.002162,0.054904,232.422089,11.840145,0.549037,-1293.817383,0.055953,0.000000
36.590000,52.507126,-1293.906372,-0.000918,0.002163,0.054939,233.563354,11.898285,0.549385,-1293.906372,0.055971,0.000000
36.600002,52.669479,-1293.861938,-0.000936,0.002164,0.054973,234.285538,11.935075,0.549733,-1293.861938,0.055988,0.000000
36.610001,52.785286,-1293.861938,-0.000905,0.002166,0.055017,234.800674,11.961317,0.550172,-1293.861938,0.056006,0.000000
36.620003,52.927536,-1293.861938,-0.000910,0.002168,0.055060,235.433441,11.993551,0.550596,-1293.861938,0.056022,0.000000
36.630001,53.080948,-1293.906372,-0.000918,0.002169,0.055104,236.115845,12.028315,0.551035,-1293.906372,0.056041,0.000000
36.640003,53.226173,-1293.861938,-0.000918,0.002170,0.055129,236.761841,12.061223,0.551293,-1293.861938,0.056057,0.000000
36.650002,53.342728,-1293.772949,-0.000905,0.002171,0.055138,237.280304,12.087635,0.551383,-1293.772949,0.056075,0.000000
36.660000,53.392250,-1293.906372,-0.000914,0.002171,0.055155,237.500595,12.098857,0.551550,-1293.906372,0.056092,0.000000
36.670002,53.429489,-1293.772949,-0.000910,0.002172,0.055164,237.666245,12.107295,0.551641,-1293.772949,0.056101,0.000000
36.680000,53.438431,-1293.817383,-0.000901,0.002172,0.055164,237.706009,12.109322,0.551641,-1293.817383,0.056118,0.000000
36.690002,53.430237,-1293.906372,-0.000931,0.002172,0.055164,237.669571,12.107465,0.551641,-1293.906372,0.056136,0.000000
36.700001,53.421295,-1293.772949,-0.000905,0.002172,0.055173,237.629791,12.105438,0.551732,-1293.772949,0.056153,0.000000
36.710003,53.402679,-1293.817383,-0.000901,0.002173,0.055190,237.546982,12.101220,0.551898,-1293.817383,0.056171,0.000000
36.720001,53.403427,-1293.728516,-0.000918,0.002174,0.055208,237.550308,12.101390,0.552080,-1293.728516,0.056188,0.000000
36.730003,53.407150,-1293.817383,-0.000914,0.002174,0.055216,237.566864,12.102233,0.552156,-1293.817383,0.056204,0.000000
36.740002,53.407524,-1293.817383,-0.000901,0.002174,0.055216,237.568527,12.102318,0.552156,-1293.817383,0.056222,0.000000
36.750000,53.404167,-1293.817383,-0.000897,0.002175,0.055234,237.553604,12.101558,0.552337,-1293.817383,0.056239,0.000000
36.760002,53.406029,-1293.950806,-0.000901,0.002175,0.055243,237.561874,12.101978,0.552428,-1293.950806,0.056257,0.000000
36.770000,53.398209,-1293.817383,-0.000905,0.002175,0.055243,237.527100,12.100206,0.552428,-1293.817383,0.056274,0.000000
36.780003,53.391136,-1293.861938,-0.000892,0.002176,0.055269,237.495636,12.098604,0.552685,-1293.861938,0.056292,0.000000
36.790001,53.369164,-1293.817383,-0.000892,0.002177,0.055294,237.397903,12.093626,0.552943,-1293.817383,0.056309,0.000000
36.800003,53.400444,-1293.772949,-0.000892,0.002178,0.055320,237.537033,12.100713,0.553200,-1293.772949,0.056318,0.000000
36.810001,53.438431,-1293.861938,-0.000897,0.002179,0.055346,237.706009,12.109322,0.553458,-1293.861938,0.056334,0.000000
36.820004,53.490562,-1293.817383,-0.000914,0.002179,0.055346,237.937912,12.121135,0.553458,-1293.817383,0.056353,0.000000
36.830002,53.517746,-1293.861938,-0.000905,0.002179,0.055355,238.058823,12.127295,0.553548,-1293.861938,0.056369,0.000000
36.840000,53.532265,-1293.861938,-0.000910,0.002179,0.055355,238.123413,12.130585,0.553548,-1293.861938,0.056387,0.000000
36.850002,53.524071,-1293.861938,-0.000901,0.002179,0.055355,238.086960,12.128727,0.553548,-1293.861938,0.056404,0.000000
36.860001,53.510292,-1293.906372,-0.000901,0.002180,0.055364,238.025665,12.125606,0.553639,-1293.906372,0.056422,0.000000
36.870003,53.468964,-1293.861938,-0.000901,0.002180,0.055381,237.841827,12.116240,0.553806,-1293.861938,0.056439,0.000000
36.880001,53.448479,-1293.861938,-0.000901,0.002181,0.055399,237.750702,12.111598,0.553988,-1293.861938,0.056457,0.000000
36.890003,53.454811,-1293.861938,-0.000901,0.002182,0.055434,237.778870,12.113033,0.554336,-1293.861938,0.056474,0.000000
36.900002,53.496147,-1293.772949,-0.000897,0.002183,0.055441,237.962753,12.122400,0.554411,-1293.772949,0.056490,0.000000
36.910000,53.519974,-1293.906372,-0.000892,0.002183,0.055450,238.068741,12.127800,0.554502,-1293.906372,0.056508,0.000000
36.920002,53.536736,-1293.861938,-0.000901,0.002184,0.055485,238.143295,12.131598,0.554850,-1293.861938,0.056525,0.000000
36.930000,53.552742,-1293.772949,-0.000897,0.002186,0.055537,238.214493,12.135224,0.555365,-1293.772949,0.056534,0.000000
36.940002,53.646210,-1293.950806,-0.000897,0.002187,0.055555,238.630264,12.156404,0.555547,-1293.950806,0.056552,0.000000
36.950001,53.729622,-1293.817383,-0.000897,0.002187,0.055555,239.001297,12.175306,0.555547,-1293.817383,0.056569,0.000000
36.960003,53.747498,-1293.861938,-0.000884,0.002188,0.055580,239.080811,12.179357,0.555804,-1293.861938,0.056586,0.000000
36.970001,53.764626,-1293.817383,-0.000892,0.002188,0.055580,239.156998,12.183239,0.555804,-1293.817383,0.056604,0.000000
36.980003,53.785851,-1293.772949,-0.000884,0.002189,0.055590,239.251419,12.188048,0.555895,-1293.772949,0.056621,0.000000
36.990002,53.786964,-1293.772949,-0.000892,0.002189,0.055590,239.256363,12.188301,0.555895,-1293.772949,0.056639,0.000000
37.000000,53.763878,-1293.772949,-0.000884,0.002189,0.055590,239.153671,12.183069,0.555895,-1293.772949,0.056655,0.000000
37.010002,53.749359,-1293.906372,-0.000888,0.002189,0.055597,239.089096,12.179779,0.555971,-1293.906372,0.056674,0.000000
37.020000,53.727386,-1293.861938,-0.000892,0.002189,0.055606,238.991348,12.174799,0.556062,-1293.861938,0.056690,0.000000
37.030003,53.685310,-1293.817383,-0.000880,0.002190,0.055624,238.804184,12.165265,0.556243,-1293.817383,0.056708,0.000000
37.040001,53.670784,-1293.906372,-0.000884,0.002191,0.055650,238.739578,12.161973,0.556501,-1293.906372,0.056725,0.000000
37.050003,53.667809,-1293.772949,-0.000888,0.002192,0.055685,238.726334,12.161299,0.556849,-1293.772949,0.056743,0.000000
37.060001,53.711746,-1293.861938,-0.000897,0.002193,0.055702,238.921783,12.171256,0.557015,-1293.861938,0.056751,0.000000
37.070004,53.767235,-1293.817383,-0.000901,0.002194,0.055736,239.168610,12.183829,0.557364,-1293.817383,0.056769,0.000000
37.080002,53.822716,-1293.861938,-0.000888,0.002196,0.055780,239.415390,12.196402,0.557803,-1293.861938,0.056786,0.000000
37.090000,53.911713,-1293.906372,-0.000897,0.002197,0.055797,239.811279,12.216569,0.557969,-1293.906372,0.056804,0.000000
37.100002,54.001083,-1293.817383,-0.000888,0.002197,0.055806,240.208817,12.236820,0.558060,-1293.817383,0.056820,0.000000
37.110001,54.034966,-1293.861938,-0.000892,0.002197,0.055815,240.359528,12.244498,0.558151,-1293.861938,0.056839,0.000000
37.120003,54.053963,-1293.772949,-0.000880,0.002198,0.055841,240.444031,12.248803,0.558408,-1293.772949,0.056855,0.000000
37.130001,54.067368,-1293.861938,-0.000884,0.002198,0.055841,240.503662,12.251841,0.558408,-1293.861938,0.056873,0.000000
37.140003,54.069595,-1293.817383,-0.000884,0.002198,0.055841,240.513565,12.252345,0.558408,-1293.817383,0.056890,0.000000
37.150002,54.070343,-1293.817383,-0.000871,0.002199,0.055857,240.516891,12.252515,0.558575,-1293.817383,0.056907,0.000000
37.160004,54.062897,-1293.861938,-0.000888,0.002200,0.055892,240.483780,12.250828,0.558923,-1293.861938,0.056925,0.000000
37.170002,54.090820,-1293.817383,-0.000888,0.002201,0.055901,240.607986,12.257155,0.559014,-1293.817383,0.056941,0.000000
37.180000,54.129921,-1293.772949,-0.000880,0.002201,0.055910,240.781921,12.266016,0.559105,-1293.772949,0.056960,0.000000
37.190002,54.134392,-1293.861938,-0.000880,0.002201,0.055918,240.801804,12.267029,0.559180,-1293.861938,0.056969,0.000000
37.200001,54.147049,-1293.817383,-0.000867,0.002202,0.055927,240.858109,12.269897,0.559271,-1293.817383,0.056985,0.000000
37.210003,54.135506,-1293.906372,-0.000884,0.002202,0.055936,240.806763,12.267282,0.559362,-1293.906372,0.057002,0.000000
37.220001,54.133644,-1293.772949,-0.000875,0.002203,0.055945,240.798477,12.266859,0.559453,-1293.772949,0.057020,0.000000
37.230003,54.119865,-1293.817383,-0.000892,0.002203,0.055962,240.737183,12.263737,0.559619,-1293.817383,0.057037,0.000000
37.240002,54.119499,-1293.906372,-0.000871,0.002204,0.055988,240.735550,12.263655,0.559877,-1293.906372,0.057055,0.000000
37.250000,54.145561,-1293.772949,-0.000880,0.002206,0.056032,240.851486,12.269560,0.560316,-1293.772949,0.057072,0.000000
37.260002,54.201790,-1293.861938,-0.000875,0.002207,0.056048,241.101608,12.282301,0.560482,-1293.861938,0.057090,0.000000
37.270000,54.274033,-1293.817383,-0.000884,0.002207,0.056048,241.422958,12.298672,0.560482,-1293.817383,0.057106,0.000000
37.280003,54.288925,-1293.817383,-0.000867,0.002207,0.056048,241.489197,12.302046,0.560482,-1293.817383,0.057125,0.000000
37.290001,54.298981,-1293.906372,-0.000880,0.002207,0.056057,241.533936,12.304325,0.560573,-1293.906372,0.057141,0.000000
37.300003,54.288551,-1293.817383,-0.000871,0.002207,0.056066,241.487534,12.301962,0.560664,-1293.817383,0.057159,0.000000
37.310001,54.274773,-1293.861938,-0.000858,0.002208,0.056083,241.426239,12.298840,0.560831,-1293.861938,0.057176,0.000000
37.320004,54.268448,-1293.728516,-0.000871,0.002208,0.056092,241.398117,12.297406,0.560921,-1293.728516,0.057185,0.000000
37.330002,54.277008,-1293.817383,-0.000867,0.002209,0.056101,241.436188,12.299346,0.561012,-1293.817383,0.057202,0.000000
37.340000,54.274033,-1293.861938,-0.000875,0.002210,0.056127,241.422958,12.298672,0.561270,-1293.861938,0.057220,0.000000
37.350002,54.279991,-1293.817383,-0.000858,0.002210,0.056136,241.449463,12.300021,0.561360,-1293.817383,0.057237,0.000000
37.360001,54.310150,-1293.906372,-0.000867,0.002210,0.056144,241.583618,12.306856,0.561436,-1293.906372,0.057255,0.000000
37.370003,54.316109,-1293.772949,-0.000867,0.002211,0.056153,241.610123,12.308207,0.561527,-1293.772949,0.057272,0.000000
37.380001,54.310898,-1293.817383,-0.000875,0.002211,0.056162,241.586945,12.307026,0.561618,-1293.817383,0.057288,0.000000
37.390003,54.300468,-1293.817383,-0.000875,0.002212,0.056178,241.540543,12.304663,0.561784,-1293.817383,0.057306,0.000000
37.400002,54.312386,-1293.728516,-0.000867,0.002212,0.056188,241.593552,12.307363,0.561875,-1293.728516,0.057323,0.000000
37.410004,54.320206,-1293.861938,-0.000862,0.002212,0.056197,241.628342,12.309134,0.561966,-1293.861938,0.057341,0.000000
37.420002,54.329514,-1293.817383,-0.000875,0.002213,0.056204,241.669739,12.311243,0.562042,-1293.817383,0.057358,0.000000
37.430000,54.314247,-1293.817383,-0.000858,0.002213,0.056204,241.601837,12.307784,0.562042,-1293.817383,0.057376,0.000000
37.440002,54.298233,-1293.861938,-0.000871,0.002213,0.056213,241.530609,12.304156,0.562133,-1293.861938,0.057384,0.000000
37.450001,54.283340,-1293.861938,-0.000858,0.002214,0.056231,241.464355,12.300780,0.562314,-1293.861938,0.057402,0.000000
37.460003,54.285576,-1293.906372,-0.000871,0.002215,0.056257,241.474304,12.301287,0.562572,-1293.906372,0.057418,0.000000
37.470001,54.319458,-1293.772949,-0.000858,0.002216,0.056274,241.625015,12.308965,0.562738,-1293.772949,0.057437,0.000000
37.480003,54.332863,-1293.861938,-0.000854,0.002216,0.056283,241.684647,12.312002,0.562829,-1293.861938,0.057453,0.000000
37.490002,54.340683,-1293.906372,-0.000880,0.002217,0.056309,241.719437,12.313774,0.563086,-1293.906372,0.057471,0.000000
37.500000,54.370850,-1293.728516,-0.000854,0.002218,0.056327,241.853622,12.320610,0.563268,-1293.728516,0.057488,0.000000
37.510002,54.402496,-1293.861938,-0.000862,0.002218,0.056334,241.994385,12.327782,0.563344,-1293.861938,0.057506,0.000000
37.520000,54.431915,-1293.817383,-0.000862,0.002218,0.056334,242.125259,12.334449,0.563344,-1293.817383,0.057523,0.000000
37.530003,54.419998,-1293.861938,-0.000849,0.002218,0.056334,242.072235,12.331748,0.563344,-1293.861938,0.057541,0.000000
37.540001,54.403618,-1293.861938,-0.000849,0.002218,0.056343,241.999374,12.328035,0.563435,-1293.861938,0.057558,0.000000
37.550003,54.397285,-1293.728516,-0.000854,0.002218,0.056343,241.971207,12.326601,0.563435,-1293.728516,0.057574,0.000000
37.560001,54.365631,-1293.817383,-0.000854,0.002219,0.056369,241.830399,12.319428,0.563692,-1293.817383,0.057592,0.000000
37.570004,54.349998,-1293.861938,-0.000845,0.002220,0.056378,241.760864,12.315886,0.563783,-1293.861938,0.057602,0.000000
37.580002,54.355949,-1293.861938,-0.000845,0.002220,0.056387,241.787338,12.317234,0.563874,-1293.861938,0.057618,0.000000
37.590000,54.361168,-1293.772949,-0.000867,0.002220,0.056387,241.810547,12.318418,0.563874,-1293.772949,0.057636,0.000000
37.600002,54.342178,-1293.772949,-0.000858,0.002220,0.056387,241.726089,12.314114,0.563874,-1293.772949,0.057653,0.000000
37.610001,54.314247,-1293.861938,-0.000841,0.002221,0.056413,241.601837,12.307784,0.564131,-1293.861938,0.057671,0.000000
37.620003,54.307541,-1293.861938,-0.000858,0.002224,0.056483,241.572006,12.306265,0.564827,-1293.861938,0.057688,0.000000
37.630001,54.388351,-1293.861938,-0.000854,0.002226,0.056534,241.931473,12.324576,0.565342,-1293.861938,0.057705,0.000000
37.640003,54.551079,-1293.906372,-0.000854,0.002228,0.056586,242.655319,12.361451,0.565857,-1293.906372,0.057723,0.000000
37.650002,54.710449,-1293.817383,-0.000841,0.002230,0.056639,243.364227,12.397566,0.566387,-1293.817383,0.057739,0.000000
37.660004,54.875038,-1293.861938,-0.000836,0.002232,0.056690,244.096359,12.434861,0.566902,-1293.861938,0.057757,0.000000
37.670002,55.041489,-1293.817383,-0.000849,0.002234,0.056751,244.836777,12.472579,0.567507,-1293.817383,0.057774,0.000000
37.680000,55.213158,-1293.861938,-0.000845,0.002235,0.056778,245.600388,12.511480,0.567780,-1293.861938,0.057792,0.000000
37.690002,55.352425,-1293.817383,-0.000841,0.002236,0.056795,246.219879,12.543038,0.567946,-1293.817383,0.057809,0.000000
37.700001,55.433968,-1293.772949,-0.000867,0.002237,0.056811,246.582596,12.561516,0.568113,-1293.772949,0.057818,0.000000
37.710003,55.502861,-1293.861938,-0.000832,0.002237,0.056811,246.889053,12.577128,0.568113,-1293.861938,0.057835,0.000000
37.720001,55.532280,-1293.772949,-0.000841,0.002237,0.056811,247.019913,12.583795,0.568113,-1293.772949,0.057853,0.000000
37.730003,55.524460,-1293.861938,-0.000845,0.002237,0.056811,246.985138,12.582023,0.568113,-1293.861938,0.057870,0.000000
37.740002,55.501373,-1293.817383,-0.000845,0.002237,0.056811,246.882431,12.576792,0.568113,-1293.817383,0.057888,0.000000
37.750000,55.490944,-1293.817383,-0.000828,0.002237,0.056829,246.836044,12.574428,0.568294,-1293.817383,0.057904,0.000000
37.760002,55.491318,-1293.906372,-0.000836,0.002238,0.056855,246.837708,12.574512,0.568552,-1293.906372,0.057923,0.000000
37.770000,55.514404,-1293.772949,-0.000836,0.002239,0.056881,246.940399,12.579743,0.568809,-1293.772949,0.057939,0.000000
37.780003,55.536377,-1293.861938,-0.000854,0.002241,0.056925,247.038147,12.584723,0.569248,-1293.861938,0.057957,0.000000
37.790001,55.610100,-1293.861938,-0.000845,0.002243,0.056960,247.366074,12.601428,0.569596,-1293.861938,0.057974,0.000000
37.800003,55.715858,-1293.817383,-0.000836,0.002243,0.056976,247.836517,12.625394,0.569763,-1293.817383,0.057991,0.000000
37.810001,55.771339,-1293.861938,-0.000836,0.002244,0.056985,248.083313,12.637966,0.569854,-1293.861938,0.058009,0.000000
37.820004,55.815277,-1293.817383,-0.000836,0.002245,0.057020,248.278748,12.647923,0.570202,-1293.817383,0.058025,0.000000
37.830002,55.857361,-1293.861938,-0.000845,0.002247,0.057072,248.465958,12.657458,0.570717,-1293.861938,0.058035,0.000000
37.840000,55.975029,-1293.906372,-0.000836,0.002248,0.057090,248.989365,12.684123,0.570898,-1293.906372,0.058053,0.000000
37.850002,56.083389,-1293.817383,-0.000824,0.002249,0.057125,249.471375,12.708678,0.571247,-1293.817383,0.058069,0.000000
37.860001,56.167542,-1293.906372,-0.000841,0.002250,0.057150,249.845703,12.727746,0.571504,-1293.906372,0.058086,0.000000
37.870003,56.255424,-1293.772949,-0.000828,0.002251,0.057167,250.236633,12.747662,0.571671,-1293.772949,0.058104,0.000000
37.880001,56.303085,-1293.861938,-0.000845,0.002251,0.057176,250.448639,12.758461,0.571761,-1293.861938,0.058121,0.000000
37.890003,56.321335,-1293.861938,-0.000841,0.002251,0.057176,250.529816,12.762596,0.571761,-1293.861938,0.058139,0.000000
37.900002,56.318359,-1293.817383,-0.000824,0.002251,0.057176,250.516571,12.761923,0.571761,-1293.817383,0.058156,0.000000
37.910004,56.307182,-1293.861938,-0.000836,0.002251,0.057176,250.466858,12.759390,0.571761,-1293.861938,0.058174,0.000000
37.920002,56.301598,-1293.772949,-0.000819,0.002251,0.057176,250.442017,12.758124,0.571761,-1293.772949,0.058190,0.000000
37.930000,56.264359,-1293.861938,-0.000832,0.002251,0.057185,250.276367,12.749686,0.571852,-1293.861938,0.058209,0.000000
37.940002,56.248352,-1293.861938,-0.000836,0.002253,0.057228,250.205170,12.746058,0.572276,-1293.861938,0.058225,0.000000
37.950001,56.269951,-1293.772949,-0.000832,0.002253,0.057237,250.301239,12.750954,0.572367,-1293.772949,0.058243,0.000000
37.960003,56.319847,-1293.861938,-0.000828,0.002253,0.057237,250.523193,12.762259,0.572367,-1293.861938,0.058251,0.000000
37.970001,56.319473,-1293.817383,-0.000819,0.002253,0.057237,250.521530,12.762176,0.572367,-1293.817383,0.058269,0.000000
37.980003,56.298248,-1293.861938,-0.000828,0.002254,0.057246,250.427109,12.757365,0.572458,-1293.861938,0.058286,0.000000
37.990002,56.278511,-1293.906372,-0.000845,0.002254,0.057255,250.339325,12.752892,0.572549,-1293.906372,0.058304,0.000000
38.000000,56.259521,-1293.817383,-0.000824,0.002254,0.057262,250.254852,12.748590,0.572624,-1293.817383,0.058321,0.000000
38.010002,56.254677,-1293.906372,-0.000832,0.002255,0.057272,250.233307,12.747492,0.572715,-1293.906372,0.058339,0.000000
38.020000,56.232338,-1293.861938,-0.000832,0.002255,0.057272,250.133926,12.742430,0.572715,-1293.861938,0.058356,0.000000
38.030003,56.218933,-1293.906372,-0.000819,0.002255,0.057272,250.074310,12.739392,0.572715,-1293.906372,0.058372,0.000000
38.040001,56.200684,-1293.861938,-0.000828,0.002255,0.057281,249.993134,12.735257,0.572806,-1293.861938,0.058390,0.000000
38.050003,56.176109,-1293.772949,-0.000819,0.002255,0.057281,249.883820,12.729689,0.572806,-1293.772949,0.058407,0.000000
38.060001,56.144455,-1293.906372,-0.000815,0.002255,0.057281,249.743011,12.722515,0.572806,-1293.906372,0.058425,0.000000
38.070004,56.119133,-1293.861938,-0.000819,0.002255,0.057281,249.630371,12.716777,0.572806,-1293.861938,0.058442,0.000000
38.080002,56.089722,-1293.906372,-0.000819,0.002255,0.057281,249.499542,12.710113,0.572806,-1293.906372,0.058451,0.000000
38.090000,56.042801,-1293.861938,-0.000836,0.002255,0.057281,249.290833,12.699480,0.572806,-1293.861938,0.058469,0.000000
38.100002,56.015991,-1293.728516,-0.000824,0.002255,0.057281,249.171570,12.693405,0.572806,-1293.728516,0.058486,0.000000
38.110001,55.963486,-1293.817383,-0.000824,0.002255,0.057281,248.938019,12.681507,0.572806,-1293.817383,0.058502,0.000000
38.120003,55.936676,-1293.817383,-0.000824,0.002256,0.057297,248.818756,12.675432,0.572973,-1293.817383,0.058521,0.000000
38.130001,55.920662,-1293.861938,-0.000811,0.002257,0.057315,248.747528,12.671803,0.573154,-1293.861938,0.058537,0.000000
38.140003,55.928108,-1293.817383,-0.000836,0.002258,0.057350,248.780655,12.673491,0.573502,-1293.817383,0.058555,0.000000
38.150002,55.950821,-1293.817383,-0.000828,0.002260,0.057402,248.881683,12.678638,0.574017,-1293.817383,0.058572,0.000000
38.160004,56.018593,-1293.861938,-0.000815,0.002263,0.057471,249.183151,12.693995,0.574714,-1293.861938,0.058590,0.000000
38.170002,56.180206,-1293.772949,-0.000824,0.002265,0.057523,249.902039,12.730617,0.575228,-1293.772949,0.058607,0.000000
38.180000,56.365646,-1293.817383,-0.000811,0.002265,0.057541,250.726913,12.772638,0.575410,-1293.817383,0.058625,0.000000
38.190002,56.492996,-1293.861938,-0.000824,0.002265,0.057541,251.293396,12.801496,0.575410,-1293.861938,0.058642,0.000000
38.200001,56.535820,-1293.772949,-0.000815,0.002266,0.057549,251.483887,12.811200,0.575486,-1293.772949,0.058660,0.000000
38.210003,56.530983,-1293.861938,-0.000802,0.002266,0.057549,251.462372,12.810103,0.575486,-1293.861938,0.058667,0.000000
38.220001,56.526512,-1293.772949,-0.000824,0.002266,0.057549,251.442490,12.809091,0.575486,-1293.772949,0.058686,0.000000
38.230003,56.503799,-1293.817383,-0.000806,0.002266,0.057549,251.341446,12.803945,0.575486,-1293.817383,0.058702,0.000000
38.240002,56.482201,-1293.861938,-0.000824,0.002266,0.057549,251.245377,12.799050,0.575486,-1293.861938,0.058720,0.000000
38.250000,56.464325,-1293.728516,-0.000815,0.002267,0.057574,251.165863,12.794999,0.575743,-1293.728516,0.058737,0.000000
38.260002,56.445709,-1293.772949,-0.000806,0.002269,0.057627,251.083054,12.790780,0.576273,-1293.772949,0.058755,0.000000
38.270000,56.501938,-1293.817383,-0.000815,0.002269,0.057627,251.333176,12.803522,0.576273,-1293.817383,0.058772,0.000000
38.280003,56.530609,-1293.817383,-0.000815,0.002269,0.057627,251.460709,12.810019,0.576273,-1293.817383,0.058789,0.000000
38.290001,56.529861,-1293.817383,-0.000811,0.002269,0.057627,251.457382,12.809850,0.576273,-1293.817383,0.058807,0.000000
38.300003,56.522415,-1293.817383,-0.000811,0.002269,0.057627,251.424255,12.808162,0.576273,-1293.817383,0.058823,0.000000
38.310001,56.507149,-1293.817383,-0.000815,0.002269,0.057627,251.356354,12.804703,0.576273,-1293.817383,0.058841,0.000000
38.320004,56.488159,-1293.772949,-0.000811,0.002269,0.057627,251.271881,12.800400,0.576273,-1293.772949,0.058858,0.000000
38.330002,56.454269,-1293.817383,-0.000811,0.002269,0.057636,251.121140,12.792721,0.576364,-1293.817383,0.058876,0.000000
38.340000,56.430809,-1293.906372,-0.000802,0.002269,0.057636,251.016769,12.787404,0.576364,-1293.906372,0.058884,0.000000
38.350002,56.414055,-1293.817383,-0.000798,0.002269,0.057644,250.942245,12.783607,0.576439,-1293.817383,0.058902,0.000000
38.360001,56.391342,-1293.906372,-0.000811,0.002269,0.057644,250.841217,12.778461,0.576439,-1293.906372,0.058919,0.000000
38.370003,56.361549,-1293.817383,-0.000806,0.002269,0.057644,250.708694,12.771709,0.576439,-1293.817383,0.058937,0.000000
38.380001,56.342934,-1293.817383,-0.000798,0.002269,0.057644,250.625885,12.767491,0.576439,-1293.817383,0.058954,0.000000
38.390003,56.309418,-1293.817383,-0.000811,0.002270,0.057662,250.476807,12.759896,0.576621,-1293.817383,0.058972,0.000000
38.400002,56.271439,-1293.861938,-0.000806,0.002271,0.057671,250.307861,12.751290,0.576712,-1293.861938,0.058988,0.000000
38.410004,56.253189,-1293.861938,-0.000815,0.002271,0.057671,250.226685,12.747155,0.576712,-1293.861938,0.059007,0.000000
38.420002,56.243134,-1293.817383,-0.000815,0.002271,0.057671,250.181946,12.744877,0.576712,-1293.817383,0.059023,0.000000
38.430000,56.231964,-1293.861938,-0.000798,0.002271,0.057671,250.132263,12.742346,0.576712,-1293.861938,0.059041,0.000000
38.440002,56.214836,-1293.817383,-0.000811,0.002271,0.057671,250.056076,12.738464,0.576712,-1293.817383,0.059058,0.000000
38.450001,56.173874,-1293.817383,-0.000815,0.002271,0.057671,249.873871,12.729181,0.576712,-1293.817383,0.059075,0.000000
38.460003,56.154884,-1293.861938,-0.000806,0.002271,0.057671,249.789398,12.724878,0.576712,-1293.861938,0.059093,0.000000
38.470001,56.122490,-1293.728516,-0.000806,0.002271,0.057679,249.645309,12.717538,0.576788,-1293.728516,0.059102,0.000000
38.480003,56.089722,-1293.861938,-0.000798,0.002271,0.057679,249.499542,12.710113,0.576788,-1293.861938,0.059119,0.000000
38.490002,56.055092,-1293.772949,-0.000806,0.002272,0.057697,249.345505,12.702265,0.576969,-1293.772949,0.059137,0.000000
38.500000,56.023811,-1293.861938,-0.000811,0.002274,0.057748,249.206360,12.695177,0.577484,-1293.861938,0.059153,0.000000
38.510002,56.043175,-1293.817383,-0.000802,0.002274,0.057767,249.292496,12.699565,0.577666,-1293.817383,0.059170,0.000000
38.520000,56.100891,-1293.861938,-0.000802,0.002274,0.057767,249.549225,12.712644,0.577666,-1293.861938,0.059188,0.000000
38.530003,56.109825,-1293.817383,-0.000793,0.002275,0.057783,249.588974,12.714668,0.577832,-1293.817383,0.059205,0.000000
38.540001,56.122864,-1293.861938,-0.000802,0.002277,0.057827,249.646973,12.717623,0.578271,-1293.861938,0.059223,0.000000
38.550003,56.154137,-1293.772949,-0.000806,0.002280,0.057923,249.786072,12.724710,0.579225,-1293.772949,0.059240,0.000000
38.560001,56.322083,-1293.861938,-0.000798,0.002287,0.058078,250.533142,12.762766,0.580785,-1293.861938,0.059258,0.000000
38.570004,56.758499,-1293.861938,-0.000811,0.002292,0.058225,252.474411,12.861659,0.582253,-1293.861938,0.059274,0.000000
38.580002,57.338287,-1293.906372,-0.000793,0.002295,0.058304,255.053436,12.993042,0.583040,-1293.906372,0.059293,0.000000
38.590000,57.747520,-1293.817383,-0.000793,0.002297,0.058339,256.873810,13.085775,0.583389,-1293.817383,0.059309,0.000000
38.600002,57.971687,-1293.861938,-0.000798,0.002297,0.058356,257.870941,13.136572,0.583555,-1293.861938,0.059318,0.000000
38.610001,58.081909,-1293.906372,-0.000793,0.002297,0.058356,258.361237,13.161549,0.583555,-1293.906372,0.059335,0.000000
38.620003,58.127342,-1293.817383,-0.000785,0.002298,0.058365,258.563324,13.171844,0.583646,-1293.817383,0.059353,0.000000
38.630001,58.155266,-1293.861938,-0.000789,0.002298,0.058365,258.687531,13.178172,0.583646,-1293.861938,0.059370,0.000000
38.640003,58.157501,-1293.861938,-0.000806,0.002298,0.058372,258.697479,13.178679,0.583722,-1293.861938,0.059388,0.000000
38.650002,58.173141,-1293.817383,-0.000780,0.002298,0.058372,258.767059,13.182222,0.583722,-1293.817383,0.059405,0.000000
38.660004,58.161224,-1293.861938,-0.000789,0.002298,0.058372,258.714050,13.179522,0.583722,-1293.861938,0.059423,0.000000
38.670002,58.140747,-1293.772949,-0.000789,0.002298,0.058372,258.622955,13.174882,0.583722,-1293.772949,0.059440,0.000000
38.680000,58.115425,-1293.772949,-0.000785,0.002298,0.058381,258.510315,13.169144,0.583812,-1293.772949,0.059458,0.000000
38.690002,58.097549,-1293.772949,-0.000780,0.002298,0.058381,258.430817,13.165092,0.583812,-1293.772949,0.059474,0.000000
38.700001,58.075584,-1293.772949,-0.000785,0.002298,0.058381,258.333099,13.160115,0.583812,-1293.772949,0.059491,0.000000
38.710003,58.050262,-1293.861938,-0.000789,0.002299,0.058399,258.220459,13.154377,0.583994,-1293.861938,0.059509,0.000000
38.720001,58.023819,-1293.772949,-0.000793,0.002301,0.058451,258.102844,13.148386,0.584509,-1293.772949,0.059518,0.000000
38.730003,58.052124,-1293.861938,-0.000802,0.002303,0.058495,258.228760,13.154799,0.584948,-1293.861938,0.059535,0.000000
38.740002,58.152290,-1293.817383,-0.000793,0.002305,0.058537,258.674316,13.177497,0.585372,-1293.817383,0.059553,0.000000
38.750000,58.274803,-1293.728516,-0.000793,0.002305,0.058555,259.219269,13.205259,0.585554,-1293.728516,0.059570,0.000000
38.760002,58.353745,-1293.861938,-0.000793,0.002305,0.058555,259.570435,13.223147,0.585554,-1293.861938,0.059586,0.000000
38.770000,58.375717,-1293.817383,-0.000785,0.002305,0.058555,259.668152,13.228127,0.585554,-1293.817383,0.059605,0.000000
38.780003,58.371620,-1293.861938,-0.000776,0.002305,0.058555,259.649933,13.227198,0.585554,-1293.861938,0.059621,0.000000
38.790001,58.354118,-1293.817383,-0.000798,0.002305,0.058555,259.572083,13.223232,0.585554,-1293.817383,0.059639,0.000000
38.800003,58.338852,-1293.861938,-0.000772,0.002305,0.058555,259.504181,13.219772,0.585554,-1293.861938,0.059656,0.000000
38.810001,58.313530,-1293.817383,-0.000780,0.002305,0.058555,259.391541,13.214035,0.585554,-1293.817383,0.059674,0.000000
38.820004,58.287086,-1293.772949,-0.000780,0.002306,0.058564,259.273895,13.208042,0.585644,-1293.772949,0.059691,0.000000
38.830002,58.245758,-1293.817383,-0.000776,0.002306,0.058581,259.090057,13.198677,0.585811,-1293.817383,0.059709,0.000000
38.840000,58.240540,-1293.772949,-0.000793,0.002307,0.058607,259.066864,13.197495,0.586068,-1293.772949,0.059726,0.000000
38.850002,58.247620,-1293.817383,-0.000776,0.002310,0.058686,259.098358,13.199100,0.586856,-1293.817383,0.059735,0.000000
38.860001,58.346672,-1293.861938,-0.000772,0.002314,0.058772,259.538971,13.221545,0.587718,-1293.861938,0.059751,0.000000
38.870003,58.597649,-1293.817383,-0.000776,0.002315,0.058789,260.655365,13.278417,0.587885,-1293.817383,0.059770,0.000000
38.880001,58.760750,-1293.861938,-0.000772,0.002315,0.058789,261.380859,13.315376,0.587885,-1293.861938,0.059786,0.000000
38.890003,58.797241,-1293.772949,-0.000772,0.002315,0.058807,261.543182,13.323646,0.588067,-1293.772949,0.059804,0.000000
38.900002,58.811020,-1293.772949,-0.000776,0.002316,0.058816,261.604492,13.326767,0.588158,-1293.772949,0.059821,0.000000
38.910004,58.822563,-1293.861938,-0.000780,0.002316,0.058823,261.655823,13.329384,0.588233,-1293.861938,0.059839,0.000000
38.920002,58.830383,-1293.772949,-0.000780,0.002317,0.058841,261.690613,13.331156,0.588415,-1293.772949,0.059856,0.000000
38.930000,58.837082,-1293.817383,-0.000767,0.002317,0.058841,261.720398,13.332674,0.588415,-1293.817383,0.059872,0.000000
38.940002,58.832611,-1293.817383,-0.000776,0.002317,0.058851,261.700531,13.331660,0.588506,-1293.817383,0.059891,0.000000
38.950001,58.827400,-1293.817383,-0.000759,0.002317,0.058851,261.677338,13.330480,0.588506,-1293.817383,0.059907,0.000000
38.960003,58.811760,-1293.861938,-0.000776,0.002317,0.058858,261.607788,13.326935,0.588581,-1293.861938,0.059925,0.000000
38.970001,58.805801,-1293.772949,-0.000767,0.002318,0.058876,261.581268,13.325585,0.588763,-1293.772949,0.059942,0.000000
38.980003,58.799843,-1293.906372,-0.000767,0.002319,0.058902,261.554779,13.324234,0.589020,-1293.906372,0.059951,0.000000
38.990002,58.804314,-1293.817383,-0.000763,0.002320,0.058928,261.574646,13.325248,0.589278,-1293.817383,0.059968,0.000000
39.000000,58.840805,-1293.817383,-0.000767,0.002321,0.058954,261.736969,13.333517,0.589535,-1293.817383,0.059986,0.000000
39.010002,58.903740,-1293.817383,-0.000767,0.002322,0.058979,262.016907,13.347778,0.589793,-1293.817383,0.060003,0.000000
39.020000,58.958847,-1293.772949,-0.000763,0.002323,0.059007,262.262054,13.360266,0.590065,-1293.772949,0.060021,0.000000
39.030003,59.013962,-1293.817383,-0.000763,0.002325,0.059049,262.507202,13.372755,0.590489,-1293.817383,0.060038,0.000000
39.040001,59.096252,-1293.772949,-0.000776,0.002326,0.059084,262.873260,13.391402,0.590837,-1293.772949,0.060056,0.000000
39.050003,59.204239,-1293.772949,-0.000767,0.002326,0.059093,263.353607,13.415872,0.590928,-1293.772949,0.060072,0.000000
39.060001,59.260101,-1293.817383,-0.000772,0.002326,0.059093,263.602081,13.428531,0.590928,-1293.817383,0.060091,0.000000
39.070004,59.277603,-1293.861938,-0.000776,0.002326,0.059093,263.679962,13.432497,0.590928,-1293.861938,0.060107,0.000000
39.080002,59.264198,-1293.817383,-0.000755,0.002326,0.059093,263.620331,13.429460,0.590928,-1293.817383,0.060125,0.000000
39.090000,59.251534,-1293.817383,-0.000772,0.002327,0.059109,263.563995,13.426590,0.591095,-1293.817383,0.060142,0.000000
39.100002,59.250420,-1293.772949,-0.000759,0.002328,0.059137,263.559021,13.426337,0.591367,-1293.772949,0.060160,0.000000
39.110001,59.258606,-1293.817383,-0.000763,0.002329,0.059162,263.595459,13.428192,0.591624,-1293.817383,0.060168,0.000000
39.120003,59.297333,-1293.817383,-0.000767,0.002330,0.059188,263.767700,13.436968,0.591882,-1293.817383,0.060186,0.000000
39.130001,59.339417,-1293.817383,-0.000767,0.002331,0.059205,263.954895,13.446505,0.592048,-1293.817383,0.060203,0.000000
39.140003,59.386330,-1293.728516,-0.000755,0.002332,0.059223,264.163574,13.457134,0.592230,-1293.728516,0.060221,0.000000
39.150002,59.428780,-1293.817383,-0.000759,0.002332,0.059232,264.352417,13.466754,0.592321,-1293.817383,0.060237,0.000000
39.160004,59.455597,-1293.861938,-0.000776,0.002332,0.059240,264.471710,13.472831,0.592397,-1293.861938,0.060256,0.000000
39.170002,59.457458,-1293.817383,-0.000776,0.002333,0.059249,264.479980,13.473253,0.592487,-1293.817383,0.060272,0.000000
39.180000,59.461182,-1293.861938,-0.000755,0.002333,0.059258,264.496552,13.474096,0.592578,-1293.861938,0.060289,0.000000
39.190002,59.471977,-1293.861938,-0.000763,0.002334,0.059274,264.544556,13.476542,0.592745,-1293.861938,0.060307,0.000000
39.200001,59.468628,-1293.772949,-0.000763,0.002335,0.059300,264.529663,13.475784,0.593002,-1293.772949,0.060324,0.000000
39.210003,59.499908,-1293.817383,-0.000759,0.002336,0.059344,264.668823,13.482872,0.593441,-1293.817383,0.060342,0.000000
39.220001,59.560234,-1293.817383,-0.000755,0.002337,0.059362,264.937164,13.496542,0.593623,-1293.817383,0.060358,0.000000
39.230003,59.634331,-1293.772949,-0.000759,0.002337,0.059370,265.266754,13.513332,0.593699,-1293.772949,0.060377,0.000000
39.240002,59.683113,-1293.817383,-0.000755,0.002338,0.059379,265.483734,13.524387,0.593789,-1293.817383,0.060384,0.000000
39.250000,59.689445,-1293.817383,-0.000746,0.002338,0.059396,265.511902,13.525822,0.593956,-1293.817383,0.060402,0.000000
39.260002,59.702103,-1293.772949,-0.000742,0.002339,0.059423,265.568207,13.528690,0.594229,-1293.772949,0.060419,0.000000
39.270000,59.735245,-1293.772949,-0.000759,0.002340,0.059449,265.715637,13.536200,0.594486,-1293.772949,0.060437,0.000000
39.280003,59.791847,-1293.817383,-0.000737,0.002342,0.059483,265.967407,13.549026,0.594834,-1293.817383,0.060454,0.000000
39.290001,59.856270,-1293.861938,-0.000755,0.002343,0.059500,266.253998,13.563624,0.595001,-1293.861938,0.060472,0.000000
39.300003,59.921806,-1293.772949,-0.000755,0.002343,0.059509,266.545502,13.578475,0.595091,-1293.772949,0.060489,0.000000
39.310001,59.952339,-1293.817383,-0.000755,0.002343,0.059509,266.681335,13.585394,0.595091,-1293.817383,0.060507,0.000000
39.320004,59.956810,-1293.817383,-0.000750,0.002343,0.059509,266.701202,13.586407,0.595091,-1293.817383,0.060523,0.000000
39.330002,59.952339,-1293.906372,-0.000755,0.002343,0.059518,266.681335,13.585394,0.595182,-1293.906372,0.060542,0.000000
39.340000,59.941170,-1293.861938,-0.000759,0.002344,0.059535,266.631653,13.582863,0.595349,-1293.861938,0.060558,0.000000
39.350002,59.933723,-1293.861938,-0.000746,0.002344,0.059544,266.598511,13.581176,0.595440,-1293.861938,0.060575,0.000000
39.360001,59.932602,-1293.861938,-0.000742,0.002345,0.059561,266.593536,13.580922,0.595606,-1293.861938,0.060593,0.000000
39.370003,59.942284,-1293.817383,-0.000733,0.002345,0.059561,266.636597,13.583116,0.595606,-1293.817383,0.060602,0.000000
39.380001,59.953087,-1293.906372,-0.000750,0.002345,0.059561,266.684662,13.585564,0.595606,-1293.906372,0.060619,0.000000
39.390003,59.931862,-1293.817383,-0.000750,0.002345,0.059561,266.590240,13.580754,0.595606,-1293.817383,0.060637,0.000000
39.400002,59.908768,-1293.817383,-0.000742,0.002346,0.059579,266.487518,13.575521,0.595788,-1293.817383,0.060654,0.000000
39.410004,59.897224,-1293.906372,-0.000746,0.002347,0.059605,266.436157,13.572905,0.596045,-1293.906372,0.060670,0.000000
39.420002,59.898720,-1293.772949,-0.000742,0.002348,0.059630,266.442810,13.573244,0.596303,-1293.772949,0.060689,0.000000
39.430000,59.942284,-1293.861938,-0.000737,0.002349,0.059656,266.636597,13.583116,0.596560,-1293.861938,0.060705,0.000000
39.440002,59.989952,-1293.817383,-0.000755,0.002349,0.059656,266.848633,13.593918,0.596560,-1293.817383,0.060723,0.000000
39.450001,60.005959,-1293.772949,-0.000733,0.002349,0.059665,266.919830,13.597545,0.596651,-1293.772949,0.060740,0.000000
39.460003,60.017502,-1293.861938,-0.000742,0.002350,0.059682,266.971191,13.600160,0.596817,-1293.861938,0.060758,0.000000
39.470001,60.025322,-1293.817383,-0.000746,0.002350,0.059700,267.005981,13.601933,0.596999,-1293.817383,0.060775,0.000000
39.480003,60.045059,-1293.861938,-0.000733,0.002351,0.059726,267.093750,13.606405,0.597256,-1293.861938,0.060793,0.000000
39.490002,60.062187,-1293.817383,-0.000742,0.002352,0.059751,267.169952,13.610286,0.597514,-1293.817383,0.060801,0.000000
39.500000,60.128845,-1293.772949,-0.000737,0.002353,0.059770,267.466461,13.625391,0.597695,-1293.772949,0.060819,0.000000
39.510002,60.183212,-1293.906372,-0.000746,0.002354,0.059795,267.708313,13.637711,0.597953,-1293.906372,0.060835,0.000000
39.520000,60.207787,-1293.817383,-0.000737,0.002355,0.059812,267.817596,13.643280,0.598119,-1293.817383,0.060854,0.000000
39.530003,60.271088,-1293.772949,-0.000733,0.002356,0.059830,268.099182,13.657623,0.598301,-1293.772949,0.060870,0.000000
39.540001,60.303116,-1293.772949,-0.000742,0.002356,0.059839,268.241669,13.664882,0.598392,-1293.772949,0.060888,0.000000
39.550003,60.329178,-1293.728516,-0.000733,0.002356,0.059847,268.357574,13.670788,0.598468,-1293.728516,0.060905,0.000000
39.560001,60.338860,-1293.861938,-0.000729,0.002357,0.059856,268.400665,13.672980,0.598558,-1293.861938,0.060923,0.000000
39.570004,60.337372,-1293.772949,-0.000724,0.002357,0.059865,268.394043,13.672644,0.598649,-1293.772949,0.060940,0.000000
39.580002,60.350403,-1293.817383,-0.000746,0.002357,0.059865,268.451996,13.675597,0.598649,-1293.817383,0.060956,0.000000
39.590000,60.342216,-1293.817383,-0.000737,0.002357,0.059865,268.415588,13.673741,0.598649,-1293.817383,0.060975,0.000000
39.600002,60.332161,-1293.861938,-0.000729,0.002357,0.059865,268.370850,13.671463,0.598649,-1293.861938,0.060991,0.000000
39.610001,60.299393,-1293.906372,-0.000742,0.002357,0.059865,268.225098,13.664038,0.598649,-1293.906372,0.061009,0.000000
39.620003,60.265129,-1293.817383,-0.000724,0.002357,0.059872,268.072693,13.656274,0.598725,-1293.817383,0.061019,0.000000
39.630001,60.250984,-1293.861938,-0.000746,0.002357,0.059872,268.009766,13.653068,0.598725,-1293.861938,0.061035,0.000000
39.640003,60.232735,-1293.861938,-0.000746,0.002357,0.059872,267.928589,13.648932,0.598725,-1293.861938,0.061053,0.000000
39.650002,60.197357,-1293.772949,-0.000737,0.002357,0.059872,267.771210,13.640916,0.598725,-1293.772949,0.061070,0.000000
39.660004,60.167198,-1293.906372,-0.000724,0.002357,0.059872,267.637054,13.634083,0.598725,-1293.906372,0.061087,0.000000
39.670002,60.143738,-1293.817383,-0.000737,0.002357,0.059872,267.532715,13.628766,0.598725,-1293.817383,0.061105,0.000000
39.680000,60.096077,-1293.817383,-0.000720,0.002357,0.059872,267.320709,13.617966,0.598725,-1293.817383,0.061122,0.000000
39.690002,60.052505,-1293.817383,-0.000724,0.002357,0.059872,267.126892,13.608092,0.598725,-1293.817383,0.061140,0.000000
39.700001,60.011177,-1293.817383,-0.000720,0.002357,0.059872,266.943054,13.598727,0.598725,-1293.817383,0.061156,0.000000
39.710003,59.984360,-1293.861938,-0.000733,0.002357,0.059872,266.823761,13.592650,0.598725,-1293.861938,0.061175,0.000000
39.720001,59.967979,-1293.772949,-0.000733,0.002357,0.059872,266.750885,13.588938,0.598725,-1293.772949,0.061191,0.000000
39.730003,59.939674,-1293.861938,-0.000742,0.002357,0.059872,266.625000,13.582524,0.598725,-1293.861938,0.061209,0.000000
39.740002,59.896111,-1293.772949,-0.000733,0.002357,0.059872,266.431213,13.572653,0.598725,-1293.772949,0.061226,0.000000
39.750000,59.855522,-1293.817383,-0.000729,0.002359,0.059925,266.250671,13.563455,0.599255,-1293.817383,0.061235,0.000000
39.760002,59.854408,-1293.861938,-0.000729,0.002363,0.060030,266.245697,13.563203,0.600299,-1293.861938,0.061252,0.000000
39.770000,60.035751,-1293.728516,-0.000720,0.002367,0.060116,267.052368,13.604296,0.601162,-1293.728516,0.061270,0.000000
39.780003,60.303856,-1293.861938,-0.000711,0.002371,0.060212,268.244934,13.665049,0.602116,-1293.861938,0.061287,0.000000
39.790001,60.597290,-1293.861938,-0.000729,0.002374,0.060298,269.550201,13.731542,0.602979,-1293.861938,0.061305,0.000000
39.800003,60.917526,-1293.861938,-0.000724,0.002377,0.060377,270.974701,13.804109,0.603766,-1293.861938,0.061321,0.000000
39.810001,61.231812,-1293.817383,-0.000720,0.002379,0.060419,272.372711,13.875327,0.604190,-1293.817383,0.061340,0.000000
39.820004,61.451141,-1293.817383,-0.000729,0.002379,0.060437,273.348328,13.925027,0.604372,-1293.817383,0.061356,0.000000
39.830002,61.569550,-1293.861938,-0.000720,0.002380,0.060454,273.875031,13.951859,0.604539,-1293.861938,0.061373,0.000000
39.840000,61.658920,-1293.817383,-0.000716,0.002381,0.060472,274.272583,13.972111,0.604720,-1293.817383,0.061391,0.000000
39.850002,61.714409,-1293.772949,-0.000716,0.002381,0.060472,274.519409,13.984685,0.604720,-1293.772949,0.061408,0.000000
39.860001,61.736000,-1293.861938,-0.000716,0.002381,0.060480,274.615448,13.989577,0.604796,-1293.861938,0.061426,0.000000
39.870003,61.750153,-1293.817383,-0.000724,0.002381,0.060489,274.678406,13.992785,0.604887,-1293.817383,0.061442,0.000000
39.880001,61.763557,-1293.861938,-0.000711,0.002382,0.060498,274.738037,13.995822,0.604978,-1293.861938,0.061452,0.000000
39.890003,61.760208,-1293.772949,-0.000720,0.002382,0.060498,274.723114,13.995063,0.604978,-1293.772949,0.061468,0.000000
39.900002,61.756485,-1293.817383,-0.000716,0.002383,0.060523,274.706573,13.994220,0.605235,-1293.817383,0.061486,0.000000
39.910004,61.762817,-1293.772949,-0.000711,0.002384,0.060542,274.734741,13.995655,0.605417,-1293.772949,0.061503,0.000000
39.920002,61.795586,-1293.772949,-0.000720,0.002384,0.060558,274.880493,14.003079,0.605583,-1293.772949,0.061521,0.000000
39.930000,61.824997,-1293.817383,-0.000720,0.002385,0.060575,275.011322,14.009745,0.605750,-1293.817383,0.061538,0.000000
39.940002,61.851814,-1293.861938,-0.000720,0.002385,0.060584,275.130615,14.015821,0.605841,-1293.861938,0.061556,0.000000
39.950001,61.869308,-1293.772949,-0.000711,0.002385,0.060584,275.208435,14.019786,0.605841,-1293.772949,0.061573,0.000000
39.960003,61.860748,-1293.817383,-0.000707,0.002385,0.060584,275.170349,14.017846,0.605841,-1293.817383,0.061591,0.000000
39.970001,61.860748,-1293.817383,-0.000707,0.002386,0.060610,275.170349,14.017846,0.606098,-1293.817383,0.061607,0.000000
39.980003,61.861122,-1293.861938,-0.000703,0.002388,0.060663,275.172028,14.017930,0.606628,-1293.861938,0.061626,0.000000
39.990002,61.922188,-1293.817383,-0.000724,0.002390,0.060698,275.443634,14.031769,0.606976,-1293.817383,0.061642,0.000000
40.000000,62.036507,-1293.772949,-0.000703,0.002390,0.060698,275.952148,14.057673,0.606976,-1293.772949,0.061659,0.000000
40.010002,62.068161,-1293.861938,-0.000707,0.002390,0.060698,276.092957,14.064847,0.606976,-1293.861938,0.061668,0.000000
40.020000,62.075607,-1293.817383,-0.000707,0.002390,0.060698,276.126099,14.066533,0.606976,-1293.817383,0.061686,0.000000
40.030003,62.057358,-1293.906372,-0.000716,0.002390,0.060714,276.044922,14.062398,0.607143,-1293.906372,0.061703,0.000000
40.040001,62.044327,-1293.772949,-0.000716,0.002392,0.060758,275.986938,14.059445,0.607582,-1293.772949,0.061721,0.000000
40.050003,62.089386,-1293.817383,-0.000698,0.002393,0.060793,276.187378,14.069655,0.607930,-1293.817383,0.061738,0.000000
40.060001,62.168327,-1293.772949,-0.000694,0.002394,0.060801,276.538544,14.087544,0.608006,-1293.772949,0.061754,0.000000
40.070004,62.239822,-1293.817383,-0.000711,0.002394,0.060801,276.856567,14.103745,0.608006,-1293.817383,0.061773,0.000000
40.080002,62.244293,-1293.861938,-0.000698,0.002394,0.060801,276.876434,14.104758,0.608006,-1293.861938,0.061789,0.000000
40.090000,62.229393,-1293.772949,-0.000707,0.002394,0.060810,276.810150,14.101382,0.608096,-1293.772949,0.061807,0.000000
40.100002,62.219711,-1293.817383,-0.000711,0.002395,0.060828,276.767090,14.099188,0.608278,-1293.817383,0.061824,0.000000
40.110001,62.217484,-1293.906372,-0.000716,0.002395,0.060828,276.757202,14.098682,0.608278,-1293.906372,0.061842,0.000000
40.120003,62.224182,-1293.861938,-0.000707,0.002395,0.060828,276.786987,14.100201,0.608278,-1293.861938,0.061859,0.000000
40.130001,62.208916,-1293.861938,-0.000694,0.002395,0.060828,276.719086,14.096742,0.608278,-1293.861938,0.061868,0.000000
40.140003,62.173912,-1293.817383,-0.000703,0.002395,0.060828,276.563385,14.088810,0.608278,-1293.817383,0.061885,0.000000
40.150002,62.140770,-1293.728516,-0.000716,0.002395,0.060828,276.415955,14.081300,0.608278,-1293.728516,0.061903,0.000000
40.160004,62.114708,-1293.861938,-0.000711,0.002395,0.060835,276.300018,14.075394,0.608354,-1293.861938,0.061919,0.000000
40.170002,62.099442,-1293.772949,-0.000694,0.002395,0.060835,276.232117,14.071934,0.608354,-1293.772949,0.061938,0.000000
40.180000,62.077095,-1293.861938,-0.000698,0.002395,0.060835,276.132721,14.066872,0.608354,-1293.861938,0.061954,0.000000
40.190002,62.056618,-1293.772949,-0.000698,0.002395,0.060844,276.041626,14.062230,0.608445,-1293.772949,0.061972,0.000000
40.200001,62.014168,-1293.817383,-0.000703,0.002396,0.060861,275.852783,14.052611,0.608611,-1293.817383,0.061989,0.000000
40.210003,62.001503,-1293.772949,-0.000716,0.002396,0.060870,275.796448,14.049741,0.608702,-1293.772949,0.062007,0.000000
40.220001,62.011185,-1293.861938,-0.000703,0.002396,0.060870,275.839539,14.051935,0.608702,-1293.861938,0.062024,0.000000
40.230003,61.991081,-1293.817383,-0.000707,0.002396,0.060870,275.750092,14.047379,0.608702,-1293.817383,0.062042,0.000000
40.240002,61.975441,-1293.817383,-0.000694,0.002396,0.060870,275.680542,14.043836,0.608702,-1293.817383,0.062059,0.000000
40.250004,61.943413,-1293.772949,-0.000703,0.002396,0.060870,275.538055,14.036578,0.608702,-1293.772949,0.062075,0.000000
40.260002,61.910645,-1293.861938,-0.000703,0.002396,0.060870,275.392303,14.029152,0.608702,-1293.861938,0.062084,0.000000
40.270000,61.871544,-1293.772949,-0.000694,0.002396,0.060870,275.218384,14.020292,0.608702,-1293.772949,0.062103,0.000000
40.280003,61.832817,-1293.906372,-0.000707,0.002396,0.060870,275.046112,14.011517,0.608702,-1293.906372,0.062119,0.000000
40.290001,61.807129,-1293.772949,-0.000698,0.002397,0.060888,274.931854,14.005695,0.608884,-1293.772949,0.062137,0.000000
40.300003,61.778450,-1293.861938,-0.000694,0.002397,0.060896,274.804260,13.999197,0.608959,-1293.861938,0.062154,0.000000
40.310001,61.758720,-1293.906372,-0.000707,0.002398,0.060905,274.716522,13.994726,0.609050,-1293.906372,0.062171,0.000000
40.320004,61.744568,-1293.817383,-0.000681,0.002398,0.060905,274.653564,13.991520,0.609050,-1293.817383,0.062189,0.000000
40.330002,61.715897,-1293.861938,-0.000698,0.002399,0.060923,274.526031,13.985022,0.609232,-1293.861938,0.062206,0.000000
40.340000,61.699135,-1293.817383,-0.000698,0.002400,0.060956,274.451447,13.981224,0.609565,-1293.817383,0.062224,0.000000
40.350002,61.721107,-1293.861938,-0.000686,0.002401,0.060984,274.549194,13.986203,0.609837,-1293.861938,0.062240,0.000000
40.360001,61.773239,-1293.861938,-0.000698,0.002402,0.061000,274.781097,13.998016,0.610004,-1293.861938,0.062258,0.000000
40.370003,61.792976,-1293.728516,-0.000686,0.002402,0.061019,274.868896,14.002489,0.610186,-1293.728516,0.062275,0.000000
40.380001,61.839897,-1293.817383,-0.000694,0.002402,0.061019,275.077606,14.013121,0.610186,-1293.817383,0.062293,0.000000
40.390003,61.860001,-1293.772949,-0.000698,0.002402,0.061019,275.167023,14.017676,0.610186,-1293.772949,0.062301,0.000000
40.400002,61.840637,-1293.861938,-0.000694,0.002402,0.061019,275.080902,14.013288,0.610186,-1293.861938,0.062319,0.000000
40.410004,61.816063,-1293.817383,-0.000711,0.002402,0.061019,274.971588,14.007720,0.610186,-1293.817383,0.062336,0.000000
40.420002,61.800423,-1293.817383,-0.000681,0.002402,0.061019,274.902008,14.004176,0.610186,-1293.817383,0.062354,0.000000
40.430000,61.787392,-1293.817383,-0.000694,0.002403,0.061026,274.844055,14.001224,0.610261,-1293.817383,0.062371,0.000000
40.440002,61.754250,-1293.817383,-0.000690,0.002404,0.061061,274.696625,13.993712,0.610610,-1293.817383,0.062389,0.000000
40.450001,61.746056,-1293.772949,-0.000681,0.002407,0.061131,274.660187,13.991857,0.611306,-1293.772949,0.062405,0.000000
40.460003,61.830215,-1293.861938,-0.000690,0.002411,0.061235,275.034546,14.010927,0.612351,-1293.861938,0.062424,0.000000
40.470001,62.098694,-1293.772949,-0.000686,0.002415,0.061340,276.228790,14.071765,0.613395,-1293.772949,0.062440,0.000000
40.480003,62.448723,-1293.861938,-0.000698,0.002419,0.061442,277.785797,14.151083,0.614425,-1293.861938,0.062457,0.000000
40.490002,62.814766,-1293.861938,-0.000681,0.002422,0.061512,279.414032,14.234030,0.615121,-1293.861938,0.062475,0.000000
40.500004,63.125328,-1293.817383,-0.000681,0.002424,0.061573,280.795471,14.304404,0.615727,-1293.817383,0.062492,0.000000
40.510002,63.375938,-1293.817383,-0.000690,0.002426,0.061617,281.910248,14.361194,0.616166,-1293.817383,0.062510,0.000000
40.520000,63.594521,-1293.772949,-0.000690,0.002427,0.061642,282.882568,14.410724,0.616423,-1293.772949,0.062519,0.000000
40.530003,63.736015,-1293.817383,-0.000690,0.002428,0.061659,283.511963,14.442787,0.616590,-1293.817383,0.062536,0.000000
40.540001,63.813835,-1293.772949,-0.000686,0.002429,0.061686,283.858124,14.460422,0.616862,-1293.772949,0.062552,0.000000
40.550003,63.885704,-1293.817383,-0.000677,0.002429,0.061703,284.177795,14.476707,0.617029,-1293.817383,0.062570,0.000000
40.560001,63.949013,-1293.817383,-0.000668,0.002430,0.061712,284.459412,14.491054,0.617120,-1293.817383,0.062587,0.000000
40.570004,64.004494,-1293.861938,-0.000681,0.002430,0.061721,284.706207,14.503626,0.617210,-1293.861938,0.062605,0.000000
40.580002,64.019768,-1293.817383,-0.000686,0.002430,0.061729,284.774139,14.507087,0.617286,-1293.817383,0.062622,0.000000
40.590000,64.038750,-1293.772949,-0.000673,0.002431,0.061738,284.858582,14.511389,0.617377,-1293.772949,0.062640,0.000000
40.600002,64.058113,-1293.772949,-0.000668,0.002431,0.061754,284.944733,14.515776,0.617543,-1293.772949,0.062657,0.000000
40.610001,64.074501,-1293.861938,-0.000686,0.002432,0.061773,285.017609,14.519489,0.617725,-1293.861938,0.062675,0.000000
40.620003,64.100563,-1293.772949,-0.000677,0.002433,0.061789,285.133545,14.525395,0.617892,-1293.772949,0.062691,0.000000
40.630001,64.098701,-1293.817383,-0.000673,0.002433,0.061807,285.125275,14.524974,0.618073,-1293.817383,0.062710,0.000000
40.640003,64.139671,-1293.817383,-0.000694,0.002434,0.061824,285.307495,14.534257,0.618240,-1293.817383,0.062726,0.000000
40.650002,64.167961,-1293.817383,-0.000668,0.002434,0.061833,285.433350,14.540668,0.618331,-1293.817383,0.062735,0.000000
40.660004,64.198128,-1293.906372,-0.000694,0.002435,0.061842,285.567535,14.547503,0.618422,-1293.906372,0.062752,0.000000
40.670002,64.214516,-1293.817383,-0.000668,0.002435,0.061851,285.640442,14.551217,0.618512,-1293.817383,0.062770,0.000000
40.680000,64.205956,-1293.906372,-0.000677,0.002436,0.061868,285.602356,14.549277,0.618679,-1293.906372,0.062787,0.000000
40.690002,64.201485,-1293.772949,-0.000677,0.002436,0.061877,285.582458,14.548264,0.618770,-1293.772949,0.062805,0.000000
40.700001,64.223076,-1293.817383,-0.000673,0.002437,0.061894,285.678497,14.553158,0.618936,-1293.817383,0.062822,0.000000
40.710003,64.223076,-1293.861938,-0.000686,0.002437,0.061912,285.678497,14.553158,0.619118,-1293.861938,0.062840,0.000000
40.720001,64.246544,-1293.772949,-0.000677,0.002437,0.061912,285.782898,14.558475,0.619118,-1293.772949,0.062857,0.000000
40.730003,64.267387,-1293.817383,-0.000668,0.002437,0.061912,285.875610,14.563198,0.619118,-1293.817383,0.062873,0.000000
40.740002,64.252129,-1293.861938,-0.000677,0.002438,0.061919,285.807739,14.559741,0.619194,-1293.861938,0.062891,0.000000
40.750004,64.234627,-1293.861938,-0.000668,0.002438,0.061919,285.729889,14.555775,0.619194,-1293.861938,0.062908,0.000000
40.760002,64.211540,-1293.861938,-0.000673,0.002438,0.061928,285.627197,14.550543,0.619285,-1293.861938,0.062926,0.000000
40.770000,64.176537,-1293.817383,-0.000664,0.002438,0.061928,285.471497,14.542611,0.619285,-1293.817383,0.062943,0.000000
40.780003,64.164238,-1293.861938,-0.000668,0.002439,0.061947,285.416779,14.539824,0.619466,-1293.861938,0.062952,0.000000
40.790001,64.160896,-1293.772949,-0.000664,0.002439,0.061954,285.401917,14.539066,0.619542,-1293.772949,0.062969,0.000000
40.800003,64.142281,-1293.861938,-0.000655,0.002441,0.061998,285.319122,14.534849,0.619981,-1293.861938,0.062987,0.000000
40.810001,64.169823,-1293.906372,-0.000673,0.002443,0.062042,285.441620,14.541089,0.620420,-1293.906372,0.063003,0.000000
40.820004,64.274467,-1293.817383,-0.000673,0.002444,0.062068,285.907104,14.564802,0.620677,-1293.817383,0.063022,0.000000
40.830002,64.356758,-1293.817383,-0.000673,0.002444,0.062075,286.273163,14.583450,0.620753,-1293.817383,0.063038,0.000000
40.840000,64.386543,-1293.772949,-0.000677,0.002444,0.062075,286.405640,14.590199,0.620753,-1293.772949,0.063056,0.000000
40.850002,64.382820,-1293.861938,-0.000660,0.002444,0.062075,286.389099,14.589355,0.620753,-1293.861938,0.063073,0.000000
40.860001,64.364204,-1293.906372,-0.000655,0.002444,0.062075,286.306274,14.585137,0.620753,-1293.906372,0.063091,0.000000
40.870003,64.347084,-1293.817383,-0.000655,0.002444,0.062075,286.230133,14.581258,0.620753,-1293.817383,0.063108,0.000000
40.880001,64.320274,-1293.861938,-0.000660,0.002444,0.062075,286.110870,14.575182,0.620753,-1293.861938,0.063126,0.000000
40.890003,64.306496,-1293.817383,-0.000681,0.002444,0.062084,286.049591,14.572061,0.620844,-1293.817383,0.063143,0.000000
40.900002,64.276329,-1293.817383,-0.000647,0.002444,0.062084,285.915405,14.565225,0.620844,-1293.817383,0.063152,0.000000
40.910004,64.259193,-1293.817383,-0.000655,0.002445,0.062093,285.839172,14.561341,0.620935,-1293.817383,0.063168,0.000000
40.920002,64.223824,-1293.861938,-0.000673,0.002446,0.062128,285.681824,14.553327,0.621283,-1293.861938,0.063187,0.000000
40.930000,64.217491,-1293.817383,-0.000668,0.002448,0.062189,285.653656,14.551892,0.621889,-1293.817383,0.063203,0.000000
40.940002,64.297188,-1293.817383,-0.000668,0.002450,0.062224,286.008179,14.569951,0.622237,-1293.817383,0.063221,0.000000
40.950001,64.409630,-1293.817383,-0.000642,0.002451,0.062249,286.508331,14.595431,0.622494,-1293.817383,0.063238,0.000000
40.960003,64.516884,-1293.861938,-0.000664,0.002452,0.062275,286.985443,14.619735,0.622751,-1293.861938,0.063255,0.000000
40.970001,64.595818,-1293.772949,-0.000651,0.002453,0.062301,287.336548,14.637621,0.623009,-1293.772949,0.063273,0.000000
40.980003,64.662849,-1293.906372,-0.000673,0.002454,0.062328,287.634705,14.652811,0.623281,-1293.906372,0.063290,0.000000
40.990002,64.723549,-1293.817383,-0.000668,0.002455,0.062345,287.904724,14.666566,0.623448,-1293.817383,0.063308,0.000000
41.000004,64.769356,-1293.861938,-0.000638,0.002455,0.062361,288.108490,14.676946,0.623614,-1293.861938,0.063324,0.000000
41.010002,64.806221,-1293.861938,-0.000655,0.002456,0.062380,288.272461,14.685300,0.623796,-1293.861938,0.063342,0.000000
41.020000,64.852013,-1293.728516,-0.000655,0.002456,0.062389,288.476166,14.695676,0.623887,-1293.728516,0.063359,0.000000
41.030003,64.885902,-1293.861938,-0.000660,0.002457,0.062414,288.626923,14.703356,0.624144,-1293.861938,0.063368,0.000000
41.040001,64.914207,-1293.772949,-0.000655,0.002458,0.062440,288.752808,14.709770,0.624402,-1293.772949,0.063385,0.000000
41.050003,64.981606,-1293.817383,-0.000660,0.002459,0.062449,289.052612,14.725042,0.624493,-1293.817383,0.063403,0.000000
41.060001,65.013618,-1293.861938,-0.000673,0.002460,0.062475,289.195007,14.732296,0.624750,-1293.861938,0.063420,0.000000
41.070004,65.039314,-1293.728516,-0.000651,0.002460,0.062484,289.309326,14.738119,0.624841,-1293.728516,0.063438,0.000000
41.080002,65.062782,-1293.861938,-0.000647,0.002460,0.062492,289.413696,14.743437,0.624916,-1293.861938,0.063455,0.000000
41.090000,65.094063,-1293.817383,-0.000664,0.002460,0.062492,289.552856,14.750525,0.624916,-1293.817383,0.063473,0.000000
41.100002,65.092201,-1293.861938,-0.000651,0.002461,0.062501,289.544586,14.750103,0.625007,-1293.861938,0.063489,0.000000
41.110001,65.082146,-1293.817383,-0.000651,0.002461,0.062510,289.499847,14.747825,0.625098,-1293.817383,0.063508,0.000000
41.120003,65.071709,-1293.772949,-0.000647,0.002462,0.062526,289.453430,14.745460,0.625265,-1293.772949,0.063524,0.000000
41.130001,65.072456,-1293.817383,-0.000664,0.002462,0.062545,289.456757,14.745629,0.625446,-1293.817383,0.063541,0.000000
41.140003,65.090706,-1293.772949,-0.000647,0.002463,0.062561,289.537933,14.749764,0.625613,-1293.772949,0.063559,0.000000
41.150002,65.113045,-1293.817383,-0.000651,0.002464,0.062587,289.637299,14.754827,0.625870,-1293.817383,0.063576,0.000000
41.160004,65.162209,-1293.906372,-0.000655,0.002465,0.062605,289.855988,14.765968,0.626052,-1293.906372,0.063585,0.000000
41.170002,65.198692,-1293.772949,-0.000655,0.002466,0.062631,290.018280,14.774235,0.626309,-1293.772949,0.063603,0.000000
41.180000,65.252693,-1293.817383,-0.000638,0.002466,0.062648,290.258484,14.786471,0.626476,-1293.817383,0.063620,0.000000
41.190002,65.286949,-1293.817383,-0.000660,0.002467,0.062666,290.410858,14.794234,0.626657,-1293.817383,0.063638,0.000000
41.200001,65.311897,-1293.861938,-0.000638,0.002468,0.062682,290.521820,14.799888,0.626824,-1293.861938,0.063654,0.000000
41.210003,65.336845,-1293.861938,-0.000660,0.002468,0.062691,290.632812,14.805541,0.626915,-1293.861938,0.063671,0.000000
41.220001,65.365517,-1293.772949,-0.000651,0.002469,0.062701,290.760345,14.812038,0.627006,-1293.772949,0.063689,0.000000
41.230003,65.385994,-1293.817383,-0.000634,0.002469,0.062710,290.851440,14.816678,0.627097,-1293.817383,0.063706,0.000000
41.240002,65.400887,-1293.772949,-0.000642,0.002469,0.062717,290.917664,14.820053,0.627172,-1293.772949,0.063724,0.000000
41.250004,65.409462,-1293.817383,-0.000651,0.002470,0.062744,290.955811,14.821997,0.627445,-1293.817383,0.063741,0.000000
41.260002,65.425102,-1293.772949,-0.000638,0.002471,0.062761,291.025391,14.825541,0.627611,-1293.772949,0.063759,0.000000
41.270000,65.461586,-1293.772949,-0.000638,0.002471,0.062770,291.187683,14.833807,0.627702,-1293.772949,0.063775,0.000000
41.280003,65.466423,-1293.861938,-0.000642,0.002472,0.062778,291.209198,14.834903,0.627778,-1293.861938,0.063794,0.000000
41.290001,65.467918,-1293.861938,-0.000638,0.002472,0.062787,291.215851,14.835242,0.627869,-1293.861938,0.063801,0.000000
41.300003,65.483925,-1293.772949,-0.000655,0.002472,0.062796,291.287048,14.838870,0.627959,-1293.772949,0.063819,0.000000
41.310001,65.490257,-1293.817383,-0.000642,0.002474,0.062831,291.315216,14.840305,0.628308,-1293.817383,0.063836,0.000000
41.320004,65.516335,-1293.817383,-0.000642,0.002475,0.062857,291.431213,14.846213,0.628565,-1293.817383,0.063854,0.000000
41.330002,65.584099,-1293.817383,-0.000638,0.002475,0.062866,291.732635,14.861569,0.628656,-1293.817383,0.063871,0.000000
41.340000,65.630272,-1293.817383,-0.000642,0.002476,0.062882,291.938019,14.872032,0.628822,-1293.817383,0.063889,0.000000
41.350002,65.628792,-1293.861938,-0.000625,0.002476,0.062882,291.931458,14.871696,0.628822,-1293.861938,0.063906,0.000000
41.360001,65.632515,-1293.861938,-0.000642,0.002476,0.062882,291.947998,14.872540,0.628822,-1293.861938,0.063924,0.000000
41.370003,65.639214,-1293.728516,-0.000638,0.002476,0.062882,291.977814,14.874058,0.628822,-1293.728516,0.063941,0.000000
41.380001,65.625801,-1293.861938,-0.000651,0.002476,0.062900,291.918152,14.871019,0.629004,-1293.861938,0.063957,0.000000
41.390003,65.616875,-1293.772949,-0.000638,0.002477,0.062917,291.878448,14.868996,0.629171,-1293.772949,0.063975,0.000000
41.400002,65.626183,-1293.861938,-0.000634,0.002478,0.062935,291.919830,14.871106,0.629352,-1293.861938,0.063992,0.000000
41.410004,65.647774,-1293.817383,-0.000634,0.002478,0.062952,292.015869,14.875998,0.629519,-1293.817383,0.064010,0.000000
41.420002,65.658577,-1293.861938,-0.000634,0.002479,0.062961,292.063934,14.878446,0.629610,-1293.861938,0.064019,0.000000
41.430000,65.677193,-1293.817383,-0.000642,0.002479,0.062969,292.146759,14.882665,0.629685,-1293.817383,0.064036,0.000000
41.440002,65.680168,-1293.817383,-0.000634,0.002480,0.062996,292.159973,14.883339,0.629958,-1293.817383,0.064053,0.000000
41.450001,65.705864,-1293.772949,-0.000638,0.002481,0.063022,292.274292,14.889161,0.630215,-1293.772949,0.064071,0.000000
41.460003,65.749809,-1293.817383,-0.000647,0.002482,0.063047,292.469757,14.899120,0.630473,-1293.817383,0.064087,0.000000
41.470001,65.804543,-1293.772949,-0.000625,0.002483,0.063056,292.713226,14.911522,0.630563,-1293.772949,0.064106,0.000000
41.480003,65.837685,-1293.906372,-0.000629,0.002483,0.063064,292.860657,14.919033,0.630639,-1293.906372,0.064122,0.000000
41.490002,65.856682,-1293.817383,-0.000634,0.002483,0.063073,292.945160,14.923338,0.630730,-1293.817383,0.064140,0.000000
41.500004,65.877525,-1293.817383,-0.000625,0.002484,0.063091,293.037872,14.928061,0.630912,-1293.817383,0.064157,0.000000
41.510002,65.890938,-1293.817383,-0.000625,0.002485,0.063108,293.097534,14.931100,0.631078,-1293.817383,0.064175,0.000000
41.520000,65.906944,-1293.683960,-0.000625,0.002485,0.063126,293.168732,14.934727,0.631260,-1293.683960,0.064192,0.000000
41.530003,65.925560,-1293.906372,-0.000621,0.002486,0.063143,293.251526,14.938946,0.631426,-1293.906372,0.064210,0.000000
41.540001,65.964668,-1293.772949,-0.000634,0.002487,0.063168,293.425507,14.947807,0.631684,-1293.772949,0.064218,0.000000
41.550003,66.007866,-1293.817383,-0.000621,0.002488,0.063194,293.617645,14.957596,0.631941,-1293.817383,0.064236,0.000000
41.560001,66.050316,-1293.861938,-0.000625,0.002489,0.063212,293.806488,14.967216,0.632123,-1293.861938,0.064252,0.000000
41.570004,66.106163,-1293.772949,-0.000621,0.002489,0.063221,294.054901,14.979871,0.632214,-1293.772949,0.064271,0.000000
41.580002,66.143410,-1293.817383,-0.000621,0.002489,0.063229,294.220581,14.988311,0.632289,-1293.817383,0.064287,0.000000
41.590000,66.176918,-1293.817383,-0.000621,0.002490,0.063247,294.369629,14.995904,0.632471,-1293.817383,0.064305,0.000000
41.600002,66.180275,-1293.861938,-0.000634,0.002491,0.063282,294.384552,14.996665,0.632819,-1293.861938,0.064322,0.000000
41.610001,66.209312,-1293.817383,-0.000625,0.002492,0.063308,294.513733,15.003245,0.633077,-1293.817383,0.064339,0.000000
41.620003,66.300545,-1293.772949,-0.000625,0.002491,0.063282,294.919556,15.023918,0.632819,-1293.772949,0.064348,0.000000
41.630001,66.377251,-1293.861938,-0.000617,0.002488,0.063194,295.260742,15.041300,0.631941,-1293.861938,0.063317,0.000000
41.640003,66.335548,-1293.817383,-0.000617,0.002486,0.063143,295.075256,15.031850,0.631426,-1293.817383,0.063317,0.000000
41.650002,66.289375,-1293.772949,-0.000612,0.002485,0.063108,294.869873,15.021387,0.631078,-1293.772949,0.063317,0.000000
41.660004,66.223457,-1293.906372,-0.000617,0.002484,0.063099,294.576660,15.006450,0.630987,-1293.906372,0.063317,0.000000
41.670002,66.122185,-1293.817383,-0.000612,0.002484,0.063099,294.126160,14.983501,0.630987,-1293.817383,0.063317,0.000000
41.680000,66.081215,-1293.861938,-0.000612,0.002484,0.063099,293.943939,14.974217,0.630987,-1293.861938,0.063317,0.000000
41.690002,66.032814,-1293.861938,-0.000634,0.002484,0.063099,293.728638,14.963250,0.630987,-1293.861938,0.063317,0.000000
41.700001,65.998558,-1293.772949,-0.000621,0.002484,0.063099,293.576263,14.955487,0.630987,-1293.772949,0.063317,0.000000
41.710003,65.940834,-1293.861938,-0.000625,0.002484,0.063099,293.319489,14.942407,0.630987,-1293.861938,0.063317,0.000000
41.720001,65.897270,-1293.728516,-0.000608,0.002484,0.063099,293.125702,14.932535,0.630987,-1293.728516,0.063317,0.000000
41.730003,65.859657,-1293.950806,-0.000621,0.002484,0.063099,292.958374,14.924011,0.630987,-1293.950806,0.063317,0.000000
41.740002,65.810127,-1293.817383,-0.000617,0.002484,0.063099,292.738068,14.912787,0.630987,-1293.817383,0.063317,0.000000
41.750004,65.780708,-1293.861938,-0.000604,0.002484,0.063099,292.607208,14.906121,0.630987,-1293.861938,0.063317,0.000000
41.760002,65.737144,-1293.772949,-0.000629,0.002484,0.063099,292.413422,14.896250,0.630987,-1293.772949,0.063317,0.000000
41.770000,65.685020,-1293.728516,-0.000612,0.002484,0.063099,292.181549,14.884439,0.630987,-1293.728516,0.063317,0.000000
41.780003,65.641823,-1293.906372,-0.000604,0.002484,0.063099,291.989410,14.874649,0.630987,-1293.906372,0.063317,0.000000
41.790001,65.594902,-1293.772949,-0.000612,0.002484,0.063099,291.780701,14.864017,0.630987,-1293.772949,0.063317,0.000000
41.800003,65.565849,-1293.861938,-0.000612,0.002484,0.063099,291.651459,14.857434,0.630987,-1293.861938,0.063317,0.000000
41.810001,65.512611,-1293.861938,-0.000621,0.002484,0.063099,291.414642,14.845369,0.630987,-1293.861938,0.011088,0.000000
41.820004,65.492500,-1293.772949,-0.000621,0.002484,0.063099,291.325195,14.840813,0.630987,-1293.772949,0.011088,0.000000
41.830002,65.436638,-1293.861938,-0.000621,0.002484,0.063099,291.076691,14.828155,0.630987,-1293.861938,0.011088,0.000000
41.840000,65.398659,-1293.772949,-0.000608,0.002484,0.063099,290.907776,14.819548,0.630987,-1293.772949,0.011088,0.000000
41.850002,65.360680,-1293.861938,-0.000604,0.002484,0.063099,290.738831,14.810942,0.630987,-1293.861938,0.011088,0.000000
41.860001,65.312263,-1293.906372,-0.000608,0.002484,0.063099,290.523468,14.799971,0.630987,-1293.906372,0.011088,0.000000
41.870003,65.285454,-1293.772949,-0.000608,0.002484,0.063099,290.404205,14.793895,0.630987,-1293.772949,0.011088,0.000000
41.880001,65.250084,-1293.817383,-0.000612,0.002484,0.063099,290.246857,14.785880,0.630987,-1293.817383,0.011088,0.000000
41.890003,65.198692,-1293.772949,-0.000621,0.002484,0.063099,290.018280,14.774235,0.630987,-1293.772949,0.011088,0.000000
41.900002,65.167046,-1293.772949,-0.000612,0.002484,0.063099,289.877502,14.767064,0.630987,-1293.772949,0.011088,0.000000
41.910004,65.121620,-1293.817383,-0.000629,0.002484,0.063099,289.675446,14.756769,0.630987,-1293.817383,0.011088,0.000000
41.920002,65.076561,-1293.817383,-0.000604,0.002484,0.063099,289.475006,14.746559,0.630987,-1293.817383,0.011088,0.000000
41.930000,65.049004,-1293.861938,-0.000604,0.002484,0.063099,289.352417,14.740315,0.630987,-1293.861938,0.011088,0.000000
41.940002,65.018089,-1293.817383,-0.000612,0.002484,0.063099,289.214905,14.733310,0.630987,-1293.817383,289.238129,0.000000
41.950001,65.011024,-1293.772949,-0.000604,0.002484,0.063091,289.183472,14.731709,0.630912,-1293.772949,289.238129,0.000000
41.960003,65.014748,-1293.861938,-0.000608,0.002484,0.063091,289.200043,14.732553,0.630912,-1293.861938,289.238129,0.000000
41.970001,64.963356,-1293.772949,-0.000608,0.002484,0.063082,288.971436,14.720907,0.630821,-1293.772949,289.238129,0.000000
41.980003,64.928352,-1293.817383,-0.000612,0.002484,0.063082,288.815735,14.712975,0.630821,-1293.817383,289.238129,0.000000
41.990002,64.894096,-1293.728516,-0.000608,0.002485,0.063117,288.663361,14.705213,0.631169,-1293.728516,294.500488,0.000000
42.000004,64.841591,-1293.772949,-0.000604,0.002490,0.063255,288.429810,14.693315,0.632547,-1293.772949,294.500488,0.000000
42.010002,64.840843,-1293.817383,-0.000599,0.002497,0.063420,288.426483,14.693146,0.634197,-1293.817383,294.500488,0.000000
42.020000,65.105598,-1293.861938,-0.000617,0.002504,0.063594,289.604156,14.753139,0.635938,-1293.861938,294.500488,0.000000
42.030003,65.639580,-1293.861938,-0.000604,0.002508,0.063698,291.979431,14.874141,0.636983,-1293.861938,294.500488,0.000000
42.040001,66.139687,-1293.772949,-0.000608,0.002506,0.063645,294.204010,14.987468,0.636453,-1293.772949,294.500488,0.000000
42.050003,66.285652,-1293.817383,-0.000595,0.002502,0.063550,294.853302,15.020544,0.635499,-1293.817383,294.500488,0.000000
42.060001,66.246544,-1293.772949,-0.000604,0.002499,0.063480,294.679352,15.011682,0.634803,-1293.772949,294.500488,0.000000
42.070004,66.205589,-1293.817383,-0.000591,0.002498,0.063438,294.497162,15.002400,0.634379,-1293.817383,294.500488,0.000000
42.080002,66.154579,-1293.861938,-0.000599,0.002497,0.063420,294.270264,14.990842,0.634197,-1293.861938,294.500488,0.000000
42.090000,66.110268,-1293.817383,-0.000599,0.002497,0.063420,294.073151,14.980801,0.634197,-1293.817383,294.500488,0.000000
42.100002,66.065956,-1293.817383,-0.000599,0.002497,0.063420,293.876038,14.970759,0.634197,-1293.817383,294.500488,0.000000
42.110001,66.029457,-1293.772949,-0.000595,0.002497,0.063412,293.713684,14.962488,0.634121,-1293.772949,294.500488,0.000000
42.120003,65.987755,-1293.772949,-0.000595,0.002497,0.063412,293.528198,14.953038,0.634121,-1293.772949,294.500488,0.000000
42.130001,65.945305,-1293.861938,-0.000586,0.002497,0.063412,293.339355,14.943420,0.634121,-1293.861938,294.500488,0.000000
42.140003,65.871193,-1293.772949,-0.000608,0.002497,0.063412,293.009705,14.926626,0.634121,-1293.772949,294.500488,0.000000
42.150002,65.842522,-1293.861938,-0.000591,0.002497,0.063412,292.882172,14.920129,0.634121,-1293.861938,294.500488,0.000000
42.160004,65.840660,-1293.861938,-0.000599,0.002497,0.063412,292.873871,14.919706,0.634121,-1293.861938,294.500488,0.000000
42.170002,65.822792,-1293.817383,-0.000604,0.002497,0.063412,292.794403,14.915658,0.634121,-1293.817383,294.500488,0.000000
42.180000,65.781456,-1293.817383,-0.000595,0.002497,0.063412,292.610535,14.906291,0.634121,-1293.817383,294.500488,0.000000
42.190002,65.713310,-1293.772949,-0.000604,0.002497,0.063412,292.307404,14.890849,0.634121,-1293.772949,294.500488,0.000000
42.200001,65.683525,-1293.817383,-0.000595,0.002497,0.063412,292.174927,14.884100,0.634121,-1293.817383,294.500488,0.000000
42.210003,65.621712,-1293.817383,-0.000599,0.002497,0.063412,291.899963,14.870092,0.634121,-1293.817383,294.500488,0.000000
42.220001,65.581490,-1293.772949,-0.000595,0.002497,0.063412,291.721039,14.860978,0.634121,-1293.772949,294.500488,0.000000
42.230003,65.538673,-1293.772949,-0.000595,0.002497,0.063412,291.530579,14.851276,0.634121,-1293.772949,294.500488,0.000000
42.240002,65.528618,-1293.772949,-0.000595,0.002497,0.063412,291.485840,14.848997,0.634121,-1293.772949,294.500488,0.000000
42.250004,65.499947,-1293.817383,-0.000595,0.002497,0.063420,291.358307,14.842500,0.634197,-1293.817383,294.500488,0.000000
42.260002,65.456001,-1293.772949,-0.000612,0.002497,0.063420,291.162842,14.832541,0.634197,-1293.772949,294.500488,0.000000
42.270000,65.398659,-1293.772949,-0.000591,0.002497,0.063420,290.907776,14.819548,0.634197,-1293.772949,294.500488,0.000000
42.280003,65.346519,-1293.861938,-0.000595,0.002497,0.063420,290.675842,14.807734,0.634197,-1293.861938,294.500488,0.000000
42.290001,65.308540,-1293.817383,-0.000595,0.002497,0.063420,290.506897,14.799127,0.634197,-1293.817383,294.500488,0.000000
42.300003,65.286201,-1293.817383,-0.000586,0.002497,0.063420,290.407532,14.794065,0.634197,-1293.817383,294.500488,0.000000
42.310001,65.254921,-1293.861938,-0.000604,0.002497,0.063420,290.268372,14.786977,0.634197,-1293.861938,294.500488,0.000000
42.320004,65.224754,-1293.817383,-0.000591,0.002497,0.063420,290.134186,14.780140,0.634197,-1293.817383,294.500488,0.000000
42.330002,65.183800,-1293.817383,-0.000599,0.002497,0.063420,289.952026,14.770861,0.634197,-1293.817383,294.500488,0.000000
42.340000,65.155876,-1293.728516,-0.000595,0.002497,0.063420,289.827820,14.764533,0.634197,-1293.728516,294.500488,0.000000
42.350002,65.114540,-1293.817383,-0.000595,0.002497,0.063420,289.643951,14.755165,0.634197,-1293.817383,294.500488,0.000000
42.360001,65.066872,-1293.861938,-0.000586,0.002497,0.063420,289.431915,14.744364,0.634197,-1293.861938,294.500488,0.000000
42.370003,65.022560,-1293.817383,-0.000586,0.002497,0.063420,289.234802,14.734323,0.634197,-1293.817383,294.500488,0.000000
42.380001,65.002449,-1293.817383,-0.000591,0.002497,0.063420,289.145325,14.729765,0.634197,-1293.817383,294.500488,0.000000
42.390003,64.976021,-1293.772949,-0.000604,0.002497,0.063420,289.027771,14.723777,0.634197,-1293.772949,294.500488,0.000000
42.400002,64.941765,-1293.817383,-0.000599,0.002497,0.063420,288.875397,14.716014,0.634197,-1293.817383,294.500488,0.000000
42.410004,64.894463,-1293.817383,-0.000599,0.002497,0.063420,288.664978,14.705296,0.634197,-1293.817383,294.500488,0.000000
42.420002,64.868401,-1293.772949,-0.000591,0.002497,0.063420,288.549042,14.699389,0.634197,-1293.772949,294.500488,0.000000
42.430000,64.824455,-1293.861938,-0.000604,0.002497,0.063420,288.353577,14.689431,0.634197,-1293.861938,294.500488,0.000000
42.440002,64.789452,-1293.728516,-0.000604,0.002497,0.063420,288.197876,14.681499,0.634197,-1293.728516,294.500488,0.000000
42.450001,64.760414,-1293.772949,-0.000591,0.002497,0.063420,288.068695,14.674920,0.634197,-1293.772949,294.500488,0.000000
42.460003,64.731743,-1293.861938,-0.000599,0.002497,0.063420,287.941162,14.668422,0.634197,-1293.861938,294.500488,0.000000
42.470001,64.695992,-1293.817383,-0.000573,0.002497,0.063420,287.782135,14.660321,0.634197,-1293.817383,294.500488,0.000000
42.480003,64.661354,-1293.861938,-0.000591,0.002497,0.063420,287.628082,14.652472,0.634197,-1293.861938,294.500488,0.000000
42.490002,64.637535,-1293.861938,-0.000591,0.002497,0.063420,287.522125,14.647076,0.634197,-1293.861938,294.500488,0.000000
42.500004,64.595451,-1293.906372,-0.000586,0.002497,0.063429,287.334930,14.637538,0.634288,-1293.906372,294.500488,0.000000
42.510002,64.559334,-1293.861938,-0.000604,0.002504,0.063594,287.174255,14.629354,0.635938,-1293.861938,294.500488,0.000000
42.520000,64.578697,-1293.772949,-0.000591,0.002515,0.063889,287.260406,14.633741,0.638890,-1293.772949,294.500488,0.000000
42.530003,65.156990,-1293.861938,-0.000586,0.002527,0.064192,289.832764,14.764785,0.641918,-1293.861938,294.500488,0.000000
42.540001,66.210060,-1293.817383,-0.000595,0.002531,0.064278,294.517059,15.003414,0.642781,-1293.817383,294.500488,0.000000
42.550003,66.908257,-1293.861938,-0.000578,0.002526,0.064157,297.622803,15.161628,0.641570,-1293.861938,294.500488,0.000000
42.560001,67.019966,-1293.906372,-0.000586,0.002515,0.063889,298.119690,15.186941,0.638890,-1293.906372,294.500488,0.000000
42.570004,66.952202,-1293.817383,-0.000565,0.002501,0.063515,297.818268,15.171586,0.635151,-1293.817383,294.500488,0.000000
42.580002,66.879585,-1293.906372,-0.000586,0.002486,0.063143,297.495239,15.155130,0.631426,-1293.906372,294.500488,0.000000
42.590000,66.752983,-1293.817383,-0.000573,0.002473,0.062822,296.932098,15.126443,0.628217,-1293.817383,294.500488,0.000000
42.600002,66.636803,-1293.772949,-0.000578,0.002464,0.062596,296.415314,15.100115,0.625961,-1293.772949,294.500488,0.000000
42.610001,66.580193,-1293.817383,-0.000586,0.002459,0.062449,296.163483,15.087288,0.624493,-1293.817383,294.500488,0.000000
42.620003,66.531792,-1293.772949,-0.000582,0.002455,0.062361,295.948181,15.076320,0.623614,-1293.772949,294.500488,0.000000
42.630001,66.475929,-1293.817383,-0.000569,0.002454,0.062328,295.699707,15.063661,0.623281,-1293.817383,294.500488,0.000000
42.640003,66.397362,-1293.772949,-0.000573,0.002454,0.062328,295.350220,15.045857,0.623281,-1293.772949,294.500488,0.000000
42.650002,66.393272,-1293.817383,-0.000565,0.002454,0.062336,295.332031,15.044930,0.623357,-1293.817383,294.500488,0.000000
42.660004,66.370171,-1293.861938,-0.000573,0.002454,0.062336,295.229279,15.039696,0.623357,-1293.861938,294.500488,0.000000
42.670002,66.326988,-1293.728516,-0.000573,0.002454,0.062336,295.037170,15.029910,0.623357,-1293.728516,294.500488,0.000000
42.680000,66.276711,-1293.950806,-0.000573,0.002454,0.062336,294.813538,15.018517,0.623357,-1293.950806,294.500488,0.000000
42.690002,66.245064,-1293.861938,-0.000565,0.002454,0.062336,294.672760,15.011346,0.623357,-1293.861938,294.500488,0.000000
42.700001,66.223457,-1293.861938,-0.000560,0.002454,0.062336,294.576660,15.006450,0.623357,-1293.861938,294.500488,0.000000
42.710003,66.184364,-1293.817383,-0.000578,0.002454,0.062336,294.402771,14.997591,0.623357,-1293.817383,294.500488,0.000000
42.720001,66.139305,-1293.817383,-0.000569,0.002454,0.062336,294.202332,14.987381,0.623357,-1293.817383,294.500488,0.000000
42.730003,66.106163,-1293.906372,-0.000573,0.002454,0.062336,294.054901,14.979871,0.623357,-1293.906372,294.500488,0.000000
42.740002,66.075630,-1293.817383,-0.000573,0.002454,0.062336,293.919067,14.972952,0.623357,-1293.817383,294.500488,0.000000
42.750004,66.040627,-1293.861938,-0.000578,0.002454,0.062336,293.763367,14.965019,0.623357,-1293.861938,294.500488,0.000000
42.760002,65.990364,-1293.861938,-0.000569,0.002454,0.062336,293.539795,14.953630,0.623357,-1293.861938,294.500488,0.000000
42.770000,65.944191,-1293.728516,-0.000569,0.002454,0.062336,293.334412,14.943168,0.623357,-1293.728516,294.500488,0.000000
42.780003,65.887215,-1293.817383,-0.000578,0.002455,0.062354,293.080963,14.930256,0.623539,-1293.817383,294.500488,0.000000
42.790001,65.846626,-1293.772949,-0.000578,0.002457,0.062396,292.900421,14.921059,0.623963,-1293.772949,294.500488,0.000000
42.800003,65.884972,-1293.861938,-0.000565,0.002459,0.062449,293.070984,14.929749,0.624493,-1293.861938,294.500488,0.000000
42.810001,65.775871,-1293.817383,-0.000569,0.002461,0.062501,292.585693,14.905025,0.625007,-1293.817383,294.500488,0.000000
42.820004,65.782570,-1293.728516,-0.000560,0.002463,0.062561,292.615479,14.906544,0.625613,-1293.728516,294.500488,0.000000
42.830002,65.763954,-1293.906372,-0.000573,0.002466,0.062631,292.532684,14.902325,0.626309,-1293.906372,294.500488,0.000000
42.840000,65.740120,-1293.817383,-0.000573,0.002468,0.062691,292.426666,14.896924,0.626915,-1293.817383,294.500488,0.000000
42.850002,65.703255,-1293.861938,-0.000560,0.002470,0.062744,292.262665,14.888570,0.627445,-1293.861938,294.500488,0.000000
42.860001,65.623940,-1293.817383,-0.000573,0.002472,0.062787,291.909851,14.870598,0.627869,-1293.817383,294.500488,0.000000
42.870003,65.587074,-1293.772949,-0.000565,0.002474,0.062847,291.745880,14.862244,0.628474,-1293.772949,294.500488,0.000000
42.880001,65.555061,-1293.817383,-0.000573,0.002477,0.062926,291.603485,14.854989,0.629261,-1293.817383,294.500488,0.000000
42.890003,65.551338,-1293.772949,-0.000569,0.002480,0.062987,291.586914,14.854146,0.629867,-1293.772949,294.500488,0.000000
42.900002,65.520790,-1293.817383,-0.000573,0.002482,0.063031,291.451019,14.847223,0.630306,-1293.817383,294.500488,0.000000
42.910004,65.488777,-1293.772949,-0.000573,0.002483,0.063073,291.308624,14.839969,0.630730,-1293.772949,294.500488,0.000000
42.920002,65.469414,-1293.772949,-0.000560,0.002486,0.063134,291.222504,14.835581,0.631336,-1293.772949,294.500488,0.000000
42.930000,65.456001,-1293.861938,-0.000569,0.002488,0.063194,291.162842,14.832541,0.631941,-1293.861938,294.500488,0.000000
42.940002,65.418388,-1293.817383,-0.000586,0.002490,0.063247,290.995514,14.824019,0.632471,-1293.817383,294.500488,0.000000
42.950001,65.389351,-1293.817383,-0.000586,0.002492,0.063290,290.866364,14.817439,0.632895,-1293.817383,294.500488,0.000000
42.960003,65.352119,-1293.861938,-0.000569,0.002493,0.063333,290.700745,14.809002,0.633334,-1293.861938,294.500488,0.000000
42.970001,65.337212,-1293.772949,-0.000556,0.002496,0.063394,290.634430,14.805623,0.633940,-1293.772949,294.500488,0.000000
42.980003,65.302208,-1293.861938,-0.000560,0.002499,0.063464,290.478729,14.797691,0.634636,-1293.861938,294.500488,0.000000
42.990002,65.288429,-1293.772949,-0.000578,0.002502,0.063541,290.417450,14.794570,0.635408,-1293.772949,294.500488,0.000000
43.000004,65.283592,-1293.817383,-0.000569,0.002505,0.063620,290.395935,14.793474,0.636195,-1293.817383,294.500488,0.000000
43.010002,65.274284,-1293.817383,-0.000565,0.002507,0.063680,290.354523,14.791364,0.636801,-1293.817383,294.500488,0.000000
43.020000,65.260506,-1293.772949,-0.000569,0.002508,0.063706,290.293213,14.788242,0.637058,-1293.772949,294.500488,0.000000
43.030003,65.243385,-1293.861938,-0.000565,0.002508,0.063706,290.217072,14.784363,0.637058,-1293.861938,294.500488,0.000000
43.040001,65.212471,-1293.772949,-0.000569,0.002508,0.063706,290.079559,14.777357,0.637058,-1293.772949,294.500488,0.000000
43.050003,65.185661,-1293.772949,-0.000556,0.002508,0.063706,289.960297,14.771281,0.637058,-1293.772949,294.500488,0.000000
43.060001,65.162575,-1293.772949,-0.000569,0.002509,0.063724,289.857605,14.766050,0.637240,-1293.772949,294.500488,0.000000
43.070004,65.127937,-1293.728516,-0.000556,0.002509,0.063733,289.703522,14.758202,0.637331,-1293.728516,294.500488,0.000000
43.080002,65.080650,-1293.817383,-0.000582,0.002510,0.063759,289.493195,14.747486,0.637588,-1293.817383,294.500488,0.000000
43.090000,65.064262,-1293.772949,-0.000560,0.002512,0.063810,289.420288,14.743773,0.638103,-1293.772949,294.500488,0.000000
43.100002,65.059807,-1293.772949,-0.000569,0.002515,0.063871,289.400482,14.742763,0.638709,-1293.772949,294.500488,0.000000
43.110001,65.062782,-1293.817383,-0.000560,0.002518,0.063950,289.413696,14.743437,0.639496,-1293.817383,294.500488,0.000000
43.120003,65.067986,-1293.817383,-0.000556,0.002522,0.064053,289.436859,14.744617,0.640525,-1293.817383,294.500488,0.000000
43.130001,65.128319,-1293.772949,-0.000565,0.002524,0.064115,289.705231,14.758287,0.641146,-1293.772949,294.500488,0.000000
43.140003,65.257896,-1293.817383,-0.000560,0.002524,0.064122,290.281616,14.787651,0.641222,-1293.817383,294.500488,0.000000
43.150002,65.324181,-1293.906372,-0.000560,0.002524,0.064122,290.576477,14.802671,0.641222,-1293.906372,294.500488,0.000000
43.160004,65.320839,-1293.772949,-0.000573,0.002524,0.064122,290.561615,14.801914,0.641222,-1293.772949,294.500488,0.000000
43.170002,65.300346,-1293.772949,-0.000560,0.002524,0.064122,290.470459,14.797271,0.641222,-1293.772949,294.500488,0.000000
43.180000,65.296257,-1293.817383,-0.000560,0.002524,0.064122,290.452271,14.796344,0.641222,-1293.817383,294.500488,0.000000
43.190002,65.284340,-1293.772949,-0.000569,0.002524,0.064122,290.399261,14.793643,0.641222,-1293.772949,294.500488,0.000000
43.200001,65.267586,-1293.817383,-0.000578,0.002524,0.064122,290.324707,14.789846,0.641222,-1293.817383,294.500488,0.000000
43.210003,65.250084,-1293.861938,-0.000569,0.002524,0.064122,290.246857,14.785880,0.641222,-1293.861938,294.500488,0.000000
43.220001,65.214714,-1293.772949,-0.000556,0.002524,0.064122,290.089539,14.777865,0.641222,-1293.772949,294.500488,0.000000
43.230003,65.196465,-1293.861938,-0.000573,0.002524,0.064122,290.008362,14.773730,0.641222,-1293.861938,294.500488,0.000000
43.240002,65.190880,-1293.772949,-0.000565,0.002524,0.064122,289.983521,14.772465,0.641222,-1293.772949,294.500488,0.000000
43.250004,65.165932,-1293.772949,-0.000573,0.002524,0.064122,289.872528,14.766811,0.641222,-1293.772949,294.500488,0.000000
43.260002,65.133904,-1293.817383,-0.000560,0.002524,0.064122,289.730072,14.759553,0.641222,-1293.817383,294.500488,0.000000
43.270000,65.104851,-1293.728516,-0.000556,0.002524,0.064122,289.600830,14.752970,0.641222,-1293.728516,294.500488,0.000000
43.280003,65.077293,-1293.817383,-0.000552,0.002525,0.064131,289.478271,14.746725,0.641313,-1293.817383,294.500488,0.000000
43.290001,65.056450,-1293.817383,-0.000560,0.002526,0.064148,289.385529,14.742002,0.641479,-1293.817383,294.500488,0.000000
43.300003,65.026665,-1293.861938,-0.000565,0.002526,0.064166,289.253052,14.735253,0.641661,-1293.861938,294.500488,0.000000
43.310001,65.034843,-1293.817383,-0.000573,0.002527,0.064192,289.289429,14.737106,0.641918,-1293.817383,294.500488,0.000000
43.320004,65.051231,-1293.817383,-0.000560,0.002528,0.064201,289.362335,14.740820,0.642009,-1293.817383,294.500488,0.000000
43.330002,65.086235,-1293.861938,-0.000569,0.002528,0.064201,289.518036,14.748752,0.642009,-1293.861938,294.500488,0.000000
43.340000,65.088478,-1293.772949,-0.000569,0.002528,0.064201,289.528015,14.749260,0.642009,-1293.772949,294.500488,0.000000
43.350002,65.063896,-1293.861938,-0.000565,0.002528,0.064201,289.418671,14.743690,0.642009,-1293.861938,294.500488,0.000000
43.360001,65.051231,-1293.817383,-0.000556,0.002528,0.064210,289.362335,14.740820,0.642100,-1293.817383,294.500488,0.000000
43.370003,65.037834,-1293.861938,-0.000548,0.002528,0.064210,289.302734,14.737784,0.642100,-1293.861938,294.500488,0.000000
43.380001,65.024803,-1293.817383,-0.000548,0.002528,0.064210,289.244781,14.734831,0.642100,-1293.817383,294.500488,0.000000
43.390003,65.011757,-1293.772949,-0.000556,0.002528,0.064210,289.186737,14.731875,0.642100,-1293.772949,294.500488,0.000000
43.400002,64.991661,-1293.817383,-0.000569,0.002528,0.064210,289.097351,14.727321,0.642100,-1293.817383,294.500488,0.000000
43.410004,64.971169,-1293.906372,-0.000569,0.002528,0.064210,289.006195,14.722678,0.642100,-1293.906372,294.500488,0.000000
43.420002,64.953300,-1293.772949,-0.000552,0.002528,0.064210,288.926697,14.718629,0.642100,-1293.772949,294.500488,0.000000
43.430000,64.931709,-1293.861938,-0.000560,0.002528,0.064210,288.830658,14.713736,0.642100,-1293.861938,294.500488,0.000000
43.440002,64.919792,-1293.817383,-0.000552,0.002528,0.064210,288.777649,14.711036,0.642100,-1293.817383,294.500488,0.000000
43.450001,64.892235,-1293.817383,-0.000569,0.002528,0.064210,288.655090,14.704790,0.642100,-1293.817383,294.500488,0.000000
43.460003,64.878075,-1293.772949,-0.000560,0.002528,0.064210,288.592102,14.701582,0.642100,-1293.772949,294.500488,0.000000
43.470001,64.851646,-1293.772949,-0.000552,0.002528,0.064210,288.474518,14.695593,0.642100,-1293.772949,294.500488,0.000000
43.480003,64.803612,-1293.817383,-0.000560,0.002530,0.064252,288.260864,14.684708,0.642524,-1293.817383,294.500488,0.000000
43.490002,64.792442,-1293.772949,-0.000548,0.002533,0.064348,288.211182,14.682177,0.643478,-1293.772949,294.500488,0.000000
43.500004,64.907494,-1293.861938,-0.000556,0.002537,0.064452,288.722961,14.708248,0.644522,-1293.861938,294.500488,0.000000
43.510002,65.178963,-1293.817383,-0.000560,0.002541,0.064548,289.930511,14.769765,0.645476,-1293.817383,294.500488,0.000000
43.520000,65.489143,-1293.817383,-0.000560,0.002542,0.064573,291.310272,14.840053,0.645733,-1293.817383,294.500488,0.000000
43.530003,65.687248,-1293.772949,-0.000565,0.002542,0.064564,292.191467,14.884943,0.645643,-1293.772949,294.500488,0.000000
43.540001,65.753151,-1293.817383,-0.000556,0.002541,0.064531,292.484619,14.899878,0.645309,-1293.817383,294.500488,0.000000
43.550003,65.790398,-1293.861938,-0.000548,0.002540,0.064513,292.650299,14.908318,0.645128,-1293.861938,294.500488,0.000000
43.560001,65.762840,-1293.772949,-0.000556,0.002540,0.064513,292.527710,14.902072,0.645128,-1293.772949,294.500488,0.000000
43.570004,65.736031,-1293.817383,-0.000535,0.002540,0.064513,292.408478,14.895997,0.645128,-1293.817383,294.500488,0.000000
43.580002,65.715919,-1293.906372,-0.000552,0.002540,0.064513,292.319000,14.891439,0.645128,-1293.906372,294.500488,0.000000
43.590004,65.686501,-1293.817383,-0.000543,0.002540,0.064513,292.188141,14.884773,0.645128,-1293.817383,294.500488,0.000000
43.600002,65.660057,-1293.772949,-0.000556,0.002540,0.064513,292.070526,14.878782,0.645128,-1293.772949,294.500488,0.000000
43.610001,65.636971,-1293.861938,-0.000548,0.002540,0.064513,291.967834,14.873550,0.645128,-1293.861938,294.500488,0.000000
43.620003,65.600853,-1293.772949,-0.000548,0.002540,0.064513,291.807159,14.865366,0.645128,-1293.772949,294.500488,0.000000
43.630001,65.578514,-1293.861938,-0.000548,0.002540,0.064513,291.707794,14.860304,0.645128,-1293.861938,294.500488,0.000000
43.640003,65.571068,-1293.772949,-0.000539,0.002540,0.064513,291.674683,14.858616,0.645128,-1293.772949,294.500488,0.000000
43.650002,65.545372,-1293.817383,-0.000543,0.002540,0.064513,291.560364,14.852794,0.645128,-1293.817383,294.500488,0.000000
43.660004,65.542015,-1293.817383,-0.000548,0.002540,0.064513,291.545441,14.852034,0.645128,-1293.817383,294.500488,0.000000
43.670002,65.515587,-1293.772949,-0.000548,0.002540,0.064522,291.427887,14.846044,0.645219,-1293.772949,294.500488,0.000000
43.680000,65.495842,-1293.861938,-0.000552,0.002540,0.064522,291.340057,14.841571,0.645219,-1293.861938,294.500488,0.000000
43.690002,65.471275,-1293.728516,-0.000539,0.002540,0.064522,291.230774,14.836003,0.645219,-1293.728516,294.500488,0.000000
43.700001,65.447441,-1293.861938,-0.000548,0.002540,0.064522,291.124756,14.830602,0.645219,-1293.861938,294.500488,0.000000
43.710003,65.422112,-1293.817383,-0.000565,0.002540,0.064522,291.012085,14.824862,0.645219,-1293.817383,294.500488,0.000000
43.720001,65.391579,-1293.817383,-0.000539,0.002540,0.064522,290.876282,14.817944,0.645219,-1293.817383,294.500488,0.000000
43.730003,65.370354,-1293.861938,-0.000548,0.002540,0.064522,290.781860,14.813134,0.645219,-1293.861938,294.500488,0.000000
43.740002,65.348763,-1293.861938,-0.000552,0.002540,0.064522,290.685822,14.808242,0.645219,-1293.861938,294.500488,0.000000
43.750004,65.318596,-1293.861938,-0.000548,0.002540,0.064522,290.551636,14.801406,0.645219,-1293.861938,294.500488,0.000000
43.760002,65.305565,-1293.861938,-0.000543,0.002540,0.064522,290.493652,14.798452,0.645219,-1293.861938,294.500488,0.000000
43.770000,65.278008,-1293.817383,-0.000539,0.002540,0.064522,290.371094,14.792209,0.645219,-1293.817383,294.500488,0.000000
43.780003,65.259758,-1293.906372,-0.000552,0.002540,0.064522,290.289886,14.788073,0.645219,-1293.906372,294.500488,0.000000
43.790001,65.232948,-1293.772949,-0.000548,0.002540,0.064522,290.170654,14.781998,0.645219,-1293.772949,294.500488,0.000000
43.800003,65.222160,-1293.817383,-0.000530,0.002540,0.064522,290.122650,14.779552,0.645219,-1293.817383,294.500488,0.000000
43.810001,65.206139,-1293.861938,-0.000548,0.002540,0.064522,290.051392,14.775923,0.645219,-1293.861938,294.500488,0.000000
43.820004,65.179710,-1293.817383,-0.000535,0.002540,0.064522,289.933838,14.769934,0.645219,-1293.817383,294.500488,0.000000
43.830002,65.155128,-1293.817383,-0.000539,0.002540,0.064522,289.824493,14.764363,0.645219,-1293.817383,294.500488,0.000000
43.840004,65.121239,-1293.817383,-0.000543,0.002540,0.064522,289.673737,14.756683,0.645219,-1293.817383,294.500488,0.000000
43.850002,65.098900,-1293.817383,-0.000543,0.002540,0.064522,289.574371,14.751621,0.645219,-1293.817383,294.500488,0.000000
43.860001,65.071709,-1293.861938,-0.000539,0.002541,0.064531,289.453430,14.745460,0.645309,-1293.861938,294.500488,0.000000
43.870003,65.051231,-1293.817383,-0.000539,0.002541,0.064539,289.362335,14.740820,0.645385,-1293.817383,294.500488,0.000000
43.880001,65.022942,-1293.906372,-0.000539,0.002543,0.064582,289.236481,14.734409,0.645824,-1293.906372,294.500488,0.000000
43.890003,65.014748,-1293.772949,-0.000556,0.002545,0.064643,289.200043,14.732553,0.646430,-1293.772949,294.500488,0.000000
43.900002,65.098152,-1293.861938,-0.000526,0.002547,0.064704,289.571045,14.751452,0.647035,-1293.861938,294.500488,0.000000
43.910004,65.249336,-1293.772949,-0.000548,0.002550,0.064764,290.243530,14.785711,0.647641,-1293.772949,294.500488,0.000000
43.920002,65.440361,-1293.817383,-0.000530,0.002550,0.064764,291.093262,14.828998,0.647641,-1293.817383,294.500488,0.000000
43.930000,65.552818,-1293.861938,-0.000552,0.002549,0.064755,291.593506,14.854481,0.647550,-1293.861938,294.500488,0.000000
43.940002,65.594902,-1293.772949,-0.000535,0.002549,0.064747,291.780701,14.864017,0.647474,-1293.772949,294.500488,0.000000
43.950001,65.581871,-1293.861938,-0.000543,0.002549,0.064738,291.722717,14.861064,0.647384,-1293.861938,294.500488,0.000000
43.960003,65.564369,-1293.861938,-0.000543,0.002549,0.064738,291.644867,14.857099,0.647384,-1293.861938,294.500488,0.000000
43.970001,65.553566,-1293.817383,-0.000539,0.002549,0.064738,291.596832,14.854650,0.647384,-1293.817383,294.500488,0.000000
43.980003,65.531975,-1293.861938,-0.000548,0.002549,0.064738,291.500793,14.849758,0.647384,-1293.861938,294.500488,0.000000
43.990002,65.521919,-1293.728516,-0.000543,0.002549,0.064738,291.456055,14.847479,0.647384,-1293.728516,294.500488,0.000000
44.000004,65.500694,-1293.861938,-0.000539,0.002549,0.064738,291.361633,14.842669,0.647384,-1293.861938,294.500488,0.000000
44.010002,65.490639,-1293.817383,-0.000530,0.002549,0.064738,291.316925,14.840391,0.647384,-1293.817383,294.500488,0.000000
44.020000,65.477226,-1293.772949,-0.000539,0.002549,0.064738,291.257263,14.837352,0.647384,-1293.772949,294.500488,0.000000
44.030003,65.458611,-1293.861938,-0.000539,0.002549,0.064738,291.174438,14.833133,0.647384,-1293.861938,294.500488,0.000000
44.040001,65.438881,-1293.772949,-0.000535,0.002549,0.064738,291.086670,14.828663,0.647384,-1293.772949,294.500488,0.000000
44.050003,65.407219,-1293.861938,-0.000530,0.002549,0.064738,290.945831,14.821488,0.647384,-1293.861938,294.500488,0.000000
44.060001,65.384132,-1293.817383,-0.000530,0.002549,0.064738,290.843140,14.816257,0.647384,-1293.817383,294.500488,0.000000
44.070004,65.364769,-1293.772949,-0.000543,0.002549,0.064738,290.757019,14.811869,0.647384,-1293.772949,294.500488,0.000000
44.080002,65.346519,-1293.772949,-0.000530,0.002549,0.064738,290.675842,14.807734,0.647384,-1293.772949,294.500488,0.000000
44.090004,65.333870,-1293.772949,-0.000522,0.002549,0.064738,290.619568,14.804866,0.647384,-1293.772949,294.500488,0.000000
44.100002,65.320091,-1293.817383,-0.000543,0.002549,0.064738,290.558289,14.801744,0.647384,-1293.817383,294.500488,0.000000
44.110001,65.289558,-1293.817383,-0.000530,0.002549,0.064738,290.422455,14.794826,0.647384,-1293.817383,294.500488,0.000000
44.120003,65.277641,-1293.817383,-0.000530,0.002549,0.064738,290.369446,14.792125,0.647384,-1293.817383,294.500488,0.000000
44.130001,65.249336,-1293.861938,-0.000539,0.002549,0.064738,290.243530,14.785711,0.647384,-1293.861938,294.500488,0.000000
44.140003,65.238914,-1293.772949,-0.000543,0.002549,0.064738,290.197174,14.783349,0.647384,-1293.772949,294.500488,0.000000
44.150002,65.217308,-1293.817383,-0.000535,0.002549,0.064738,290.101074,14.778454,0.647384,-1293.817383,294.500488,0.000000
44.160004,65.187889,-1293.861938,-0.000530,0.002549,0.064738,289.970215,14.771787,0.647384,-1293.861938,294.500488,0.000000
44.170002,65.177849,-1293.861938,-0.000530,0.002549,0.064738,289.925537,14.769512,0.647384,-1293.861938,294.500488,0.000000
44.180000,65.164070,-1293.817383,-0.000535,0.002549,0.064738,289.864258,14.766389,0.647384,-1293.817383,294.500488,0.000000
44.190002,65.143211,-1293.817383,-0.000530,0.002549,0.064738,289.771484,14.761663,0.647384,-1293.817383,294.500488,0.000000
44.200001,65.108208,-1293.861938,-0.000526,0.002549,0.064738,289.615784,14.753730,0.647384,-1293.861938,294.500488,0.000000
44.210003,65.082893,-1293.817383,-0.000526,0.002549,0.064738,289.503174,14.747994,0.647384,-1293.817383,294.500488,0.000000
44.220001,65.056068,-1293.817383,-0.000526,0.002549,0.064738,289.383850,14.741916,0.647384,-1293.817383,294.500488,0.000000
44.230003,65.044533,-1293.817383,-0.000539,0.002549,0.064738,289.332520,14.739302,0.647384,-1293.817383,294.500488,0.000000
44.240002,65.018471,-1293.772949,-0.000548,0.002549,0.064738,289.216614,14.733397,0.647384,-1293.772949,294.500488,0.000000
44.250004,65.007301,-1293.861938,-0.000539,0.002549,0.064738,289.166931,14.730865,0.647384,-1293.861938,294.500488,0.000000
44.260002,64.987556,-1293.817383,-0.000539,0.002549,0.064738,289.079102,14.726391,0.647384,-1293.817383,294.500488,0.000000
44.270000,64.971550,-1293.817383,-0.000535,0.002549,0.064738,289.007874,14.722764,0.647384,-1293.817383,294.500488,0.000000
44.280003,64.944359,-1293.817383,-0.000535,0.002549,0.064738,288.886932,14.716602,0.647384,-1293.817383,294.500488,0.000000
44.290001,64.930214,-1293.728516,-0.000530,0.002549,0.064747,288.824005,14.713397,0.647474,-1293.728516,294.500488,0.000000
44.300003,64.919411,-1293.817383,-0.000530,0.002549,0.064747,288.775970,14.710948,0.647474,-1293.817383,294.500488,0.000000
44.310001,64.902290,-1293.817383,-0.000539,0.002549,0.064747,288.699799,14.707069,0.647474,-1293.817383,294.500488,0.000000
44.320004,64.892982,-1293.772949,-0.000530,0.002549,0.064747,288.658417,14.704960,0.647474,-1293.772949,294.500488,0.000000
44.330002,64.847923,-1293.817383,-0.000530,0.002549,0.064747,288.457977,14.694750,0.647474,-1293.817383,294.500488,0.000000
44.340004,64.822975,-1293.728516,-0.000530,0.002549,0.064747,288.346985,14.689096,0.647474,-1293.728516,294.500488,0.000000
44.350002,64.809196,-1293.817383,-0.000530,0.002549,0.064747,288.285706,14.685973,0.647474,-1293.817383,294.500488,0.000000
44.360001,64.791313,-1293.772949,-0.000539,0.002549,0.064747,288.206146,14.681921,0.647474,-1293.772949,294.500488,0.000000
44.370003,64.770836,-1293.817383,-0.000535,0.002552,0.064817,288.115082,14.677281,0.648171,-1293.817383,294.500488,0.000000
44.380001,64.766747,-1293.861938,-0.000535,0.002559,0.065008,288.096863,14.676355,0.650078,-1293.861938,294.500488,0.000000
44.390003,65.104118,-1293.772949,-0.000513,0.002569,0.065250,289.597595,14.752804,0.652501,-1293.772949,294.500488,0.000000
44.400002,65.899864,-1293.772949,-0.000535,0.002573,0.065362,293.137238,14.933123,0.653621,-1293.772949,294.500488,0.000000
44.410004,66.516899,-1293.772949,-0.000535,0.002570,0.065285,295.881958,15.072945,0.652849,-1293.772949,294.500488,0.000000
44.420002,66.674400,-1293.817383,-0.000526,0.002564,0.065137,296.582550,15.108636,0.651365,-1293.817383,294.500488,0.000000
44.430000,66.669563,-1293.861938,-0.000543,0.002556,0.064929,296.561035,15.107539,0.649291,-1293.861938,294.500488,0.000000
44.440002,66.626747,-1293.772949,-0.000526,0.002548,0.064722,296.370575,15.097836,0.647217,-1293.772949,294.500488,0.000000
44.450001,66.601799,-1293.861938,-0.000522,0.002541,0.064548,296.259613,15.092183,0.645476,-1293.861938,294.500488,0.000000
44.460003,66.508705,-1293.728516,-0.000504,0.002537,0.064436,295.845490,15.071088,0.644356,-1293.728516,294.500488,0.000000
44.470001,66.407417,-1293.772949,-0.000513,0.002535,0.064383,295.394958,15.048136,0.643826,-1293.772949,294.500488,0.000000
44.480003,66.377632,-1293.861938,-0.000513,0.002535,0.064383,295.262451,15.041386,0.643826,-1293.861938,294.500488,0.000000
44.490002,66.363472,-1293.772949,-0.000522,0.002535,0.064383,295.199463,15.038177,0.643826,-1293.772949,294.500488,0.000000
44.500004,66.336662,-1293.906372,-0.000513,0.002535,0.064383,295.080200,15.032103,0.643826,-1293.906372,294.500488,0.000000
44.510002,66.314690,-1293.817383,-0.000526,0.002535,0.064383,294.982483,15.027123,0.643826,-1293.817383,294.500488,0.000000
44.520000,66.292351,-1293.728516,-0.000509,0.002535,0.064383,294.883118,15.022062,0.643826,-1293.728516,294.500488,0.000000
44.530003,66.261452,-1293.817383,-0.000526,0.002535,0.064383,294.745667,15.015059,0.643826,-1293.817383,294.500488,0.000000
44.540001,66.232765,-1293.728516,-0.000504,0.002535,0.064383,294.618042,15.008558,0.643826,-1293.728516,294.500488,0.000000
44.550003,66.204475,-1293.817383,-0.000513,0.002535,0.064383,294.492218,15.002149,0.643826,-1293.817383,294.500488,0.000000
44.560001,66.168724,-1293.817383,-0.000526,0.002535,0.064383,294.333191,14.994047,0.643826,-1293.817383,294.500488,0.000000
44.570004,66.158302,-1293.772949,-0.000504,0.002535,0.064383,294.286835,14.991685,0.643826,-1293.772949,294.500488,0.000000
44.580002,66.130745,-1293.817383,-0.000522,0.002535,0.064383,294.164246,14.985441,0.643826,-1293.817383,294.500488,0.000000
44.590004,66.110634,-1293.772949,-0.000513,0.002535,0.064383,294.074799,14.980884,0.643826,-1293.772949,294.500488,0.000000
44.600002,66.072273,-1293.861938,-0.000517,0.002535,0.064383,293.904144,14.972192,0.643826,-1293.861938,294.500488,0.000000
44.610001,66.040627,-1293.861938,-0.000522,0.002535,0.064383,293.763367,14.965019,0.643826,-1293.861938,294.500488,0.000000
44.620003,66.019035,-1293.772949,-0.000509,0.002535,0.064383,293.667328,14.960127,0.643826,-1293.772949,294.500488,0.000000
44.630001,66.008980,-1293.817383,-0.000504,0.002535,0.064383,293.622620,14.957849,0.643826,-1293.817383,294.500488,0.000000
44.640003,65.982170,-1293.772949,-0.000509,0.002535,0.064383,293.503357,14.951773,0.643826,-1293.772949,294.500488,0.000000
44.650002,65.940468,-1293.728516,-0.000513,0.002535,0.064392,293.317841,14.942324,0.643917,-1293.728516,294.500488,0.000000
44.660004,65.893166,-1293.861938,-0.000513,0.002535,0.064392,293.107452,14.931604,0.643917,-1293.861938,294.500488,0.000000
44.670002,65.853691,-1293.772949,-0.000504,0.002535,0.064392,292.931854,14.922660,0.643917,-1293.772949,294.500488,0.000000
44.680000,65.846992,-1293.861938,-0.000513,0.002535,0.064392,292.902039,14.921142,0.643917,-1293.861938,294.500488,0.000000
44.690002,65.844383,-1293.772949,-0.000504,0.002535,0.064392,292.890442,14.920550,0.643917,-1293.772949,294.500488,0.000000
44.700001,65.828011,-1293.950806,-0.000513,0.002535,0.064392,292.817627,14.916841,0.643917,-1293.950806,294.500488,0.000000
44.710003,65.811989,-1293.861938,-0.000517,0.002535,0.064392,292.746338,14.913210,0.643917,-1293.861938,294.500488,0.000000
44.720001,65.783318,-1293.772949,-0.000522,0.002535,0.064392,292.618805,14.906713,0.643917,-1293.772949,294.500488,0.000000
44.730003,65.734535,-1293.861938,-0.000513,0.002535,0.064401,292.401825,14.895658,0.644007,-1293.861938,294.500488,0.000000
44.740002,65.708107,-1293.772949,-0.000509,0.002536,0.064408,292.284271,14.889670,0.644083,-1293.772949,294.500488,0.000000
44.750004,65.697670,-1293.817383,-0.000522,0.002536,0.064417,292.237823,14.887304,0.644174,-1293.817383,294.500488,0.000000
44.760002,65.668999,-1293.817383,-0.000517,0.002537,0.064436,292.110291,14.880808,0.644356,-1293.817383,294.500488,0.000000
44.770000,65.649635,-1293.817383,-0.000522,0.002537,0.064443,292.024170,14.876420,0.644431,-1293.817383,294.500488,0.000000
44.780003,65.642189,-1293.817383,-0.000513,0.002537,0.064452,291.991028,14.874733,0.644522,-1293.817383,294.500488,0.000000
44.790001,65.608299,-1293.772949,-0.000513,0.002538,0.064469,291.840302,14.867053,0.644689,-1293.772949,294.500488,0.000000
44.800003,65.566597,-1293.861938,-0.000522,0.002539,0.064478,291.654785,14.857604,0.644780,-1293.861938,294.500488,0.000000
44.810001,65.580742,-1293.728516,-0.000526,0.002539,0.064487,291.717712,14.860808,0.644870,-1293.728516,294.500488,0.000000
44.820004,65.539421,-1293.772949,-0.000500,0.002540,0.064504,291.533905,14.851445,0.645037,-1293.772949,294.500488,0.000000
44.830002,65.518562,-1293.906372,-0.000509,0.002541,0.064539,291.441132,14.846719,0.645385,-1293.906372,294.500488,0.000000
44.840004,65.527870,-1293.817383,-0.000517,0.002542,0.064573,291.482513,14.848827,0.645733,-1293.817383,294.500488,0.000000
44.850002,65.510002,-1293.817383,-0.000513,0.002543,0.064599,291.403046,14.844778,0.645991,-1293.817383,294.500488,0.000000
44.860001,65.479088,-1293.817383,-0.000526,0.002545,0.064643,291.265533,14.837773,0.646430,-1293.817383,294.500488,0.000000
44.870003,65.444466,-1293.817383,-0.000496,0.002547,0.064687,291.111511,14.829928,0.646869,-1293.817383,294.500488,0.000000
44.880001,65.422112,-1293.817383,-0.000522,0.002549,0.064738,291.012085,14.824862,0.647384,-1293.817383,294.500488,0.000000
44.890003,65.419518,-1293.772949,-0.000504,0.002550,0.064782,291.000549,14.824275,0.647823,-1293.772949,294.500488,0.000000
44.900002,65.401634,-1293.861938,-0.000530,0.002552,0.064817,290.920990,14.820223,0.648171,-1293.861938,294.500488,0.000000
44.910004,65.372963,-1293.861938,-0.000513,0.002553,0.064850,290.793457,14.813725,0.648504,-1293.861938,294.500488,0.000000
44.920002,65.365883,-1293.817383,-0.000504,0.002555,0.064894,290.761963,14.812121,0.648943,-1293.817383,294.500488,0.000000
44.930000,65.338341,-1293.861938,-0.000517,0.002557,0.064955,290.639465,14.805880,0.649549,-1293.861938,294.500488,0.000000
44.940002,65.327156,-1293.817383,-0.000517,0.002560,0.065015,290.589691,14.803345,0.650154,-1293.817383,294.500488,0.000000
44.950001,65.323067,-1293.817383,-0.000500,0.002562,0.065076,290.571503,14.802419,0.650760,-1293.817383,294.500488,0.000000
44.960003,65.318977,-1293.817383,-0.000517,0.002562,0.065085,290.553314,14.801492,0.650851,-1293.817383,294.500488,0.000000
44.970001,65.298485,-1293.817383,-0.000504,0.002562,0.065085,290.462158,14.796848,0.650851,-1293.817383,294.500488,0.000000
44.980003,65.302589,-1293.861938,-0.000526,0.002562,0.065085,290.480438,14.797779,0.650851,-1293.861938,294.500488,0.000000
44.990002,65.279869,-1293.772949,-0.000509,0.002562,0.065085,290.379364,14.792629,0.650851,-1293.772949,294.500488,0.000000
45.000004,65.259026,-1293.906372,-0.000517,0.002562,0.065085,290.286652,14.787907,0.650851,-1293.906372,294.500488,0.000000
45.010002,65.243385,-1293.817383,-0.000517,0.002563,0.065094,290.217072,14.784363,0.650941,-1293.817383,294.500488,0.000000
45.020000,65.228477,-1293.861938,-0.000517,0.002563,0.065094,290.150757,14.780985,0.650941,-1293.861938,294.500488,0.000000
45.030003,65.209862,-1293.861938,-0.000513,0.002563,0.065094,290.067963,14.776766,0.650941,-1293.861938,294.500488,0.000000
45.040001,65.203911,-1293.728516,-0.000504,0.002563,0.065094,290.041473,14.775417,0.650941,-1293.728516,294.500488,0.000000
45.050003,65.181572,-1293.817383,-0.000513,0.002563,0.065094,289.942108,14.770355,0.650941,-1293.817383,294.500488,0.000000
45.060001,65.159599,-1293.861938,-0.000513,0.002563,0.065103,289.844360,14.765376,0.651032,-1293.861938,294.500488,0.000000
45.070004,65.156242,-1293.817383,-0.000509,0.002563,0.065103,289.829437,14.764615,0.651032,-1293.817383,294.500488,0.000000
45.080002,65.140602,-1293.861938,-0.000522,0.002563,0.065111,289.759857,14.761071,0.651108,-1293.861938,294.500488,0.000000
45.090004,65.106712,-1293.772949,-0.000509,0.002563,0.065111,289.609131,14.753392,0.651108,-1293.772949,294.500488,0.000000
45.100002,65.078041,-1293.861938,-0.000513,0.002564,0.065129,289.481598,14.746895,0.651290,-1293.861938,294.500488,0.000000
45.110001,65.061668,-1293.772949,-0.000517,0.002566,0.065164,289.408752,14.743185,0.651638,-1293.772949,294.500488,0.000000
45.120003,65.076561,-1293.817383,-0.000513,0.002569,0.065241,289.475006,14.746559,0.652410,-1293.817383,294.500488,0.000000
45.130001,65.141716,-1293.817383,-0.000526,0.002571,0.065302,289.764832,14.761324,0.653015,-1293.817383,294.500488,0.000000
45.140003,65.299232,-1293.817383,-0.000504,0.002572,0.065329,290.465485,14.797018,0.653288,-1293.817383,294.500488,0.000000
45.150002,65.372963,-1293.861938,-0.000513,0.002572,0.065329,290.793457,14.813725,0.653288,-1293.861938,294.500488,0.000000
45.160004,65.398659,-1293.772949,-0.000526,0.002572,0.065329,290.907776,14.819548,0.653288,-1293.772949,294.500488,0.000000
45.170002,65.412437,-1293.772949,-0.000500,0.002572,0.065329,290.969055,14.822670,0.653288,-1293.772949,294.500488,0.000000
45.180000,65.416908,-1293.861938,-0.000517,0.002572,0.065329,290.988953,14.823683,0.653288,-1293.861938,294.500488,0.000000
45.190002,65.435890,-1293.817383,-0.000500,0.002572,0.065329,291.073364,14.827985,0.653288,-1293.817383,294.500488,0.000000
45.200001,65.438499,-1293.861938,-0.000522,0.002572,0.065329,291.084991,14.828575,0.653288,-1293.861938,294.500488,0.000000
45.210003,65.430687,-1293.817383,-0.000504,0.002572,0.065329,291.050232,14.826806,0.653288,-1293.817383,294.500488,0.000000
45.220001,65.403496,-1293.817383,-0.000517,0.002572,0.065329,290.929291,14.820643,0.653288,-1293.817383,294.500488,0.000000
45.230003,65.378929,-1293.906372,-0.000513,0.002572,0.065329,290.820007,14.815078,0.653288,-1293.906372,294.500488,0.000000
45.240002,65.374825,-1293.772949,-0.000509,0.002572,0.065329,290.801758,14.814147,0.653288,-1293.772949,294.500488,0.000000
45.250004,65.369987,-1293.817383,-0.000509,0.002572,0.065329,290.780212,14.813051,0.653288,-1293.817383,294.500488,0.000000
45.260002,65.355843,-1293.817383,-0.000530,0.002572,0.065329,290.717316,14.809846,0.653288,-1293.817383,294.500488,0.000000
45.270000,65.330513,-1293.772949,-0.000513,0.002572,0.065329,290.604645,14.804106,0.653288,-1293.772949,294.500488,0.000000
45.280003,65.308922,-1293.861938,-0.000513,0.002572,0.065329,290.508606,14.799213,0.653288,-1293.861938,294.500488,0.000000
45.290001,65.300728,-1293.817383,-0.000504,0.002572,0.065329,290.472137,14.797357,0.653288,-1293.817383,294.500488,0.000000
45.300003,65.307426,-1293.772949,-0.000496,0.002572,0.065329,290.501953,14.798875,0.653288,-1293.772949,294.500488,0.000000
45.310001,65.293648,-1293.817383,-0.000530,0.002572,0.065329,290.440643,14.795753,0.653288,-1293.817383,294.500488,0.000000
45.320004,65.267586,-1293.817383,-0.000509,0.002572,0.065329,290.324707,14.789846,0.653288,-1293.817383,294.500488,0.000000
45.330002,65.247475,-1293.861938,-0.000522,0.002572,0.065329,290.235260,14.785289,0.653288,-1293.861938,294.500488,0.000000
45.340004,65.250084,-1293.772949,-0.000504,0.002572,0.065329,290.246857,14.785880,0.653288,-1293.772949,294.500488,0.000000
45.350002,65.232201,-1293.772949,-0.000509,0.002572,0.065329,290.167328,14.781828,0.653288,-1293.772949,294.500488,0.000000
45.360001,65.218056,-1293.861938,-0.000509,0.002572,0.065329,290.104401,14.778623,0.653288,-1293.861938,294.500488,0.000000
45.370003,65.202049,-1293.861938,-0.000509,0.002572,0.065329,290.033203,14.774996,0.653288,-1293.861938,294.500488,0.000000
45.380001,65.182304,-1293.861938,-0.000504,0.002572,0.065329,289.945374,14.770521,0.653288,-1293.861938,294.500488,0.000000
45.390003,65.172630,-1293.728516,-0.000509,0.002572,0.065336,289.902344,14.768330,0.653364,-1293.728516,294.500488,0.000000
45.400002,65.158104,-1293.817383,-0.000522,0.002572,0.065336,289.837708,14.765038,0.653364,-1293.817383,294.500488,0.000000
45.410004,65.125343,-1293.861938,-0.000513,0.002573,0.065355,289.691986,14.757614,0.653545,-1293.861938,294.500488,0.000000
45.420002,65.111183,-1293.772949,-0.000509,0.002574,0.065389,289.628998,14.754405,0.653894,-1293.772949,294.500488,0.000000
45.430000,65.126823,-1293.861938,-0.000500,0.002576,0.065424,289.698578,14.757949,0.654242,-1293.861938,294.500488,0.000000
45.440002,65.174492,-1293.772949,-0.000513,0.002577,0.065450,289.910614,14.768751,0.654499,-1293.772949,294.500488,0.000000
45.450001,65.248970,-1293.861938,-0.000500,0.002577,0.065457,290.241913,14.785628,0.654575,-1293.861938,294.500488,0.000000
45.460003,65.312645,-1293.861938,-0.000509,0.002577,0.065457,290.525146,14.800056,0.654575,-1293.861938,294.500488,0.000000
45.470001,65.325294,-1293.817383,-0.000496,0.002577,0.065457,290.581421,14.802923,0.654575,-1293.817383,294.500488,0.000000
45.480003,65.326042,-1293.861938,-0.000496,0.002577,0.065457,290.584747,14.803092,0.654575,-1293.861938,294.500488,0.000000
45.490002,65.332008,-1293.772949,-0.000513,0.002577,0.065457,290.611298,14.804445,0.654575,-1293.772949,294.500488,0.000000
45.500004,65.317848,-1293.817383,-0.000504,0.002577,0.065457,290.548309,14.801236,0.654575,-1293.817383,294.500488,0.000000
45.510002,65.315987,-1293.772949,-0.000504,0.002577,0.065457,290.540009,14.800814,0.654575,-1293.772949,294.500488,0.000000
45.520000,65.309654,-1293.817383,-0.000496,0.002577,0.065457,290.511841,14.799379,0.654575,-1293.817383,294.500488,0.000000
45.530003,65.311897,-1293.817383,-0.000517,0.002577,0.065457,290.521820,14.799888,0.654575,-1293.817383,294.500488,0.000000
45.540001,65.292534,-1293.772949,-0.000487,0.002577,0.065457,290.435699,14.795500,0.654575,-1293.772949,294.500488,0.000000
45.550003,65.289925,-1293.817383,-0.000513,0.002577,0.065457,290.424103,14.794909,0.654575,-1293.817383,294.500488,0.000000
45.560001,65.290291,-1293.861938,-0.000500,0.002577,0.065457,290.425720,14.794991,0.654575,-1293.861938,294.500488,0.000000
45.570004,65.272423,-1293.906372,-0.000496,0.002577,0.065457,290.346252,14.790943,0.654575,-1293.906372,294.500488,0.000000
45.580002,65.255669,-1293.861938,-0.000500,0.002577,0.065457,290.271698,14.787147,0.654575,-1293.861938,294.500488,0.000000
45.590004,65.249336,-1293.772949,-0.000509,0.002577,0.065457,290.243530,14.785711,0.654575,-1293.772949,294.500488,0.000000
45.600002,65.236671,-1293.906372,-0.000496,0.002577,0.065467,290.187195,14.782842,0.654666,-1293.906372,294.500488,0.000000
45.610001,65.235191,-1293.817383,-0.000509,0.002577,0.065467,290.180634,14.782506,0.654666,-1293.817383,294.500488,0.000000
45.620003,65.219170,-1293.817383,-0.000496,0.002577,0.065467,290.109344,14.778874,0.654666,-1293.817383,294.500488,0.000000
45.630001,65.196465,-1293.906372,-0.000500,0.002577,0.065467,290.008362,14.773730,0.654666,-1293.906372,294.500488,0.000000
45.640003,65.190880,-1293.817383,-0.000509,0.002578,0.065476,289.983521,14.772465,0.654757,-1293.817383,294.500488,0.000000
45.650002,65.176720,-1293.861938,-0.000496,0.002578,0.065476,289.920532,14.769256,0.654757,-1293.861938,294.500488,0.000000
45.660004,65.164070,-1293.772949,-0.000513,0.002578,0.065492,289.864258,14.766389,0.654923,-1293.772949,294.500488,0.000000
45.670002,65.153267,-1293.772949,-0.000500,0.002580,0.065527,289.816193,14.763942,0.655271,-1293.772949,294.500488,0.000000
45.680000,65.161827,-1293.817383,-0.000504,0.002582,0.065588,289.854279,14.765881,0.655877,-1293.817383,294.500488,0.000000
45.690002,65.248970,-1293.772949,-0.000487,0.002585,0.065648,290.241913,14.785628,0.656482,-1293.772949,294.500488,0.000000
45.700001,65.426964,-1293.817383,-0.000500,0.002586,0.065683,291.033661,14.825962,0.656831,-1293.817383,294.500488,0.000000
45.710003,65.574043,-1293.861938,-0.000509,0.002586,0.065683,291.687927,14.859290,0.656831,-1293.861938,294.500488,0.000000
45.720001,65.660057,-1293.861938,-0.000487,0.002586,0.065683,292.070526,14.878782,0.656831,-1293.861938,294.500488,0.000000
45.730003,65.673470,-1293.817383,-0.000500,0.002586,0.065683,292.130188,14.881822,0.656831,-1293.817383,294.500488,0.000000
45.740002,65.697670,-1293.772949,-0.000522,0.002586,0.065675,292.237823,14.887304,0.656755,-1293.772949,294.500488,0.000000
45.750004,65.695442,-1293.861938,-0.000496,0.002586,0.065675,292.227936,14.886800,0.656755,-1293.861938,294.500488,0.000000
45.760002,65.692833,-1293.817383,-0.000504,0.002586,0.065675,292.216309,14.886209,0.656755,-1293.817383,294.500488,0.000000
45.770000,65.686882,-1293.817383,-0.000492,0.002586,0.065675,292.189850,14.884861,0.656755,-1293.817383,294.500488,0.000000
45.780003,65.685387,-1293.817383,-0.000513,0.002586,0.065675,292.183197,14.884521,0.656755,-1293.817383,294.500488,0.000000
45.790001,65.674965,-1293.817383,-0.000500,0.002586,0.065675,292.136841,14.882160,0.656755,-1293.817383,294.500488,0.000000
45.800003,65.663780,-1293.906372,-0.000504,0.002586,0.065675,292.087097,14.879625,0.656755,-1293.906372,294.500488,0.000000
45.810001,65.669746,-1293.728516,-0.000500,0.002586,0.065675,292.113617,14.880977,0.656755,-1293.728516,294.500488,0.000000
45.820004,65.648155,-1293.817383,-0.000496,0.002586,0.065675,292.017578,14.876084,0.656755,-1293.817383,294.500488,0.000000
45.830002,65.625435,-1293.817383,-0.000513,0.002586,0.065675,291.916504,14.870936,0.656755,-1293.817383,294.500488,0.000000
45.840004,65.603096,-1293.772949,-0.000487,0.002586,0.065675,291.817139,14.865874,0.656755,-1293.772949,294.500488,0.000000
45.850002,65.587822,-1293.861938,-0.000500,0.002586,0.065675,291.749207,14.862412,0.656755,-1293.861938,294.500488,0.000000
45.860001,65.577019,-1293.772949,-0.000504,0.002586,0.065675,291.701141,14.859965,0.656755,-1293.772949,294.500488,0.000000
45.870003,65.577400,-1293.861938,-0.000496,0.002586,0.065675,291.702850,14.860051,0.656755,-1293.861938,294.500488,0.000000
45.880001,65.566963,-1293.861938,-0.000500,0.002586,0.065675,291.656433,14.857686,0.656755,-1293.861938,294.500488,0.000000
45.890003,65.554680,-1293.728516,-0.000487,0.002586,0.065675,291.601776,14.854903,0.656755,-1293.728516,294.500488,0.000000
45.900002,65.545738,-1293.817383,-0.000492,0.002586,0.065675,291.562012,14.852877,0.656755,-1293.817383,294.500488,0.000000
45.910004,65.537178,-1293.772949,-0.000496,0.002586,0.065675,291.523926,14.850937,0.656755,-1293.772949,294.500488,0.000000
45.920002,65.518929,-1293.817383,-0.000504,0.002586,0.065675,291.442749,14.846802,0.656755,-1293.817383,294.500488,0.000000
45.930000,65.509621,-1293.861938,-0.000492,0.002586,0.065675,291.401337,14.844692,0.656755,-1293.861938,294.500488,0.000000
45.940002,65.494728,-1293.817383,-0.000487,0.002586,0.065675,291.335114,14.841318,0.656755,-1293.817383,294.500488,0.000000
45.950001,65.482811,-1293.861938,-0.000487,0.002586,0.065675,291.282104,14.838617,0.656755,-1293.861938,294.500488,0.000000
45.960003,65.471275,-1293.772949,-0.000496,0.002586,0.065675,291.230774,14.836003,0.656755,-1293.772949,294.500488,0.000000
45.970001,65.456383,-1293.817383,-0.000483,0.002586,0.065675,291.164520,14.832628,0.656755,-1293.817383,294.500488,0.000000
45.980003,65.435890,-1293.817383,-0.000496,0.002586,0.065675,291.073364,14.827985,0.656755,-1293.817383,294.500488,0.000000
45.990002,65.407600,-1293.817383,-0.000492,0.002586,0.065675,290.947540,14.821574,0.656755,-1293.817383,294.500488,0.000000
46.000004,65.380043,-1293.861938,-0.000492,0.002586,0.065683,290.824951,14.815329,0.656831,-1293.861938,294.500488,0.000000
46.010002,65.368492,-1293.772949,-0.000479,0.002586,0.065683,290.773590,14.812712,0.656831,-1293.772949,294.500488,0.000000
46.020000,65.345039,-1293.861938,-0.000487,0.002586,0.065683,290.669250,14.807397,0.656831,-1293.861938,294.500488,0.000000
46.030003,65.332756,-1293.817383,-0.000492,0.002586,0.065683,290.614624,14.804614,0.656831,-1293.817383,294.500488,0.000000
46.040001,65.320457,-1293.772949,-0.000496,0.002586,0.065692,290.559906,14.801826,0.656922,-1293.772949,294.500488,0.000000
46.050003,65.307793,-1293.861938,-0.000492,0.002586,0.065692,290.503571,14.798957,0.656922,-1293.861938,294.500488,0.000000
46.060001,65.308540,-1293.861938,-0.000496,0.002586,0.065692,290.506897,14.799127,0.656922,-1293.861938,294.500488,0.000000
46.070004,65.291420,-1293.817383,-0.000492,0.002586,0.065692,290.430756,14.795248,0.656922,-1293.817383,294.500488,0.000000
46.080002,65.282112,-1293.906372,-0.000504,0.002586,0.065692,290.389343,14.793138,0.656922,-1293.906372,294.500488,0.000000
46.090004,65.267204,-1293.861938,-0.000492,0.002587,0.065701,290.323029,14.789760,0.657012,-1293.861938,294.500488,0.000000
46.100002,65.271309,-1293.950806,-0.000492,0.002587,0.065701,290.341278,14.790690,0.657012,-1293.950806,294.500488,0.000000
46.110001,65.264610,-1293.817383,-0.000500,0.002587,0.065701,290.311493,14.789172,0.657012,-1293.817383,294.500488,0.000000
46.120003,65.253807,-1293.817383,-0.000496,0.002587,0.065701,290.263428,14.786724,0.657012,-1293.817383,294.500488,0.000000
46.130001,65.234062,-1293.817383,-0.000483,0.002587,0.065710,290.175598,14.782249,0.657103,-1293.817383,294.500488,0.000000
46.140003,65.223274,-1293.728516,-0.000496,0.002587,0.065718,290.127625,14.779805,0.657179,-1293.728516,294.500488,0.000000
46.150002,65.234444,-1293.861938,-0.000496,0.002588,0.065736,290.177307,14.782336,0.657361,-1293.861938,294.500488,0.000000
46.160004,65.224754,-1293.861938,-0.000496,0.002588,0.065744,290.134186,14.780140,0.657436,-1293.861938,294.500488,0.000000
46.170002,65.232201,-1293.817383,-0.000483,0.002589,0.065762,290.167328,14.781828,0.657618,-1293.817383,294.500488,0.000000
46.180000,65.243752,-1293.817383,-0.000496,0.002590,0.065778,290.218689,14.784445,0.657784,-1293.817383,294.500488,0.000000
46.190002,65.282845,-1293.817383,-0.000487,0.002590,0.065778,290.392609,14.793304,0.657784,-1293.817383,294.500488,0.000000
46.200001,65.308922,-1293.817383,-0.000492,0.002590,0.065778,290.508606,14.799213,0.657784,-1293.817383,294.500488,0.000000
46.210003,65.312645,-1293.817383,-0.000496,0.002590,0.065778,290.525146,14.800056,0.657784,-1293.817383,294.500488,0.000000
46.220001,65.301842,-1293.861938,-0.000483,0.002590,0.065778,290.477112,14.797609,0.657784,-1293.861938,294.500488,0.000000
46.230003,65.297371,-1293.772949,-0.000492,0.002590,0.065778,290.457214,14.796596,0.657784,-1293.772949,294.500488,0.000000
46.240002,65.299614,-1293.772949,-0.000487,0.002590,0.065778,290.467194,14.797104,0.657784,-1293.772949,294.500488,0.000000
46.250004,65.295143,-1293.861938,-0.000492,0.002590,0.065778,290.447296,14.796091,0.657784,-1293.861938,294.500488,0.000000
46.260002,65.295891,-1293.817383,-0.000500,0.002590,0.065778,290.450623,14.796261,0.657784,-1293.817383,294.500488,0.000000
46.270000,65.283974,-1293.817383,-0.000500,0.002590,0.065778,290.397614,14.793560,0.657784,-1293.817383,294.500488,0.000000
46.280003,65.273918,-1293.906372,-0.000487,0.002590,0.065778,290.352875,14.791282,0.657784,-1293.906372,294.500488,0.000000
46.290001,65.267952,-1293.817383,-0.000474,0.002590,0.065778,290.326355,14.789929,0.657784,-1293.817383,294.500488,0.000000
46.300003,65.260887,-1293.817383,-0.000492,0.002590,0.065788,290.294922,14.788328,0.657875,-1293.817383,294.500488,0.000000
46.310001,65.244118,-1293.728516,-0.000483,0.002590,0.065788,290.220337,14.784528,0.657875,-1293.728516,294.500488,0.000000
46.320004,65.235191,-1293.817383,-0.000496,0.002590,0.065788,290.180634,14.782506,0.657875,-1293.817383,294.500488,0.000000
46.330002,65.232582,-1293.906372,-0.000496,0.002590,0.065797,290.169006,14.781914,0.657966,-1293.906372,294.500488,0.000000
46.340004,65.217690,-1293.817383,-0.000479,0.002591,0.065813,290.102783,14.778540,0.658133,-1293.817383,294.500488,0.000000
46.350002,65.218437,-1293.861938,-0.000487,0.002591,0.065813,290.106110,14.778709,0.658133,-1293.861938,294.500488,0.000000
46.360001,65.224388,-1293.861938,-0.000487,0.002591,0.065813,290.132568,14.780058,0.658133,-1293.861938,294.500488,0.000000
46.370003,65.231087,-1293.817383,-0.000487,0.002591,0.065813,290.162354,14.781575,0.658133,-1293.817383,294.500488,0.000000
46.380001,65.223274,-1293.861938,-0.000492,0.002591,0.065813,290.127625,14.779805,0.658133,-1293.861938,294.500488,0.000000
46.390003,65.210976,-1293.772949,-0.000479,0.002591,0.065813,290.072906,14.777019,0.658133,-1293.772949,294.500488,0.000000
46.400002,65.194221,-1293.861938,-0.000492,0.002591,0.065813,289.998383,14.773222,0.658133,-1293.861938,294.500488,0.000000
46.410004,65.199440,-1293.728516,-0.000474,0.002591,0.065813,290.021606,14.774405,0.658133,-1293.728516,294.500488,0.000000
46.420002,65.198326,-1293.772949,-0.000479,0.002591,0.065813,290.016632,14.774152,0.658133,-1293.772949,294.500488,0.000000
46.430000,65.183800,-1293.817383,-0.000483,0.002591,0.065813,289.952026,14.770861,0.658133,-1293.817383,294.500488,0.000000
46.440002,65.163322,-1293.772949,-0.000479,0.002591,0.065813,289.860931,14.766220,0.658133,-1293.772949,294.500488,0.000000
46.450001,65.148430,-1293.817383,-0.000474,0.002591,0.065813,289.794678,14.762845,0.658133,-1293.817383,294.500488,0.000000
46.460003,65.131294,-1293.817383,-0.000487,0.002591,0.065822,289.718475,14.758963,0.658224,-1293.817383,294.500488,0.000000
46.470001,65.126823,-1293.861938,-0.000474,0.002592,0.065831,289.698578,14.757949,0.658314,-1293.861938,294.500488,0.000000
46.480003,65.117149,-1293.772949,-0.000496,0.002592,0.065831,289.655548,14.755756,0.658314,-1293.772949,294.500488,0.000000
46.490002,65.103737,-1293.772949,-0.000487,0.002592,0.065839,289.595886,14.752718,0.658390,-1293.772949,294.500488,0.000000
46.500004,65.092201,-1293.906372,-0.000496,0.002593,0.065866,289.544586,14.750103,0.658663,-1293.906372,294.500488,0.000000
46.510002,65.105598,-1293.772949,-0.000487,0.002595,0.065901,289.604156,14.753139,0.659011,-1293.772949,294.500488,0.000000
46.520000,65.153633,-1293.817383,-0.000496,0.002596,0.065927,289.817841,14.764025,0.659268,-1293.817383,294.500488,0.000000
46.530003,65.237419,-1293.817383,-0.000492,0.002596,0.065934,290.190521,14.783010,0.659344,-1293.817383,294.500488,0.000000
46.540001,65.296257,-1293.772949,-0.000483,0.002596,0.065934,290.452271,14.796344,0.659344,-1293.772949,294.500488,0.000000
46.550003,65.333488,-1293.861938,-0.000500,0.002596,0.065934,290.617859,14.804780,0.659344,-1293.861938,294.500488,0.000000
46.560001,65.329765,-1293.728516,-0.000496,0.002596,0.065934,290.601318,14.803937,0.659344,-1293.728516,294.500488,0.000000
46.570004,65.326042,-1293.817383,-0.000483,0.002596,0.065934,290.584747,14.803092,0.659344,-1293.817383,294.500488,0.000000
46.580002,65.330147,-1293.817383,-0.000479,0.002596,0.065934,290.602997,14.804023,0.659344,-1293.817383,294.500488,0.000000
46.590004,65.333488,-1293.728516,-0.000470,0.002596,0.065934,290.617859,14.804780,0.659344,-1293.728516,294.500488,0.000000
46.600002,65.321205,-1293.817383,-0.000474,0.002596,0.065934,290.563232,14.801996,0.659344,-1293.817383,294.500488,0.000000
46.610001,65.319344,-1293.817383,-0.000492,0.002596,0.065934,290.554962,14.801575,0.659344,-1293.817383,294.500488,0.000000
46.620003,65.302208,-1293.861938,-0.000479,0.002596,0.065934,290.478729,14.797691,0.659344,-1293.861938,294.500488,0.000000
46.630001,65.301842,-1293.772949,-0.000483,0.002596,0.065934,290.477112,14.797609,0.659344,-1293.772949,294.500488,0.000000
46.640003,65.297005,-1293.817383,-0.000479,0.002596,0.065934,290.455597,14.796514,0.659344,-1293.817383,294.500488,0.000000
46.650002,65.293648,-1293.817383,-0.000492,0.002596,0.065934,290.440643,14.795753,0.659344,-1293.817383,294.500488,0.000000
46.660004,65.287315,-1293.861938,-0.000496,0.002596,0.065934,290.412476,14.794317,0.659344,-1293.861938,294.500488,0.000000
46.670002,65.272789,-1293.861938,-0.000487,0.002596,0.065934,290.347870,14.791025,0.659344,-1293.861938,294.500488,0.000000
46.680004,65.262001,-1293.861938,-0.000492,0.002596,0.065934,290.299866,14.788581,0.659344,-1293.861938,294.500488,0.000000
46.690002,65.275780,-1293.817383,-0.000479,0.002596,0.065934,290.361176,14.791703,0.659344,-1293.817383,294.500488,0.000000
46.700001,65.244118,-1293.861938,-0.000474,0.002596,0.065934,290.220337,14.784528,0.659344,-1293.861938,294.500488,0.000000
46.710003,65.239281,-1293.817383,-0.000496,0.002596,0.065934,290.198822,14.783432,0.659344,-1293.817383,294.500488,0.000000
46.720001,65.220299,-1293.861938,-0.000470,0.002596,0.065934,290.114380,14.779131,0.659344,-1293.861938,294.500488,0.000000
46.730003,65.216942,-1293.861938,-0.000492,0.002596,0.065943,290.099457,14.778370,0.659435,-1293.861938,294.500488,0.000000
46.740002,65.216576,-1293.817383,-0.000487,0.002596,0.065943,290.097809,14.778287,0.659435,-1293.817383,294.500488,0.000000
46.750004,65.212837,-1293.861938,-0.000483,0.002596,0.065943,290.081177,14.777440,0.659435,-1293.861938,294.500488,0.000000
46.760002,65.203163,-1293.861938,-0.000483,0.002597,0.065953,290.038147,14.775248,0.659526,-1293.861938,294.500488,0.000000
46.770000,65.178963,-1293.817383,-0.000479,0.002597,0.065962,289.930511,14.769765,0.659616,-1293.817383,294.500488,0.000000
46.780003,65.178581,-1293.817383,-0.000479,0.002598,0.065978,289.928802,14.769677,0.659783,-1293.817383,294.500488,0.000000
46.790001,65.177101,-1293.772949,-0.000492,0.002599,0.066013,289.922211,14.769342,0.660131,-1293.772949,294.500488,0.000000
46.800003,65.208382,-1293.861938,-0.000474,0.002601,0.066057,290.061371,14.776431,0.660570,-1293.861938,294.500488,0.000000
46.810001,65.297752,-1293.817383,-0.000479,0.002601,0.066074,290.458923,14.796682,0.660737,-1293.817383,294.500488,0.000000
46.820004,65.398659,-1293.861938,-0.000479,0.002601,0.066074,290.907776,14.819548,0.660737,-1293.861938,294.500488,0.000000
46.830002,65.432549,-1293.861938,-0.000496,0.002601,0.066074,291.058502,14.827228,0.660737,-1293.861938,294.500488,0.000000
46.840004,65.457863,-1293.772949,-0.000466,0.002601,0.066074,291.171112,14.832964,0.660737,-1293.772949,294.500488,0.000000
46.850002,65.473137,-1293.906372,-0.000479,0.002601,0.066074,291.239044,14.836425,0.660737,-1293.906372,294.500488,0.000000
46.860001,65.482811,-1293.772949,-0.000479,0.002601,0.066074,291.282104,14.838617,0.660737,-1293.772949,294.500488,0.000000
46.870003,65.506279,-1293.861938,-0.000474,0.002601,0.066074,291.386475,14.843935,0.660737,-1293.861938,294.500488,0.000000
46.880001,65.509254,-1293.906372,-0.000487,0.002601,0.066074,291.399719,14.844608,0.660737,-1293.906372,294.500488,0.000000
46.890003,65.501427,-1293.728516,-0.000474,0.002601,0.066074,291.364899,14.842835,0.660737,-1293.728516,294.500488,0.000000
46.900002,65.486168,-1293.817383,-0.000474,0.002601,0.066074,291.297028,14.839377,0.660737,-1293.817383,294.500488,0.000000
46.910004,65.473503,-1293.772949,-0.000487,0.002601,0.066074,291.240692,14.836508,0.660737,-1293.772949,294.500488,0.000000
46.920002,65.474998,-1293.772949,-0.000470,0.002601,0.066074,291.247345,14.836846,0.660737,-1293.772949,294.500488,0.000000
46.930004,65.473503,-1293.817383,-0.000479,0.002601,0.066074,291.240692,14.836508,0.660737,-1293.817383,294.500488,0.000000
46.940002,65.460472,-1293.772949,-0.000470,0.002601,0.066074,291.182709,14.833555,0.660737,-1293.772949,294.500488,0.000000
46.950001,65.450417,-1293.817383,-0.000479,0.002601,0.066074,291.138000,14.831276,0.660737,-1293.817383,294.500488,0.000000
46.960003,65.447441,-1293.817383,-0.000479,0.002601,0.066074,291.124756,14.830602,0.660737,-1293.817383,294.500488,0.000000
46.970001,65.433296,-1293.817383,-0.000470,0.002601,0.066074,291.061829,14.827397,0.660737,-1293.817383,294.500488,0.000000
46.980003,65.401634,-1293.817383,-0.000470,0.002601,0.066074,290.920990,14.820223,0.660737,-1293.817383,294.500488,0.000000
46.990002,65.376686,-1293.772949,-0.000461,0.002601,0.066074,290.810028,14.814569,0.660737,-1293.772949,294.500488,0.000000
47.000004,65.368126,-1293.906372,-0.000483,0.002601,0.066074,290.771942,14.812629,0.660737,-1293.906372,294.500488,0.000000
47.010002,65.359184,-1293.817383,-0.000487,0.002601,0.066074,290.732178,14.810603,0.660737,-1293.817383,294.500488,0.000000
47.020000,65.340202,-1293.817383,-0.000479,0.002601,0.066074,290.647736,14.806301,0.660737,-1293.817383,294.500488,0.000000
47.030003,65.325294,-1293.861938,-0.000466,0.002601,0.066074,290.581421,14.802923,0.660737,-1293.861938,294.500488,0.000000
47.040001,65.321571,-1293.728516,-0.000470,0.002601,0.066074,290.564850,14.802079,0.660737,-1293.728516,294.500488,0.000000
47.050003,65.311897,-1293.817383,-0.000487,0.002601,0.066074,290.521820,14.799888,0.660737,-1293.817383,294.500488,0.000000
47.060001,65.307060,-1293.772949,-0.000470,0.002601,0.066074,290.500305,14.798792,0.660737,-1293.772949,294.500488,0.000000
47.070004,65.298119,-1293.817383,-0.000470,0.002601,0.066074,290.460541,14.796765,0.660737,-1293.817383,294.500488,0.000000
47.080002,65.282478,-1293.861938,-0.000483,0.002602,0.066083,290.390961,14.793221,0.660828,-1293.861938,294.500488,0.000000
47.090004,65.280251,-1293.728516,-0.000470,0.002602,0.066092,290.381042,14.792717,0.660918,-1293.728516,294.500488,0.000000
47.100002,65.275398,-1293.861938,-0.000466,0.002602,0.066092,290.359467,14.791616,0.660918,-1293.861938,294.500488,0.000000
47.110001,65.268700,-1293.772949,-0.000479,0.002602,0.066099,290.329681,14.790098,0.660994,-1293.772949,294.500488,0.000000
47.120003,65.263863,-1293.906372,-0.000466,0.002603,0.066108,290.308167,14.789002,0.661085,-1293.906372,294.500488,0.000000
47.130001,65.260506,-1293.861938,-0.000483,0.002603,0.066108,290.293213,14.788242,0.661085,-1293.861938,294.500488,0.000000
47.140003,65.262749,-1293.817383,-0.000474,0.002603,0.066108,290.303192,14.788750,0.661085,-1293.817383,294.500488,0.000000
47.150002,65.253426,-1293.817383,-0.000470,0.002603,0.066108,290.261719,14.786638,0.661085,-1293.817383,294.500488,0.000000
47.160004,65.257164,-1293.817383,-0.000479,0.002603,0.066108,290.278351,14.787484,0.661085,-1293.817383,294.500488,0.000000
47.170002,65.242638,-1293.906372,-0.000474,0.002603,0.066108,290.213745,14.784193,0.661085,-1293.906372,294.500488,0.000000
47.180004,65.242638,-1293.861938,-0.000496,0.002603,0.066108,290.213745,14.784193,0.661085,-1293.861938,294.500488,0.000000
47.190002,65.238914,-1293.772949,-0.000487,0.002603,0.066118,290.197174,14.783349,0.661176,-1293.772949,294.500488,0.000000
47.200001,65.232582,-1293.817383,-0.000470,0.002604,0.066134,290.169006,14.781914,0.661342,-1293.817383,294.500488,0.000000
47.210003,65.224754,-1293.817383,-0.000474,0.002604,0.066134,290.134186,14.780140,0.661342,-1293.817383,294.500488,0.000000
47.220001,65.226250,-1293.772949,-0.000474,0.002604,0.066134,290.140839,14.780479,0.661342,-1293.772949,294.500488,0.000000
47.230003,65.227745,-1293.861938,-0.000483,0.002604,0.066134,290.147491,14.780818,0.661342,-1293.861938,294.500488,0.000000
47.240002,65.235191,-1293.772949,-0.000479,0.002604,0.066134,290.180634,14.782506,0.661342,-1293.772949,294.500488,0.000000
47.250004,65.220665,-1293.906372,-0.000457,0.002604,0.066134,290.115997,14.779214,0.661342,-1293.906372,294.500488,0.000000
47.260002,65.216576,-1293.772949,-0.000470,0.002604,0.066143,290.097809,14.778287,0.661433,-1293.772949,294.500488,0.000000
47.270000,65.232582,-1293.817383,-0.000479,0.002605,0.066160,290.169006,14.781914,0.661600,-1293.817383,294.500488,0.000000
47.280003,65.238533,-1293.817383,-0.000479,0.002605,0.066178,290.195496,14.783262,0.661781,-1293.817383,294.500488,0.000000
47.290001,65.244118,-1293.906372,-0.000453,0.002606,0.066187,290.220337,14.784528,0.661872,-1293.906372,294.500488,0.000000
47.300003,65.251564,-1293.861938,-0.000474,0.002606,0.066187,290.253448,14.786216,0.661872,-1293.861938,294.500488,0.000000
47.310001,65.258278,-1293.772949,-0.000487,0.002606,0.066187,290.283325,14.787737,0.661872,-1293.772949,294.500488,0.000000
47.320004,65.290672,-1293.817383,-0.000470,0.002606,0.066187,290.427429,14.795078,0.661872,-1293.817383,294.500488,0.000000
47.330002,65.282845,-1293.906372,-0.000470,0.002606,0.066187,290.392609,14.793304,0.661872,-1293.906372,294.500488,0.000000
47.340004,65.283974,-1293.817383,-0.000453,0.002606,0.066187,290.397614,14.793560,0.661872,-1293.817383,294.500488,0.000000
47.350002,65.280983,-1293.861938,-0.000474,0.002606,0.066195,290.384308,14.792882,0.661948,-1293.861938,294.500488,0.000000
47.360001,65.286568,-1293.772949,-0.000474,0.002606,0.066195,290.409149,14.794147,0.661948,-1293.772949,294.500488,0.000000
47.370003,65.285454,-1293.817383,-0.000466,0.002606,0.066195,290.404205,14.793895,0.661948,-1293.817383,294.500488,0.000000
47.380001,65.280617,-1293.817383,-0.000474,0.002606,0.066204,290.382690,14.792799,0.662039,-1293.817383,294.500488,0.000000
47.390003,65.263863,-1293.817383,-0.000461,0.002606,0.066204,290.308167,14.789002,0.662039,-1293.817383,294.500488,0.000000
47.400002,65.264610,-1293.861938,-0.000461,0.002606,0.066204,290.311493,14.789172,0.662039,-1293.861938,294.500488,0.000000
47.410004,65.270195,-1293.772949,-0.000470,0.002606,0.066204,290.336334,14.790438,0.662039,-1293.772949,294.500488,0.000000
47.420002,65.256416,-1293.861938,-0.000457,0.002606,0.066204,290.275024,14.787314,0.662039,-1293.861938,294.500488,0.000000
47.430004,65.251198,-1293.817383,-0.000461,0.002606,0.066204,290.251831,14.786133,0.662039,-1293.817383,294.500488,0.000000
47.440002,65.251564,-1293.772949,-0.000457,0.002607,0.066213,290.253448,14.786216,0.662130,-1293.772949,294.500488,0.000000
47.450001,65.238167,-1293.861938,-0.000461,0.002607,0.066222,290.193848,14.783179,0.662220,-1293.861938,294.500488,0.000000
47.460003,65.240776,-1293.772949,-0.000461,0.002607,0.066230,290.205475,14.783772,0.662296,-1293.772949,294.500488,0.000000
47.470001,65.248970,-1293.861938,-0.000470,0.002608,0.066239,290.241913,14.785628,0.662387,-1293.861938,294.500488,0.000000
47.480003,65.248222,-1293.817383,-0.000470,0.002608,0.066239,290.238586,14.785459,0.662387,-1293.817383,294.500488,0.000000
47.490002,65.257530,-1293.772949,-0.000461,0.002608,0.066239,290.279999,14.787567,0.662387,-1293.772949,294.500488,0.000000
47.500004,65.263115,-1293.861938,-0.000470,0.002608,0.066239,290.304840,14.788833,0.662387,-1293.861938,294.500488,0.000000
47.510002,65.266472,-1293.817383,-0.000466,0.002608,0.066239,290.319763,14.789594,0.662387,-1293.817383,294.500488,0.000000
47.520000,65.265724,-1293.861938,-0.000483,0.002608,0.066239,290.316437,14.789425,0.662387,-1293.861938,294.500488,0.000000
47.530003,65.248589,-1293.861938,-0.000483,0.002608,0.066248,290.240204,14.785542,0.662478,-1293.861938,294.500488,0.000000
47.540001,65.267952,-1293.817383,-0.000470,0.002608,0.066248,290.326355,14.789929,0.662478,-1293.817383,294.500488,0.000000
47.550003,65.262749,-1293.861938,-0.000474,0.002608,0.066248,290.303192,14.788750,0.662478,-1293.861938,294.500488,0.000000
47.560001,65.248589,-1293.817383,-0.000461,0.002608,0.066248,290.240204,14.785542,0.662478,-1293.817383,294.500488,0.000000
47.570004,65.240395,-1293.861938,-0.000453,0.002608,0.066248,290.203766,14.783685,0.662478,-1293.861938,294.500488,0.000000
47.580002,65.231834,-1293.906372,-0.000470,0.002608,0.066248,290.165680,14.781745,0.662478,-1293.906372,294.500488,0.000000
47.590004,65.229225,-1293.817383,-0.000466,0.002608,0.066248,290.154083,14.781154,0.662478,-1293.817383,294.500488,0.000000
47.600002,65.230339,-1293.861938,-0.000479,0.002608,0.066255,290.159027,14.781406,0.662553,-1293.861938,294.500488,0.000000
47.610001,65.215080,-1293.861938,-0.000461,0.002608,0.066255,290.091156,14.777948,0.662553,-1293.861938,294.500488,0.000000
47.620003,65.206520,-1293.817383,-0.000461,0.002608,0.066255,290.053101,14.776009,0.662553,-1293.817383,294.500488,0.000000
47.630001,65.205025,-1293.772949,-0.000470,0.002608,0.066255,290.046448,14.775670,0.662553,-1293.772949,294.500488,0.000000
47.640003,65.202049,-1293.772949,-0.000470,0.002609,0.066264,290.033203,14.774996,0.662644,-1293.772949,294.500488,0.000000
47.650002,65.193108,-1293.861938,-0.000470,0.002609,0.066264,289.993439,14.772969,0.662644,-1293.861938,294.500488,0.000000
47.660004,65.192741,-1293.861938,-0.000457,0.002609,0.066264,289.991791,14.772886,0.662644,-1293.861938,294.500488,0.000000
47.670002,65.186775,-1293.817383,-0.000457,0.002609,0.066274,289.965271,14.771534,0.662735,-1293.817383,294.500488,0.000000
47.680004,65.181938,-1293.817383,-0.000470,0.002610,0.066290,289.943756,14.770438,0.662902,-1293.817383,294.500488,0.000000
47.690002,65.184166,-1293.772949,-0.000461,0.002611,0.066325,289.953644,14.770943,0.663250,-1293.772949,294.500488,0.000000
47.700001,65.215828,-1293.861938,-0.000457,0.002613,0.066369,290.094482,14.778117,0.663689,-1293.861938,294.500488,0.000000
47.710003,65.302208,-1293.772949,-0.000457,0.002614,0.066395,290.478729,14.797691,0.663946,-1293.772949,294.500488,0.000000
47.720001,65.414299,-1293.817383,-0.000461,0.002614,0.066395,290.977325,14.823092,0.663946,-1293.817383,294.500488,0.000000
47.730003,65.467552,-1293.817383,-0.000474,0.002614,0.066395,291.214203,14.835159,0.663946,-1293.817383,294.500488,0.000000
47.740002,65.516701,-1293.861938,-0.000470,0.002614,0.066395,291.432831,14.846296,0.663946,-1293.861938,294.500488,0.000000
47.750004,65.521538,-1293.861938,-0.000466,0.002614,0.066395,291.454346,14.847392,0.663946,-1293.861938,294.500488,0.000000
47.760002,65.527504,-1293.861938,-0.000479,0.002614,0.066395,291.480896,14.848745,0.663946,-1293.861938,294.500488,0.000000
47.770000,65.543144,-1293.772949,-0.000461,0.002614,0.066395,291.550476,14.852289,0.663946,-1293.772949,294.500488,0.000000
47.780003,65.543510,-1293.772949,-0.000461,0.002614,0.066395,291.552094,14.852372,0.663946,-1293.772949,294.500488,0.000000
47.790001,65.539040,-1293.861938,-0.000461,0.002614,0.066395,291.532196,14.851358,0.663946,-1293.861938,294.500488,0.000000
47.800003,65.534569,-1293.906372,-0.000461,0.002614,0.066395,291.512329,14.850346,0.663946,-1293.906372,294.500488,0.000000
47.810001,65.531975,-1293.817383,-0.000466,0.002614,0.066395,291.500793,14.849758,0.663946,-1293.817383,294.500488,0.000000
47.820004,65.531975,-1293.817383,-0.000457,0.002614,0.066395,291.500793,14.849758,0.663946,-1293.817383,294.500488,0.000000
47.830002,65.516701,-1293.817383,-0.000461,0.002614,0.066395,291.432831,14.846296,0.663946,-1293.817383,294.500488,0.000000
47.840004,65.516701,-1293.817383,-0.000453,0.002614,0.066395,291.432831,14.846296,0.663946,-1293.817383,294.500488,0.000000
47.850002,65.504417,-1293.817383,-0.000470,0.002614,0.066395,291.378204,14.843513,0.663946,-1293.817383,294.500488,0.000000
47.860001,65.507393,-1293.728516,-0.000444,0.002614,0.066395,291.391449,14.844188,0.663946,-1293.728516,294.500488,0.000000
47.870003,65.508141,-1293.861938,-0.000470,0.002614,0.066395,291.394775,14.844357,0.663946,-1293.861938,294.500488,0.000000
47.880001,65.483925,-1293.906372,-0.000479,0.002614,0.066395,291.287048,14.838870,0.663946,-1293.906372,294.500488,0.000000
47.890003,65.483925,-1293.817383,-0.000466,0.002614,0.066395,291.287048,14.838870,0.663946,-1293.817383,294.500488,0.000000
47.900002,65.484306,-1293.861938,-0.000470,0.002614,0.066395,291.288757,14.838956,0.663946,-1293.861938,294.500488,0.000000
47.910004,65.475746,-1293.772949,-0.000457,0.002614,0.066395,291.250671,14.837016,0.663946,-1293.772949,294.500488,0.000000
47.920002,65.455635,-1293.861938,-0.000453,0.002614,0.066395,291.161194,14.832459,0.663946,-1293.861938,294.500488,0.000000
47.930004,65.454140,-1293.861938,-0.000470,0.002614,0.066395,291.154541,14.832120,0.663946,-1293.861938,294.500488,0.000000
47.940002,65.428444,-1293.817383,-0.000453,0.002614,0.066395,291.040253,14.826298,0.663946,-1293.817383,294.500488,0.000000
47.950001,65.419136,-1293.861938,-0.000457,0.002614,0.066395,290.998840,14.824188,0.663946,-1293.861938,294.500488,0.000000
47.960003,65.410942,-1293.772949,-0.000466,0.002614,0.066395,290.962402,14.822331,0.663946,-1293.772949,294.500488,0.000000
47.970001,65.397911,-1293.861938,-0.000444,0.002614,0.066395,290.904449,14.819378,0.663946,-1293.861938,294.500488,0.000000
47.980003,65.371101,-1293.817383,-0.000466,0.002614,0.066404,290.785187,14.813304,0.664037,-1293.817383,294.500488,0.000000
47.990002,65.370354,-1293.772949,-0.000444,0.002614,0.066404,290.781860,14.813134,0.664037,-1293.772949,294.500488,0.000000
48.000004,65.359566,-1293.906372,-0.000457,0.002614,0.066404,290.733856,14.810689,0.664037,-1293.906372,294.500488,0.000000
48.010002,65.339073,-1293.861938,-0.000457,0.002614,0.066404,290.642700,14.806046,0.664037,-1293.861938,294.500488,0.000000
48.020000,65.326424,-1293.817383,-0.000461,0.002614,0.066404,290.586456,14.803180,0.664037,-1293.817383,294.500488,0.000000
48.030003,65.310036,-1293.861938,-0.000470,0.002614,0.066404,290.513550,14.799465,0.664037,-1293.861938,294.500488,0.000000
48.040001,65.321205,-1293.772949,-0.000453,0.002614,0.066404,290.563232,14.801996,0.664037,-1293.772949,294.500488,0.000000
48.050003,65.318977,-1293.861938,-0.000461,0.002614,0.066404,290.553314,14.801492,0.664037,-1293.861938,294.500488,0.000000
48.060001,65.297005,-1293.772949,-0.000457,0.002614,0.066404,290.455597,14.796514,0.664037,-1293.772949,294.500488,0.000000
48.070004,65.287315,-1293.861938,-0.000453,0.002614,0.066404,290.412476,14.794317,0.664037,-1293.861938,294.500488,0.000000
48.080002,65.291039,-1293.861938,-0.000470,0.002614,0.066404,290.429047,14.795160,0.664037,-1293.861938,294.500488,0.000000
48.090004,65.276527,-1293.817383,-0.000453,0.002614,0.066404,290.364502,14.791872,0.664037,-1293.817383,294.500488,0.000000
48.100002,65.271309,-1293.861938,-0.000479,0.002614,0.066404,290.341278,14.790690,0.664037,-1293.861938,294.500488,0.000000
48.110001,65.262001,-1293.772949,-0.000453,0.002614,0.066404,290.299866,14.788581,0.664037,-1293.772949,294.500488,0.000000
48.120003,65.246361,-1293.817383,-0.000457,0.002614,0.066404,290.230316,14.785036,0.664037,-1293.817383,294.500488,0.000000
48.130001,65.242638,-1293.861938,-0.000466,0.002614,0.066404,290.213745,14.784193,0.664037,-1293.861938,294.500488,0.000000
48.140003,65.224022,-1293.772949,-0.000457,0.002614,0.066404,290.130951,14.779975,0.664037,-1293.772949,294.500488,0.000000
48.150002,65.215080,-1293.906372,-0.000453,0.002614,0.066404,290.091156,14.777948,0.664037,-1293.906372,294.500488,0.000000
48.160004,65.208748,-1293.772949,-0.000457,0.002614,0.066404,290.062988,14.776513,0.664037,-1293.772949,294.500488,0.000000
48.170002,65.203911,-1293.861938,-0.000461,0.002614,0.066404,290.041473,14.775417,0.664037,-1293.861938,294.500488,0.000000
48.180004,65.198326,-1293.861938,-0.000444,0.002614,0.066404,290.016632,14.774152,0.664037,-1293.861938,294.500488,0.000000
48.190002,65.186028,-1293.817383,-0.000453,0.002614,0.066404,289.961945,14.771365,0.664037,-1293.817383,294.500488,0.000000
48.200001,65.159218,-1293.906372,-0.000457,0.002614,0.066404,289.842682,14.765290,0.664037,-1293.906372,294.500488,0.000000
48.210003,65.149162,-1293.772949,-0.000466,0.002615,0.066429,289.797943,14.763011,0.664294,-1293.772949,294.500488,0.000000
48.220001,65.164070,-1293.817383,-0.000457,0.002617,0.066473,289.864258,14.766389,0.664734,-1293.817383,294.500488,0.000000
48.230003,65.199074,-1293.817383,-0.000457,0.002618,0.066499,290.019958,14.774321,0.664991,-1293.817383,294.500488,0.000000
48.240002,65.269814,-1293.772949,-0.000453,0.002618,0.066508,290.334625,14.790351,0.665082,-1293.772949,294.500488,0.000000
48.250004,65.317848,-1293.817383,-0.000466,0.002618,0.066508,290.548309,14.801236,0.665082,-1293.817383,294.500488,0.000000
48.260002,65.345039,-1293.817383,-0.000470,0.002618,0.066508,290.669250,14.807397,0.665082,-1293.817383,294.500488,0.000000
48.270000,65.345406,-1293.817383,-0.000453,0.002618,0.066508,290.670868,14.807481,0.665082,-1293.817383,294.500488,0.000000
48.280003,65.344658,-1293.728516,-0.000448,0.002618,0.066508,290.667542,14.807311,0.665082,-1293.728516,294.500488,0.000000
48.290001,65.339821,-1293.817383,-0.000444,0.002618,0.066508,290.646027,14.806215,0.665082,-1293.817383,294.500488,0.000000
48.300003,65.337959,-1293.861938,-0.000466,0.002618,0.066508,290.637756,14.805793,0.665082,-1293.861938,294.500488,0.000000
48.310001,65.348015,-1293.772949,-0.000453,0.002618,0.066508,290.682495,14.808072,0.665082,-1293.772949,294.500488,0.000000
48.320004,65.346901,-1293.772949,-0.000461,0.002618,0.066508,290.677521,14.807819,0.665082,-1293.772949,294.500488,0.000000
48.330002,65.343178,-1293.817383,-0.000457,0.002618,0.066508,290.660980,14.806976,0.665082,-1293.817383,294.500488,0.000000
48.340004,65.334618,-1293.817383,-0.000453,0.002618,0.066508,290.622894,14.805036,0.665082,-1293.817383,294.500488,0.000000
48.350002,65.319344,-1293.861938,-0.000466,0.002618,0.066508,290.554962,14.801575,0.665082,-1293.861938,294.500488,0.000000
48.360001,65.318596,-1293.861938,-0.000466,0.002618,0.066508,290.551636,14.801406,0.665082,-1293.861938,294.500488,0.000000
48.370003,65.315254,-1293.861938,-0.000453,0.002618,0.066508,290.536774,14.800649,0.665082,-1293.861938,294.500488,0.000000
48.380001,65.299614,-1293.817383,-0.000453,0.002618,0.066508,290.467194,14.797104,0.665082,-1293.817383,294.500488,0.000000
48.390003,65.298485,-1293.817383,-0.000444,0.002618,0.066508,290.462158,14.796848,0.665082,-1293.817383,294.500488,0.000000
48.400002,65.295891,-1293.817383,-0.000453,0.002618,0.066508,290.450623,14.796261,0.665082,-1293.817383,294.500488,0.000000
48.410004,65.290672,-1293.772949,-0.000453,0.002618,0.066508,290.427429,14.795078,0.665082,-1293.772949,294.500488,0.000000
48.420002,65.273537,-1293.817383,-0.000457,0.002618,0.066508,290.351196,14.791195,0.665082,-1293.817383,294.500488,0.000000
48.430004,65.266090,-1293.861938,-0.000461,0.002618,0.066508,290.318085,14.789508,0.665082,-1293.861938,294.500488,0.000000
48.440002,65.273170,-1293.772949,-0.000453,0.002618,0.066508,290.349548,14.791112,0.665082,-1293.772949,294.500488,0.000000
48.450001,65.261620,-1293.861938,-0.000453,0.002618,0.066508,290.298187,14.788494,0.665082,-1293.861938,294.500488,0.000000
48.460003,65.256783,-1293.817383,-0.000474,0.002618,0.066508,290.276672,14.787398,0.665082,-1293.817383,294.500488,0.000000
48.470001,65.241524,-1293.861938,-0.000457,0.002618,0.066508,290.208801,14.783940,0.665082,-1293.861938,294.500488,0.000000
48.480003,65.225136,-1293.861938,-0.000453,0.002618,0.066508,290.135895,14.780228,0.665082,-1293.861938,294.500488,0.000000
48.490002,65.225136,-1293.772949,-0.000448,0.002618,0.066508,290.135895,14.780228,0.665082,-1293.772949,294.500488,0.000000
48.500004,65.216942,-1293.817383,-0.000448,0.002618,0.066508,290.099457,14.778370,0.665082,-1293.817383,294.500488,0.000000
48.510002,65.199074,-1293.861938,-0.000448,0.002618,0.066508,290.019958,14.774321,0.665082,-1293.861938,294.500488,0.000000
48.520000,65.191994,-1293.772949,-0.000440,0.002618,0.066508,289.988464,14.772717,0.665082,-1293.772949,294.500488,0.000000
48.530003,65.190880,-1293.772949,-0.000453,0.002618,0.066508,289.983521,14.772465,0.665082,-1293.772949,294.500488,0.000000
48.540001,65.185661,-1293.817383,-0.000444,0.002618,0.066508,289.960297,14.771281,0.665082,-1293.817383,294.500488,0.000000
48.550003,65.162209,-1293.817383,-0.000448,0.002618,0.066508,289.855988,14.765968,0.665082,-1293.817383,294.500488,0.000000
48.560001,65.144707,-1293.817383,-0.000461,0.002619,0.066516,289.778137,14.762002,0.665157,-1293.817383,294.500488,0.000000
48.570004,65.138374,-1293.861938,-0.000448,0.002619,0.066534,289.749969,14.760567,0.665339,-1293.861938,294.500488,0.000000
48.580002,65.137993,-1293.817383,-0.000453,0.002620,0.066551,289.748260,14.760480,0.665506,-1293.817383,294.500488,0.000000
48.590004,65.167412,-1293.861938,-0.000457,0.002621,0.066569,289.879120,14.767146,0.665687,-1293.861938,294.500488,0.000000
48.600002,65.188271,-1293.861938,-0.000448,0.002622,0.066594,289.971924,14.771873,0.665945,-1293.861938,294.500488,0.000000
48.610001,65.232948,-1293.772949,-0.000440,0.002623,0.066620,290.170654,14.781998,0.666202,-1293.772949,294.500488,0.000000
48.620003,65.296257,-1293.861938,-0.000440,0.002623,0.066637,290.452271,14.796344,0.666369,-1293.861938,294.500488,0.000000
48.630001,65.348381,-1293.861938,-0.000461,0.002623,0.066637,290.684113,14.808154,0.666369,-1293.861938,294.500488,0.000000
48.640003,65.379295,-1293.817383,-0.000448,0.002623,0.066637,290.821625,14.815161,0.666369,-1293.817383,294.500488,0.000000
48.650002,65.398293,-1293.861938,-0.000435,0.002623,0.066637,290.906128,14.819465,0.666369,-1293.861938,294.500488,0.000000
48.660004,65.411324,-1293.817383,-0.000457,0.002623,0.066637,290.964111,14.822417,0.666369,-1293.817383,294.500488,0.000000
48.670002,65.416527,-1293.861938,-0.000435,0.002623,0.066637,290.987244,14.823597,0.666369,-1293.861938,294.500488,0.000000
48.680004,65.419136,-1293.772949,-0.000440,0.002623,0.066637,290.998840,14.824188,0.666369,-1293.772949,294.500488,0.000000
48.690002,65.418770,-1293.861938,-0.000435,0.002623,0.066637,290.997223,14.824105,0.666369,-1293.861938,294.500488,0.000000
48.700001,65.417656,-1293.817383,-0.000444,0.002623,0.066637,290.992279,14.823853,0.666369,-1293.817383,294.500488,0.000000
48.710003,65.407967,-1293.772949,-0.000453,0.002623,0.066637,290.949158,14.821657,0.666369,-1293.772949,294.500488,0.000000
48.720001,65.412804,-1293.906372,-0.000453,0.002623,0.066637,290.970673,14.822754,0.666369,-1293.906372,294.500488,0.000000
48.730003,65.421379,-1293.772949,-0.000448,0.002623,0.066637,291.008820,14.824697,0.666369,-1293.772949,294.500488,0.000000
48.740002,65.413933,-1293.772949,-0.000453,0.002623,0.066637,290.975708,14.823009,0.666369,-1293.772949,294.500488,0.000000
48.750004,65.392326,-1293.861938,-0.000453,0.002623,0.066637,290.879608,14.818112,0.666369,-1293.861938,294.500488,0.000000
48.760002,65.386375,-1293.817383,-0.000453,0.002623,0.066637,290.853119,14.816764,0.666369,-1293.817383,294.500488,0.000000
48.770000,65.381157,-1293.817383,-0.000457,0.002623,0.066637,290.829926,14.815581,0.666369,-1293.817383,294.500488,0.000000
48.780003,65.370354,-1293.861938,-0.000453,0.002623,0.066637,290.781860,14.813134,0.666369,-1293.861938,294.500488,0.000000
48.790001,65.365150,-1293.817383,-0.000453,0.002623,0.066637,290.758698,14.811954,0.666369,-1293.817383,294.500488,0.000000
48.800003,65.362907,-1293.861938,-0.000448,0.002623,0.066637,290.748718,14.811446,0.666369,-1293.861938,294.500488,0.000000
48.810001,65.351372,-1293.861938,-0.000453,0.002623,0.066637,290.697418,14.808832,0.666369,-1293.861938,294.500488,0.000000
48.820004,65.346153,-1293.772949,-0.000448,0.002623,0.066637,290.674194,14.807650,0.666369,-1293.772949,294.500488,0.000000
48.830002,65.340202,-1293.772949,-0.000444,0.002623,0.066637,290.647736,14.806301,0.666369,-1293.772949,294.500488,0.000000
48.840004,65.333488,-1293.817383,-0.000448,0.002623,0.066637,290.617859,14.804780,0.666369,-1293.817383,294.500488,0.000000
48.850002,65.319710,-1293.861938,-0.000444,0.002623,0.066637,290.556580,14.801658,0.666369,-1293.861938,294.500488,0.000000
48.860001,65.319344,-1293.772949,-0.000448,0.002623,0.066637,290.554962,14.801575,0.666369,-1293.772949,294.500488,0.000000
48.870003,65.312263,-1293.772949,-0.000457,0.002623,0.066637,290.523468,14.799971,0.666369,-1293.772949,294.500488,0.000000
48.880001,65.299980,-1293.861938,-0.000461,0.002623,0.066637,290.468811,14.797187,0.666369,-1293.861938,294.500488,0.000000
48.890003,65.293648,-1293.728516,-0.000453,0.002623,0.066637,290.440643,14.795753,0.666369,-1293.728516,294.500488,0.000000
48.900002,65.282845,-1293.861938,-0.000444,0.002623,0.066637,290.392609,14.793304,0.666369,-1293.861938,294.500488,0.000000
48.910004,65.283592,-1293.772949,-0.000444,0.002623,0.066637,290.395935,14.793474,0.666369,-1293.772949,294.500488,0.000000
48.920002,65.277260,-1293.906372,-0.000453,0.002623,0.066637,290.367767,14.792039,0.666369,-1293.906372,294.500488,0.000000
48.930004,65.262367,-1293.817383,-0.000457,0.002623,0.066637,290.301514,14.788664,0.666369,-1293.817383,294.500488,0.000000
48.940002,65.260139,-1293.728516,-0.000448,0.002623,0.066637,290.291595,14.788159,0.666369,-1293.728516,294.500488,0.000000
48.950001,65.256783,-1293.861938,-0.000453,0.002623,0.066637,290.276672,14.787398,0.666369,-1293.861938,294.500488,0.000000
48.960003,65.254555,-1293.817383,-0.000444,0.002624,0.066646,290.266754,14.786894,0.666459,-1293.817383,294.500488,0.000000
48.970001,65.234444,-1293.861938,-0.000440,0.002624,0.066646,290.177307,14.782336,0.666459,-1293.861938,294.500488,0.000000
48.980003,65.213966,-1293.772949,-0.000448,0.002625,0.066664,290.086212,14.777697,0.666641,-1293.772949,294.500488,0.000000
48.990002,65.229225,-1293.772949,-0.000453,0.002625,0.066681,290.154083,14.781154,0.666808,-1293.772949,294.500488,0.000000
49.000004,65.239281,-1293.861938,-0.000453,0.002626,0.066690,290.198822,14.783432,0.666898,-1293.861938,294.500488,0.000000
49.010002,65.248589,-1293.772949,-0.000440,0.002626,0.066699,290.240204,14.785542,0.666989,-1293.772949,294.500488,0.000000
49.020000,65.276527,-1293.861938,-0.000448,0.002626,0.066707,290.364502,14.791872,0.667065,-1293.861938,294.500488,0.000000
49.030003,65.295891,-1293.861938,-0.000444,0.002626,0.066707,290.450623,14.796261,0.667065,-1293.861938,294.500488,0.000000
49.040001,65.296257,-1293.861938,-0.000440,0.002626,0.066707,290.452271,14.796344,0.667065,-1293.861938,294.500488,0.000000
49.050003,65.297005,-1293.906372,-0.000444,0.002626,0.066707,290.455597,14.796514,0.667065,-1293.906372,294.500488,0.000000
49.060001,65.294762,-1293.861938,-0.000435,0.002626,0.066707,290.445618,14.796005,0.667065,-1293.861938,294.500488,0.000000
49.070004,65.298485,-1293.817383,-0.000440,0.002626,0.066707,290.462158,14.796848,0.667065,-1293.817383,294.500488,0.000000
49.080002,65.311516,-1293.817383,-0.000444,0.002626,0.066707,290.520142,14.799801,0.667065,-1293.817383,294.500488,0.000000
49.090004,65.299614,-1293.817383,-0.000453,0.002626,0.066707,290.467194,14.797104,0.667065,-1293.817383,294.500488,0.000000
49.100002,65.297005,-1293.817383,-0.000448,0.002627,0.066716,290.455597,14.796514,0.667156,-1293.817383,294.500488,0.000000
49.110001,65.283226,-1293.817383,-0.000435,0.002627,0.066716,290.394287,14.793390,0.667156,-1293.817383,294.500488,0.000000
49.120003,65.289558,-1293.861938,-0.000448,0.002627,0.066716,290.422455,14.794826,0.667156,-1293.861938,294.500488,0.000000
49.130001,65.280617,-1293.861938,-0.000448,0.002627,0.066716,290.382690,14.792799,0.667156,-1293.861938,294.500488,0.000000
49.140003,65.278389,-1293.817383,-0.000448,0.002627,0.066716,290.372772,14.792295,0.667156,-1293.817383,294.500488,0.000000
49.150002,65.274284,-1293.950806,-0.000457,0.002627,0.066716,290.354523,14.791364,0.667156,-1293.950806,294.500488,0.000000
49.160004,65.280251,-1293.772949,-0.000444,0.002627,0.066725,290.381042,14.792717,0.667247,-1293.772949,294.500488,0.000000
49.170002,65.281731,-1293.817383,-0.000435,0.002627,0.066725,290.387634,14.793052,0.667247,-1293.817383,294.500488,0.000000
49.180004,65.281364,-1293.906372,-0.000453,0.002627,0.066725,290.386017,14.792969,0.667247,-1293.906372,294.500488,0.000000
49.190002,65.269447,-1293.817383,-0.000444,0.002627,0.066725,290.333008,14.790268,0.667247,-1293.817383,294.500488,0.000000
49.200001,65.256416,-1293.861938,-0.000444,0.002627,0.066725,290.275024,14.787314,0.667247,-1293.861938,294.500488,0.000000
49.210003,65.269066,-1293.861938,-0.000448,0.002627,0.066732,290.331299,14.790182,0.667322,-1293.861938,294.500488,0.000000
49.220001,65.267586,-1293.861938,-0.000444,0.002627,0.066732,290.324707,14.789846,0.667322,-1293.861938,294.500488,0.000000
49.230003,65.267204,-1293.861938,-0.000444,0.002628,0.066741,290.323029,14.789760,0.667413,-1293.861938,294.500488,0.000000
49.240002,65.264977,-1293.772949,-0.000453,0.002628,0.066750,290.313110,14.789255,0.667504,-1293.772949,294.500488,0.000000
49.250004,65.256783,-1293.817383,-0.000448,0.002628,0.066750,290.276672,14.787398,0.667504,-1293.817383,294.500488,0.000000
49.260002,65.258644,-1293.817383,-0.000448,0.002628,0.066750,290.284943,14.787820,0.667504,-1293.817383,294.500488,0.000000
49.270000,65.263481,-1293.817383,-0.000444,0.002628,0.066750,290.306458,14.788917,0.667504,-1293.817383,294.500488,0.000000
49.280003,65.258644,-1293.817383,-0.000444,0.002628,0.066759,290.284943,14.787820,0.667595,-1293.817383,294.500488,0.000000
49.290001,65.272423,-1293.817383,-0.000435,0.002628,0.066759,290.346252,14.790943,0.667595,-1293.817383,294.500488,0.000000
49.300003,65.261620,-1293.861938,-0.000457,0.002628,0.066759,290.298187,14.788494,0.667595,-1293.861938,294.500488,0.000000
49.310001,65.269066,-1293.772949,-0.000440,0.002629,0.066767,290.331299,14.790182,0.667671,-1293.772949,294.500488,0.000000
49.320004,65.270195,-1293.861938,-0.000440,0.002629,0.066767,290.336334,14.790438,0.667671,-1293.861938,294.500488,0.000000
49.330002,65.276894,-1293.772949,-0.000461,0.002629,0.066776,290.366119,14.791956,0.667761,-1293.772949,294.500488,0.000000
49.340004,65.267952,-1293.817383,-0.000440,0.002629,0.066776,290.326355,14.789929,0.667761,-1293.817383,294.500488,0.000000
49.350002,65.274666,-1293.861938,-0.000444,0.002629,0.066785,290.356201,14.791451,0.667852,-1293.861938,294.500488,0.000000
49.360001,65.281364,-1293.772949,-0.000435,0.002629,0.066785,290.386017,14.792969,0.667852,-1293.772949,294.500488,0.000000
49.370003,65.280617,-1293.772949,-0.000431,0.002629,0.066785,290.382690,14.792799,0.667852,-1293.772949,294.500488,0.000000
49.380001,65.275780,-1293.817383,-0.000440,0.002630,0.066794,290.361176,14.791703,0.667943,-1293.817383,294.500488,0.000000
49.390003,65.289925,-1293.861938,-0.000453,0.002630,0.066811,290.424103,14.794909,0.668110,-1293.861938,294.500488,0.000000
49.400002,65.306679,-1293.861938,-0.000444,0.002630,0.066811,290.498627,14.798705,0.668110,-1293.861938,294.500488,0.000000
49.410004,65.307793,-1293.772949,-0.000461,0.002630,0.066811,290.503571,14.798957,0.668110,-1293.772949,294.500488,0.000000
49.420002,65.314873,-1293.861938,-0.000440,0.002631,0.066820,290.535065,14.800561,0.668200,-1293.861938,294.500488,0.000000
49.430004,65.320839,-1293.861938,-0.000448,0.002631,0.066820,290.561615,14.801914,0.668200,-1293.861938,294.500488,0.000000
49.440002,65.318596,-1293.817383,-0.000444,0.002631,0.066820,290.551636,14.801406,0.668200,-1293.817383,294.500488,0.000000
49.450001,65.323433,-1293.861938,-0.000448,0.002631,0.066820,290.573151,14.802502,0.668200,-1293.861938,294.500488,0.000000
49.460003,65.319710,-1293.817383,-0.000440,0.002631,0.066820,290.556580,14.801658,0.668200,-1293.817383,294.500488,0.000000
49.470001,65.317482,-1293.906372,-0.000448,0.002631,0.066820,290.546661,14.801153,0.668200,-1293.906372,294.500488,0.000000
49.480003,65.316368,-1293.861938,-0.000448,0.002631,0.066820,290.541718,14.800900,0.668200,-1293.861938,294.500488,0.000000
49.490002,65.313759,-1293.817383,-0.000435,0.002631,0.066820,290.530121,14.800309,0.668200,-1293.817383,294.500488,0.000000
49.500004,65.311897,-1293.906372,-0.000448,0.002631,0.066820,290.521820,14.799888,0.668200,-1293.906372,294.500488,0.000000
49.510002,65.311516,-1293.728516,-0.000435,0.002631,0.066820,290.520142,14.799801,0.668200,-1293.728516,294.500488,0.000000
49.520000,65.298485,-1293.861938,-0.000435,0.002631,0.066820,290.462158,14.796848,0.668200,-1293.861938,294.500488,0.000000
49.530003,65.311897,-1293.728516,-0.000435,0.002631,0.066820,290.521820,14.799888,0.668200,-1293.728516,294.500488,0.000000
49.540001,65.302956,-1293.817383,-0.000435,0.002631,0.066820,290.482056,14.797861,0.668200,-1293.817383,294.500488,0.000000
49.550003,65.290291,-1293.861938,-0.000453,0.002631,0.066820,290.425720,14.794991,0.668200,-1293.861938,294.500488,0.000000
49.560001,65.283592,-1293.817383,-0.000431,0.002631,0.066820,290.395935,14.793474,0.668200,-1293.817383,294.500488,0.000000
49.570004,65.289177,-1293.861938,-0.000431,0.002631,0.066820,290.420776,14.794740,0.668200,-1293.861938,294.500488,0.000000
49.580002,65.288429,-1293.772949,-0.000431,0.002631,0.066820,290.417450,14.794570,0.668200,-1293.772949,294.500488,0.000000
49.590004,65.276894,-1293.861938,-0.000431,0.002631,0.066820,290.366119,14.791956,0.668200,-1293.861938,294.500488,0.000000
49.600002,65.264977,-1293.861938,-0.000444,0.002631,0.066820,290.313110,14.789255,0.668200,-1293.861938,294.500488,0.000000
49.610001,65.255302,-1293.772949,-0.000435,0.002631,0.066828,290.270081,14.787063,0.668276,-1293.772949,294.500488,0.000000
49.620003,65.266472,-1293.861938,-0.000444,0.002631,0.066828,290.319763,14.789594,0.668276,-1293.861938,294.500488,0.000000
49.630001,65.276146,-1293.728516,-0.000435,0.002631,0.066837,290.362793,14.791786,0.668367,-1293.728516,294.500488,0.000000
49.640003,65.268700,-1293.772949,-0.000431,0.002631,0.066837,290.329681,14.790098,0.668367,-1293.772949,294.500488,0.000000
49.650002,65.266472,-1293.861938,-0.000440,0.002631,0.066837,290.319763,14.789594,0.668367,-1293.861938,294.500488,0.000000
49.660004,65.261253,-1293.817383,-0.000444,0.002631,0.066837,290.296539,14.788412,0.668367,-1293.817383,294.500488,0.000000
49.670002,65.257164,-1293.817383,-0.000431,0.002631,0.066837,290.278351,14.787484,0.668367,-1293.817383,294.500488,0.000000
49.680004,65.251198,-1293.772949,-0.000448,0.002631,0.066837,290.251831,14.786133,0.668367,-1293.772949,294.500488,0.000000
49.690002,65.250084,-1293.817383,-0.000435,0.002631,0.066837,290.246857,14.785880,0.668367,-1293.817383,294.500488,0.000000
49.700001,65.245247,-1293.906372,-0.000444,0.002631,0.066837,290.225342,14.784784,0.668367,-1293.906372,294.500488,0.000000
49.710003,65.244499,-1293.728516,-0.000431,0.002631,0.066837,290.222015,14.784615,0.668367,-1293.728516,294.500488,0.000000
49.720001,65.240776,-1293.906372,-0.000448,0.002631,0.066837,290.205475,14.783772,0.668367,-1293.906372,294.500488,0.000000
49.730003,65.234444,-1293.817383,-0.000448,0.002631,0.066837,290.177307,14.782336,0.668367,-1293.817383,294.500488,0.000000
49.740002,65.213966,-1293.817383,-0.000444,0.002631,0.066837,290.086212,14.777697,0.668367,-1293.817383,294.500488,0.000000
49.750004,65.215080,-1293.906372,-0.000440,0.002631,0.066837,290.091156,14.777948,0.668367,-1293.906372,294.500488,0.000000
49.760002,65.219551,-1293.817383,-0.000444,0.002632,0.066846,290.111053,14.778962,0.668458,-1293.817383,294.500488,0.000000
49.770000,65.196465,-1293.772949,-0.000440,0.002632,0.066846,290.008362,14.773730,0.668458,-1293.772949,294.500488,0.000000
49.780003,65.183800,-1293.861938,-0.000448,0.002632,0.066855,289.952026,14.770861,0.668549,-1293.861938,294.500488,0.000000
49.790001,65.167046,-1293.817383,-0.000431,0.002632,0.066862,289.877502,14.767064,0.668624,-1293.817383,294.500488,0.000000
49.800003,65.177467,-1293.906372,-0.000457,0.002632,0.066862,289.923859,14.769425,0.668624,-1293.906372,294.500488,0.000000
49.810001,65.182304,-1293.817383,-0.000431,0.002632,0.066862,289.945374,14.770521,0.668624,-1293.817383,294.500488,0.000000
49.820004,65.188637,-1293.817383,-0.000427,0.002632,0.066862,289.973541,14.771956,0.668624,-1293.817383,294.500488,0.000000
49.830002,65.178581,-1293.772949,-0.000431,0.002632,0.066862,289.928802,14.769677,0.668624,-1293.772949,294.500488,0.000000
49.840004,65.170387,-1293.817383,-0.000444,0.002632,0.066862,289.892365,14.767821,0.668624,-1293.817383,294.500488,0.000000
49.850002,65.175240,-1293.861938,-0.000448,0.002632,0.066862,289.913940,14.768920,0.668624,-1293.861938,294.500488,0.000000
49.860001,65.170387,-1293.817383,-0.000435,0.002632,0.066862,289.892365,14.767821,0.668624,-1293.817383,294.500488,0.000000
49.870003,65.165184,-1293.906372,-0.000431,0.002633,0.066872,289.869202,14.766642,0.668715,-1293.906372,294.500488,0.000000
49.880001,65.169273,-1293.772949,-0.000431,0.002633,0.066872,289.887421,14.767569,0.668715,-1293.772949,294.500488,0.000000
49.890003,65.172997,-1293.861938,-0.000448,0.002633,0.066872,289.903961,14.768412,0.668715,-1293.861938,294.500488,0.000000
49.900002,65.174110,-1293.906372,-0.000444,0.002633,0.066872,289.908936,14.768664,0.668715,-1293.906372,294.500488,0.000000
49.910004,65.168907,-1293.817383,-0.000435,0.002633,0.066872,289.885773,14.767486,0.668715,-1293.817383,294.500488,0.000000
49.920002,65.167046,-1293.906372,-0.000444,0.002633,0.066872,289.877502,14.767064,0.668715,-1293.906372,294.500488,0.000000
49.930004,65.152153,-1293.817383,-0.000440,0.002633,0.066881,289.811249,14.763689,0.668806,-1293.817383,294.500488,0.000000
49.940002,65.136879,-1293.772949,-0.000435,0.002633,0.066881,289.743317,14.760228,0.668806,-1293.772949,294.500488,0.000000
49.950001,65.135384,-1293.817383,-0.000435,0.002633,0.066881,289.736664,14.759890,0.668806,-1293.817383,294.500488,0.000000
49.960003,65.123100,-1293.772949,-0.000440,0.002633,0.066881,289.682007,14.757106,0.668806,-1293.772949,294.500488,0.000000
49.970001,65.111565,-1293.817383,-0.000431,0.002633,0.066881,289.630707,14.754492,0.668806,-1293.817383,294.500488,0.000000
49.980003,65.122353,-1293.772949,-0.000435,0.002633,0.066881,289.678680,14.756936,0.668806,-1293.772949,294.500488,0.000000
49.990002,65.120125,-1293.817383,-0.000427,0.002633,0.066881,289.668793,14.756431,0.668806,-1293.817383,294.500488,0.000000
50.000004,65.104485,-1293.861938,-0.000440,0.002633,0.066881,289.599213,14.752887,0.668806,-1293.861938,294.500488,0.000000
50.010002,65.091820,-1293.817383,-0.000435,0.002633,0.066881,289.542877,14.750017,0.668806,-1293.817383,294.500488,0.000000
50.020004,65.081032,-1293.950806,-0.000427,0.002633,0.066881,289.494873,14.747572,0.668806,-1293.950806,294.500488,0.000000
50.030003,65.082146,-1293.817383,-0.000448,0.002633,0.066881,289.499847,14.747825,0.668806,-1293.817383,294.500488,0.000000
50.040001,65.083260,-1293.906372,-0.000418,0.002633,0.066881,289.504791,14.748077,0.668806,-1293.906372,294.500488,0.000000
50.050003,65.082512,-1293.861938,-0.000431,0.002633,0.066881,289.501465,14.747909,0.668806,-1293.861938,294.500488,0.000000
50.060001,65.066872,-1293.817383,-0.000435,0.002633,0.066881,289.431915,14.744364,0.668806,-1293.817383,294.500488,0.000000
50.070004,65.055702,-1293.861938,-0.000444,0.002633,0.066881,289.382202,14.741833,0.668806,-1293.861938,294.500488,0.000000
50.080002,65.053841,-1293.817383,-0.000457,0.002633,0.066890,289.373932,14.741411,0.668897,-1293.817383,294.500488,0.000000
50.090004,65.040062,-1293.772949,-0.000431,0.002633,0.066890,289.312653,14.738289,0.668897,-1293.772949,294.500488,0.000000
50.100002,65.025536,-1293.861938,-0.000431,0.002633,0.066890,289.248016,14.734997,0.668897,-1293.861938,294.500488,0.000000
50.110001,65.029640,-1293.772949,-0.000448,0.002633,0.066890,289.266296,14.735928,0.668897,-1293.772949,294.500488,0.000000
50.120003,65.023308,-1293.861938,-0.000444,0.002633,0.066890,289.238129,14.734492,0.668897,-1293.861938,294.500488,0.000000
50.130001,65.007301,-1293.861938,-0.000440,0.002633,0.066890,289.166931,14.730865,0.668897,-1293.861938,294.500488,0.000000
50.140003,64.999855,-1293.728516,-0.000431,0.002634,0.066897,289.133789,14.729177,0.668973,-1293.728516,294.500488,0.000000
50.150002,65.003578,-1293.861938,-0.000431,0.002634,0.066915,289.150360,14.730021,0.669154,-1293.861938,294.500488,0.000000
50.160004,65.014000,-1293.772949,-0.000431,0.002635,0.066932,289.196716,14.732384,0.669321,-1293.772949,294.500488,0.000000
50.170002,65.029259,-1293.861938,-0.000444,0.002635,0.066941,289.264587,14.735841,0.669412,-1293.861938,294.500488,0.000000
50.180004,65.057564,-1293.861938,-0.000444,0.002635,0.066941,289.390503,14.742254,0.669412,-1293.861938,294.500488,0.000000
50.190002,65.076180,-1293.817383,-0.000427,0.002635,0.066941,289.473297,14.746473,0.669412,-1293.817383,294.500488,0.000000
50.200001,65.074318,-1293.861938,-0.000448,0.002635,0.066941,289.465027,14.746051,0.669412,-1293.861938,294.500488,0.000000
50.210003,65.090340,-1293.817383,-0.000444,0.002635,0.066941,289.536285,14.749682,0.669412,-1293.817383,294.500488,0.000000
50.220001,65.088478,-1293.861938,-0.000427,0.002635,0.066941,289.528015,14.749260,0.669412,-1293.861938,294.500488,0.000000
50.230003,65.091820,-1293.817383,-0.000435,0.002635,0.066941,289.542877,14.750017,0.669412,-1293.817383,294.500488,0.000000
50.240002,65.085869,-1293.772949,-0.000423,0.002635,0.066941,289.516418,14.748669,0.669412,-1293.772949,294.500488,0.000000
50.250004,65.091454,-1293.861938,-0.000440,0.002635,0.066941,289.541260,14.749934,0.669412,-1293.861938,294.500488,0.000000
50.260002,65.092567,-1293.817383,-0.000435,0.002635,0.066941,289.546204,14.750187,0.669412,-1293.817383,294.500488,0.000000
50.270004,65.081764,-1293.906372,-0.000435,0.002635,0.066941,289.498138,14.747739,0.669412,-1293.906372,294.500488,0.000000
50.280003,65.076927,-1293.772949,-0.000448,0.002635,0.066941,289.476624,14.746643,0.669412,-1293.772949,294.500488,0.000000
50.290001,65.071342,-1293.817383,-0.000423,0.002635,0.066941,289.451782,14.745378,0.669412,-1293.817383,294.500488,0.000000
50.300003,65.073570,-1293.861938,-0.000444,0.002635,0.066941,289.461700,14.745882,0.669412,-1293.861938,294.500488,0.000000
50.310001,65.069115,-1293.772949,-0.000435,0.002635,0.066941,289.441864,14.744872,0.669412,-1293.772949,294.500488,0.000000
50.320004,65.059425,-1293.817383,-0.000444,0.002636,0.066950,289.398773,14.742677,0.669502,-1293.817383,294.500488,0.000000
50.330002,65.033363,-1293.861938,-0.000444,0.002636,0.066950,289.282837,14.736771,0.669502,-1293.861938,294.500488,0.000000
50.340004,65.029259,-1293.817383,-0.000440,0.002636,0.066950,289.264587,14.735841,0.669502,-1293.817383,294.500488,0.000000
50.350002,65.036705,-1293.861938,-0.000440,0.002636,0.066958,289.297699,14.737528,0.669578,-1293.861938,294.500488,0.000000
50.360001,65.028145,-1293.817383,-0.000418,0.002636,0.066958,289.259644,14.735588,0.669578,-1293.817383,294.500488,0.000000
50.370003,65.018837,-1293.817383,-0.000440,0.002636,0.066967,289.218231,14.733479,0.669669,-1293.817383,294.500488,0.000000
50.380001,65.031120,-1293.861938,-0.000435,0.002637,0.066976,289.272858,14.736262,0.669760,-1293.861938,294.500488,0.000000
50.390003,65.043419,-1293.906372,-0.000435,0.002638,0.066993,289.327576,14.739050,0.669926,-1293.906372,294.500488,0.000000
50.400002,65.049370,-1293.906372,-0.000444,0.002638,0.066993,289.354034,14.740397,0.669926,-1293.906372,294.500488,0.000000
50.410004,65.059425,-1293.772949,-0.000427,0.002638,0.066993,289.398773,14.742677,0.669926,-1293.772949,294.500488,0.000000
50.420002,65.063530,-1293.861938,-0.000440,0.002638,0.066993,289.417023,14.743607,0.669926,-1293.861938,294.500488,0.000000
50.430004,65.079170,-1293.772949,-0.000440,0.002638,0.066993,289.486603,14.747151,0.669926,-1293.772949,294.500488,0.000000
50.440002,65.089958,-1293.817383,-0.000431,0.002638,0.066993,289.534607,14.749595,0.669926,-1293.817383,294.500488,0.000000
50.450001,65.093315,-1293.817383,-0.000444,0.002638,0.066993,289.549530,14.750356,0.669926,-1293.817383,294.500488,0.000000
50.460003,65.091820,-1293.817383,-0.000431,0.002638,0.066993,289.542877,14.750017,0.669926,-1293.817383,294.500488,0.000000
50.470001,65.082146,-1293.861938,-0.000435,0.002638,0.066993,289.499847,14.747825,0.669926,-1293.861938,294.500488,0.000000
50.480003,65.083626,-1293.817383,-0.000435,0.002638,0.066993,289.506439,14.748160,0.669926,-1293.817383,294.500488,0.000000
50.490002,65.073204,-1293.906372,-0.000435,0.002638,0.067002,289.460083,14.745798,0.670017,-1293.906372,294.500488,0.000000
50.500004,65.072838,-1293.861938,-0.000435,0.002638,0.067002,289.458435,14.745716,0.670017,-1293.861938,294.500488,0.000000
50.510002,65.074318,-1293.772949,-0.000418,0.002638,0.067002,289.465027,14.746051,0.670017,-1293.772949,294.500488,0.000000
50.520004,65.079536,-1293.817383,-0.000435,0.002638,0.067002,289.488251,14.747233,0.670017,-1293.817383,294.500488,0.000000
50.530003,65.085121,-1293.728516,-0.000423,0.002638,0.067002,289.513092,14.748499,0.670017,-1293.728516,294.500488,0.000000
50.540001,65.078423,-1293.817383,-0.000431,0.002638,0.067002,289.483276,14.746982,0.670017,-1293.817383,294.500488,0.000000
50.550003,65.067253,-1293.861938,-0.000431,0.002638,0.067002,289.433594,14.744451,0.670017,-1293.861938,294.500488,0.000000
50.560001,65.063148,-1293.728516,-0.000435,0.002638,0.067002,289.415344,14.743520,0.670017,-1293.728516,294.500488,0.000000
50.570004,65.066124,-1293.817383,-0.000435,0.002638,0.067002,289.428589,14.744194,0.670017,-1293.817383,294.500488,0.000000
50.580002,65.073570,-1293.861938,-0.000427,0.002638,0.067002,289.461700,14.745882,0.670017,-1293.861938,294.500488,0.000000
50.590004,65.065010,-1293.861938,-0.000427,0.002638,0.067002,289.423615,14.743942,0.670017,-1293.861938,294.500488,0.000000
50.600002,65.057198,-1293.861938,-0.000435,0.002638,0.067002,289.388855,14.742171,0.670017,-1293.861938,294.500488,0.000000
50.610001,65.054955,-1293.861938,-0.000418,0.002638,0.067002,289.378876,14.741663,0.670017,-1293.861938,294.500488,0.000000
50.620003,65.060921,-1293.817383,-0.000427,0.002638,0.067002,289.405426,14.743015,0.670017,-1293.817383,294.500488,0.000000
50.630001,65.052727,-1293.817383,-0.000431,0.002638,0.067002,289.368988,14.741158,0.670017,-1293.817383,294.500488,0.000000
50.640003,65.031502,-1293.817383,-0.000431,0.002638,0.067002,289.274567,14.736349,0.670017,-1293.817383,294.500488,0.000000
50.650002,65.029259,-1293.861938,-0.000440,0.002638,0.067002,289.264587,14.735841,0.670017,-1293.861938,294.500488,0.000000
50.660004,65.040810,-1293.817383,-0.000427,0.002638,0.067002,289.315979,14.738459,0.670017,-1293.817383,294.500488,0.000000
50.670002,65.031868,-1293.817383,-0.000427,0.002638,0.067002,289.276184,14.736432,0.670017,-1293.817383,294.500488,0.000000
50.680004,65.011757,-1293.772949,-0.000427,0.002638,0.067002,289.186737,14.731875,0.670017,-1293.772949,294.500488,0.000000
50.690002,65.015862,-1293.861938,-0.000423,0.002638,0.067011,289.204987,14.732804,0.670108,-1293.861938,294.500488,0.000000
50.700001,65.016975,-1293.861938,-0.000427,0.002638,0.067011,289.209961,14.733057,0.670108,-1293.861938,294.500488,0.000000
50.710003,65.023674,-1293.817383,-0.000431,0.002638,0.067011,289.239746,14.734575,0.670108,-1293.817383,294.500488,0.000000
50.720001,65.019585,-1293.861938,-0.000431,0.002638,0.067011,289.221558,14.733649,0.670108,-1293.861938,294.500488,0.000000
50.730003,65.009895,-1293.772949,-0.000435,0.002638,0.067011,289.178467,14.731453,0.670108,-1293.772949,294.500488,0.000000
50.740002,65.001717,-1293.817383,-0.000423,0.002639,0.067020,289.142090,14.729600,0.670199,-1293.817383,294.500488,0.000000
50.750004,65.000969,-1293.861938,-0.000431,0.002639,0.067027,289.138763,14.729430,0.670275,-1293.861938,294.500488,0.000000
50.760002,64.984947,-1293.772949,-0.000431,0.002639,0.067037,289.067474,14.725800,0.670365,-1293.772949,294.500488,0.000000
50.770004,64.999107,-1293.861938,-0.000423,0.002640,0.067053,289.130463,14.729008,0.670532,-1293.861938,294.500488,0.000000
50.780003,65.004692,-1293.817383,-0.000431,0.002640,0.067062,289.155304,14.730273,0.670623,-1293.817383,294.500488,0.000000
50.790001,65.019585,-1293.817383,-0.000440,0.002641,0.067088,289.221558,14.733649,0.670880,-1293.817383,294.500488,0.000000
50.800003,65.048256,-1293.861938,-0.000440,0.002643,0.067132,289.349091,14.740146,0.671319,-1293.861938,294.500488,0.000000
50.810001,65.123482,-1293.772949,-0.000414,0.002645,0.067176,289.683716,14.757192,0.671758,-1293.772949,294.500488,0.000000
50.820004,65.245247,-1293.817383,-0.000427,0.002646,0.067218,290.225342,14.784784,0.672182,-1293.817383,294.500488,0.000000
50.830002,65.394188,-1293.817383,-0.000431,0.002647,0.067227,290.887878,14.818535,0.672273,-1293.817383,294.500488,0.000000
50.840004,65.501427,-1293.772949,-0.000423,0.002647,0.067227,291.364899,14.842835,0.672273,-1293.772949,294.500488,0.000000
50.850002,65.553566,-1293.861938,-0.000435,0.002646,0.067218,291.596832,14.854650,0.672182,-1293.861938,294.500488,0.000000
50.860001,65.576286,-1293.772949,-0.000423,0.002646,0.067211,291.697876,14.859798,0.672107,-1293.772949,294.500488,0.000000
50.870003,65.563240,-1293.906372,-0.000423,0.002646,0.067211,291.639862,14.856842,0.672107,-1293.906372,294.500488,0.000000
50.880001,65.562874,-1293.772949,-0.000435,0.002646,0.067211,291.638214,14.856759,0.672107,-1293.772949,294.500488,0.000000
50.890003,65.569954,-1293.861938,-0.000414,0.002646,0.067211,291.669708,14.858364,0.672107,-1293.861938,294.500488,0.000000
50.900002,65.568459,-1293.817383,-0.000418,0.002646,0.067211,291.663055,14.858025,0.672107,-1293.817383,294.500488,0.000000
50.910004,65.560265,-1293.772949,-0.000418,0.002646,0.067211,291.626617,14.856169,0.672107,-1293.772949,294.500488,0.000000
50.920002,65.568840,-1293.861938,-0.000423,0.002646,0.067211,291.664764,14.858112,0.672107,-1293.861938,294.500488,0.000000
50.930004,65.557655,-1293.772949,-0.000431,0.002646,0.067211,291.615021,14.855577,0.672107,-1293.772949,294.500488,0.000000
50.940002,65.569954,-1293.817383,-0.000435,0.002646,0.067211,291.669708,14.858364,0.672107,-1293.817383,294.500488,0.000000
50.950001,65.563988,-1293.861938,-0.000444,0.002646,0.067211,291.643188,14.857012,0.672107,-1293.861938,294.500488,0.000000
50.960003,65.553932,-1293.772949,-0.000418,0.002646,0.067211,291.598450,14.854733,0.672107,-1293.772949,294.500488,0.000000
50.970001,65.554680,-1293.772949,-0.000423,0.002646,0.067211,291.601776,14.854903,0.672107,-1293.772949,294.500488,0.000000
50.980003,65.555794,-1293.817383,-0.000435,0.002646,0.067211,291.606720,14.855155,0.672107,-1293.817383,294.500488,0.000000
50.990002,65.553200,-1293.861938,-0.000431,0.002646,0.067211,291.595184,14.854568,0.672107,-1293.861938,294.500488,0.000000
51.000004,65.553200,-1293.861938,-0.000431,0.002646,0.067211,291.595184,14.854568,0.672107,-1293.861938,294.500488,0.000000
51.010002,65.545738,-1293.772949,-0.000431,0.002646,0.067211,291.562012,14.852877,0.672107,-1293.772949,294.500488,0.000000
51.020004,65.531227,-1293.817383,-0.000431,0.002646,0.067211,291.497467,14.849588,0.672107,-1293.817383,294.500488,0.000000
51.030003,65.523781,-1293.861938,-0.000427,0.002646,0.067211,291.464325,14.847900,0.672107,-1293.861938,294.500488,0.000000
51.040001,65.518929,-1293.817383,-0.000418,0.002646,0.067211,291.442749,14.846802,0.672107,-1293.817383,294.500488,0.000000
51.050003,65.520424,-1293.861938,-0.000418,0.002646,0.067211,291.449402,14.847140,0.672107,-1293.861938,294.500488,0.000000
51.060001,65.519676,-1293.728516,-0.000431,0.002646,0.067211,291.446075,14.846972,0.672107,-1293.728516,294.500488,0.000000
51.070004,65.523781,-1293.906372,-0.000418,0.002646,0.067211,291.464325,14.847900,0.672107,-1293.906372,294.500488,0.000000
51.080002,65.509254,-1293.861938,-0.000427,0.002646,0.067211,291.399719,14.844608,0.672107,-1293.861938,294.500488,0.000000
51.090004,65.491005,-1293.817383,-0.000418,0.002646,0.067211,291.318542,14.840473,0.672107,-1293.817383,294.500488,0.000000
51.100002,65.487648,-1293.906372,-0.000423,0.002646,0.067211,291.303619,14.839713,0.672107,-1293.906372,294.500488,0.000000
51.110001,65.491386,-1293.772949,-0.000418,0.002646,0.067211,291.320251,14.840561,0.672107,-1293.772949,294.500488,0.000000
51.120003,65.492867,-1293.906372,-0.000423,0.002646,0.067211,291.326813,14.840896,0.672107,-1293.906372,294.500488,0.000000
51.130001,65.480583,-1293.817383,-0.000427,0.002646,0.067211,291.272186,14.838112,0.672107,-1293.817383,294.500488,0.000000
51.140003,65.470894,-1293.817383,-0.000414,0.002646,0.067211,291.229095,14.835917,0.672107,-1293.817383,294.500488,0.000000
51.150002,65.470528,-1293.861938,-0.000423,0.002646,0.067211,291.227448,14.835834,0.672107,-1293.861938,294.500488,0.000000
51.160004,65.461967,-1293.772949,-0.000418,0.002646,0.067211,291.189362,14.833894,0.672107,-1293.772949,294.500488,0.000000
51.170002,65.455635,-1293.906372,-0.000418,0.002646,0.067211,291.161194,14.832459,0.672107,-1293.906372,294.500488,0.000000
51.180004,65.434410,-1293.772949,-0.000427,0.002646,0.067211,291.066803,14.827649,0.672107,-1293.772949,294.500488,0.000000
51.190002,65.433296,-1293.817383,-0.000427,0.002646,0.067211,291.061829,14.827397,0.672107,-1293.817383,294.500488,0.000000
51.200001,65.428078,-1293.817383,-0.000435,0.002646,0.067211,291.038635,14.826214,0.672107,-1293.817383,294.500488,0.000000
51.210003,65.427330,-1293.817383,-0.000418,0.002646,0.067211,291.035309,14.826045,0.672107,-1293.817383,294.500488,0.000000
51.220001,65.408333,-1293.861938,-0.000423,0.002646,0.067211,290.950806,14.821740,0.672107,-1293.861938,294.500488,0.000000
51.230003,65.393822,-1293.817383,-0.000418,0.002646,0.067211,290.886261,14.818452,0.672107,-1293.817383,294.500488,0.000000
51.240002,65.381157,-1293.817383,-0.000427,0.002646,0.067211,290.829926,14.815581,0.672107,-1293.817383,294.500488,0.000000
51.250004,65.384132,-1293.861938,-0.000427,0.002646,0.067211,290.843140,14.816257,0.672107,-1293.861938,294.500488,0.000000
51.260002,65.380043,-1293.772949,-0.000414,0.002646,0.067211,290.824951,14.815329,0.672107,-1293.772949,294.500488,0.000000
51.270004,65.377068,-1293.861938,-0.000418,0.002646,0.067211,290.811707,14.814655,0.672107,-1293.861938,294.500488,0.000000
51.280003,65.365517,-1293.861938,-0.000427,0.002646,0.067211,290.760345,14.812038,0.672107,-1293.861938,294.500488,0.000000
51.290001,65.358437,-1293.861938,-0.000423,0.002646,0.067211,290.728851,14.810433,0.672107,-1293.861938,294.500488,0.000000
51.300003,65.351738,-1293.861938,-0.000427,0.002646,0.067211,290.699036,14.808915,0.672107,-1293.861938,294.500488,0.000000
51.310001,65.337593,-1293.817383,-0.000418,0.002646,0.067211,290.636139,14.805711,0.672107,-1293.817383,294.500488,0.000000
51.320004,65.333488,-1293.906372,-0.000427,0.002646,0.067211,290.617859,14.804780,0.672107,-1293.906372,294.500488,0.000000
51.330002,65.326790,-1293.817383,-0.000423,0.002646,0.067211,290.588074,14.803262,0.672107,-1293.817383,294.500488,0.000000
51.340004,65.335350,-1293.861938,-0.000414,0.002646,0.067211,290.626160,14.805202,0.672107,-1293.861938,294.500488,0.000000
51.350002,65.321571,-1293.817383,-0.000435,0.002646,0.067211,290.564850,14.802079,0.672107,-1293.817383,294.500488,0.000000
51.360001,65.314507,-1293.817383,-0.000418,0.002646,0.067211,290.533447,14.800479,0.672107,-1293.817383,294.500488,0.000000
51.370003,65.304070,-1293.861938,-0.000418,0.002646,0.067211,290.487000,14.798114,0.672107,-1293.861938,294.500488,0.000000
51.380001,65.295509,-1293.817383,-0.000427,0.002646,0.067211,290.448944,14.796174,0.672107,-1293.817383,294.500488,0.000000
51.390003,65.304070,-1293.817383,-0.000418,0.002646,0.067211,290.487000,14.798114,0.672107,-1293.817383,294.500488,0.000000
51.400002,65.292900,-1293.906372,-0.000431,0.002646,0.067211,290.437317,14.795583,0.672107,-1293.906372,294.500488,0.000000
51.410004,65.289925,-1293.817383,-0.000418,0.002646,0.067211,290.424103,14.794909,0.672107,-1293.817383,294.500488,0.000000
51.420002,65.282845,-1293.817383,-0.000423,0.002646,0.067211,290.392609,14.793304,0.672107,-1293.817383,294.500488,0.000000
51.430004,65.268700,-1293.817383,-0.000418,0.002646,0.067211,290.329681,14.790098,0.672107,-1293.817383,294.500488,0.000000
51.440002,65.276527,-1293.817383,-0.000414,0.002646,0.067211,290.364502,14.791872,0.672107,-1293.817383,294.500488,0.000000
51.450001,65.259026,-1293.861938,-0.000423,0.002646,0.067211,290.286652,14.787907,0.672107,-1293.861938,294.500488,0.000000
51.460003,65.253426,-1293.772949,-0.000414,0.002646,0.067211,290.261719,14.786638,0.672107,-1293.772949,294.500488,0.000000
51.470001,65.261253,-1293.906372,-0.000418,0.002646,0.067218,290.296539,14.788412,0.672182,-1293.906372,294.500488,0.000000
51.480003,65.259026,-1293.861938,-0.000414,0.002646,0.067218,290.286652,14.787907,0.672182,-1293.861938,294.500488,0.000000
51.490002,65.256416,-1293.950806,-0.000410,0.002646,0.067218,290.275024,14.787314,0.672182,-1293.950806,294.500488,0.000000
51.500004,65.241890,-1293.817383,-0.000418,0.002646,0.067218,290.210419,14.784024,0.672182,-1293.817383,294.500488,0.000000
51.510002,65.241524,-1293.861938,-0.000410,0.002646,0.067218,290.208801,14.783940,0.672182,-1293.861938,294.500488,0.000000
51.520004,65.238167,-1293.861938,-0.000427,0.002646,0.067218,290.193848,14.783179,0.672182,-1293.861938,294.500488,0.000000
51.530003,65.237419,-1293.817383,-0.000431,0.002646,0.067218,290.190521,14.783010,0.672182,-1293.817383,294.500488,0.000000
51.540001,65.226616,-1293.906372,-0.000414,0.002646,0.067218,290.142487,14.780562,0.672182,-1293.906372,294.500488,0.000000
51.550003,65.211357,-1293.817383,-0.000418,0.002646,0.067218,290.074615,14.777104,0.672182,-1293.817383,294.500488,0.000000
51.560001,65.208748,-1293.817383,-0.000410,0.002647,0.067227,290.062988,14.776513,0.672273,-1293.817383,294.500488,0.000000
51.570004,65.202797,-1293.861938,-0.000414,0.002647,0.067227,290.036530,14.775166,0.672273,-1293.861938,294.500488,0.000000
51.580002,65.184914,-1293.772949,-0.000410,0.002647,0.067227,289.956970,14.771112,0.672273,-1293.772949,294.500488,0.000000
51.590004,65.176353,-1293.861938,-0.000405,0.002647,0.067227,289.918915,14.769173,0.672273,-1293.861938,294.500488,0.000000
51.600002,65.164070,-1293.861938,-0.000431,0.002647,0.067227,289.864258,14.766389,0.672273,-1293.861938,294.500488,0.000000
51.610001,65.168526,-1293.728516,-0.000410,0.002647,0.067227,289.884094,14.767399,0.672273,-1293.728516,294.500488,0.000000
51.620003,65.183434,-1293.861938,-0.000410,0.002647,0.067227,289.950378,14.770777,0.672273,-1293.861938,294.500488,0.000000
51.630001,65.178581,-1293.817383,-0.000423,0.002647,0.067227,289.928802,14.769677,0.672273,-1293.817383,294.500488,0.000000
51.640003,65.166298,-1293.817383,-0.000427,0.002647,0.067227,289.874176,14.766894,0.672273,-1293.817383,294.500488,0.000000
51.650002,65.149910,-1293.861938,-0.000414,0.002647,0.067227,289.801270,14.763181,0.672273,-1293.861938,294.500488,0.000000
51.660004,65.140984,-1293.772949,-0.000410,0.002647,0.067227,289.761566,14.761158,0.672273,-1293.772949,294.500488,0.000000
51.670002,65.143211,-1293.906372,-0.000410,0.002647,0.067236,289.771484,14.761663,0.672364,-1293.906372,294.500488,0.000000
51.680004,65.133904,-1293.817383,-0.000410,0.002647,0.067236,289.730072,14.759553,0.672364,-1293.817383,294.500488,0.000000
51.690002,65.116020,-1293.772949,-0.000414,0.002647,0.067244,289.650513,14.755501,0.672440,-1293.772949,294.500488,0.000000
51.700001,65.123848,-1293.861938,-0.000427,0.002648,0.067271,289.685333,14.757275,0.672712,-1293.861938,294.500488,0.000000
51.710003,65.129066,-1293.817383,-0.000410,0.002649,0.067279,289.708557,14.758457,0.672788,-1293.817383,294.500488,0.000000
51.720001,65.133156,-1293.772949,-0.000414,0.002649,0.067279,289.726746,14.759384,0.672788,-1293.772949,294.500488,0.000000
51.730003,65.151772,-1293.817383,-0.000427,0.002649,0.067279,289.809540,14.763602,0.672788,-1293.817383,294.500488,0.000000
51.740002,65.166664,-1293.728516,-0.000418,0.002649,0.067279,289.875793,14.766976,0.672788,-1293.728516,294.500488,0.000000
51.750004,65.180824,-1293.817383,-0.000418,0.002649,0.067279,289.938782,14.770185,0.672788,-1293.817383,294.500488,0.000000
51.760002,65.191246,-1293.772949,-0.000414,0.002649,0.067279,289.985138,14.772547,0.672788,-1293.772949,294.500488,0.000000
51.770004,65.188271,-1293.906372,-0.000418,0.002649,0.067279,289.971924,14.771873,0.672788,-1293.906372,294.500488,0.000000
51.780003,65.187889,-1293.861938,-0.000423,0.002649,0.067279,289.970215,14.771787,0.672788,-1293.861938,294.500488,0.000000
51.790001,65.190498,-1293.772949,-0.000410,0.002649,0.067279,289.981812,14.772378,0.672788,-1293.772949,294.500488,0.000000
51.800003,65.184914,-1293.817383,-0.000423,0.002649,0.067279,289.956970,14.771112,0.672788,-1293.817383,294.500488,0.000000
51.810001,65.178581,-1293.772949,-0.000414,0.002649,0.067279,289.928802,14.769677,0.672788,-1293.772949,294.500488,0.000000
51.820004,65.164803,-1293.861938,-0.000423,0.002649,0.067279,289.867523,14.766556,0.672788,-1293.861938,294.500488,0.000000
51.830002,65.162941,-1293.772949,-0.000410,0.002649,0.067279,289.859253,14.766133,0.672788,-1293.772949,294.500488,0.000000
51.840004,65.158104,-1293.817383,-0.000410,0.002649,0.067279,289.837708,14.765038,0.672788,-1293.817383,294.500488,0.000000
51.850002,65.164803,-1293.861938,-0.000427,0.002649,0.067279,289.867523,14.766556,0.672788,-1293.861938,294.500488,0.000000
51.860001,65.157738,-1293.817383,-0.000405,0.002649,0.067279,289.836090,14.764955,0.672788,-1293.817383,294.500488,0.000000
51.870003,65.146568,-1293.861938,-0.000410,0.002649,0.067279,289.786407,14.762424,0.672788,-1293.861938,294.500488,0.000000
51.880001,65.149162,-1293.817383,-0.000414,0.002649,0.067279,289.797943,14.763011,0.672788,-1293.817383,294.500488,0.000000
51.890003,65.143211,-1293.817383,-0.000410,0.002649,0.067279,289.771484,14.761663,0.672788,-1293.817383,294.500488,0.000000
51.900002,65.133522,-1293.950806,-0.000427,0.002649,0.067279,289.728363,14.759467,0.672788,-1293.950806,294.500488,0.000000
51.910004,65.125343,-1293.772949,-0.000423,0.002649,0.067279,289.691986,14.757614,0.672788,-1293.772949,294.500488,0.000000
51.920002,65.112297,-1293.817383,-0.000410,0.002649,0.067279,289.633972,14.754658,0.672788,-1293.817383,294.500488,0.000000
51.930004,65.116020,-1293.728516,-0.000414,0.002649,0.067279,289.650513,14.755501,0.672788,-1293.728516,294.500488,0.000000
51.940002,65.114540,-1293.861938,-0.000414,0.002649,0.067279,289.643951,14.755165,0.672788,-1293.861938,294.500488,0.000000
51.950001,65.106346,-1293.861938,-0.000414,0.002649,0.067279,289.607483,14.753309,0.672788,-1293.861938,294.500488,0.000000
51.960003,65.100761,-1293.861938,-0.000410,0.002649,0.067279,289.582642,14.752044,0.672788,-1293.861938,294.500488,0.000000
51.970001,65.092201,-1293.861938,-0.000423,0.002649,0.067279,289.544586,14.750103,0.672788,-1293.861938,294.500488,0.000000
51.980003,65.090706,-1293.772949,-0.000423,0.002649,0.067279,289.537933,14.749764,0.672788,-1293.772949,294.500488,0.000000
51.990002,65.079903,-1293.861938,-0.000401,0.002649,0.067279,289.489868,14.747316,0.672788,-1293.861938,294.500488,0.000000
52.000004,65.070976,-1293.861938,-0.000418,0.002649,0.067279,289.450165,14.745294,0.672788,-1293.861938,294.500488,0.000000
52.010002,65.061287,-1293.728516,-0.000405,0.002649,0.067288,289.407043,14.743098,0.672879,-1293.728516,294.500488,0.000000
52.020004,65.069115,-1293.861938,-0.000423,0.002649,0.067288,289.441864,14.744872,0.672879,-1293.861938,294.500488,0.000000
52.030003,65.063896,-1293.861938,-0.000427,0.002649,0.067288,289.418671,14.743690,0.672879,-1293.861938,294.500488,0.000000
52.040001,65.063896,-1293.861938,-0.000397,0.002649,0.067288,289.418671,14.743690,0.672879,-1293.861938,294.500488,0.000000
52.050003,65.063530,-1293.861938,-0.000414,0.002649,0.067297,289.417023,14.743607,0.672969,-1293.861938,294.500488,0.000000
52.060001,65.060539,-1293.728516,-0.000414,0.002649,0.067297,289.403748,14.742929,0.672969,-1293.728516,294.500488,0.000000
52.070004,65.060921,-1293.906372,-0.000410,0.002650,0.067306,289.405426,14.743015,0.673060,-1293.906372,294.500488,0.000000
52.080002,65.044167,-1293.728516,-0.000414,0.002650,0.067306,289.330902,14.739220,0.673060,-1293.728516,294.500488,0.000000
52.090004,65.043037,-1293.817383,-0.000418,0.002650,0.067314,289.325867,14.738962,0.673136,-1293.817383,294.500488,0.000000
52.100002,65.047142,-1293.772949,-0.000414,0.002650,0.067323,289.344147,14.739893,0.673227,-1293.772949,294.500488,0.000000
52.110001,65.060539,-1293.817383,-0.000410,0.002651,0.067339,289.403748,14.742929,0.673393,-1293.817383,294.500488,0.000000
52.120003,65.065758,-1293.817383,-0.000405,0.002651,0.067339,289.426941,14.744112,0.673393,-1293.817383,294.500488,0.000000
52.130001,65.069115,-1293.772949,-0.000405,0.002651,0.067339,289.441864,14.744872,0.673393,-1293.772949,294.500488,0.000000
52.140003,65.072456,-1293.817383,-0.000405,0.002651,0.067339,289.456757,14.745629,0.673393,-1293.817383,294.500488,0.000000
52.150002,65.073570,-1293.861938,-0.000414,0.002651,0.067339,289.461700,14.745882,0.673393,-1293.861938,294.500488,0.000000
52.160004,65.079903,-1293.817383,-0.000414,0.002651,0.067339,289.489868,14.747316,0.673393,-1293.817383,294.500488,0.000000
52.170002,65.085487,-1293.861938,-0.000405,0.002651,0.067339,289.514709,14.748582,0.673393,-1293.861938,294.500488,0.000000
52.180004,65.087349,-1293.861938,-0.000410,0.002651,0.067339,289.522980,14.749004,0.673393,-1293.861938,294.500488,0.000000
52.190002,65.081764,-1293.817383,-0.000397,0.002651,0.067339,289.498138,14.747739,0.673393,-1293.817383,294.500488,0.000000
52.200001,65.080284,-1293.861938,-0.000418,0.002652,0.067348,289.491577,14.747403,0.673484,-1293.861938,294.500488,0.000000
52.210003,65.089958,-1293.817383,-0.000414,0.002652,0.067348,289.534607,14.749595,0.673484,-1293.817383,294.500488,0.000000
52.220001,65.091820,-1293.950806,-0.000410,0.002652,0.067348,289.542877,14.750017,0.673484,-1293.950806,294.500488,0.000000
52.230003,65.084373,-1293.772949,-0.000414,0.002652,0.067348,289.509766,14.748329,0.673484,-1293.772949,294.500488,0.000000
52.240002,65.091820,-1293.817383,-0.000410,0.002652,0.067348,289.542877,14.750017,0.673484,-1293.817383,294.500488,0.000000
52.250004,65.091820,-1293.861938,-0.000427,0.002652,0.067348,289.542877,14.750017,0.673484,-1293.861938,294.500488,0.000000
52.260002,65.090340,-1293.861938,-0.000410,0.002652,0.067348,289.536285,14.749682,0.673484,-1293.861938,294.500488,0.000000
52.270004,65.085869,-1293.906372,-0.000410,0.002652,0.067348,289.516418,14.748669,0.673484,-1293.906372,294.500488,0.000000
52.280003,65.076180,-1293.817383,-0.000418,0.002652,0.067348,289.473297,14.746473,0.673484,-1293.817383,294.500488,0.000000
52.290001,65.067986,-1293.861938,-0.000418,0.002652,0.067348,289.436859,14.744617,0.673484,-1293.861938,294.500488,0.000000
52.300003,65.077675,-1293.861938,-0.000427,0.002652,0.067348,289.479950,14.746812,0.673484,-1293.861938,294.500488,0.000000
52.310001,65.066505,-1293.728516,-0.000423,0.002652,0.067348,289.430267,14.744281,0.673484,-1293.728516,294.500488,0.000000
52.320004,65.060173,-1293.906372,-0.000423,0.002652,0.067348,289.402100,14.742846,0.673484,-1293.906372,294.500488,0.000000
52.330002,65.057198,-1293.817383,-0.000418,0.002652,0.067348,289.388855,14.742171,0.673484,-1293.817383,294.500488,0.000000
52.340004,65.050865,-1293.817383,-0.000414,0.002652,0.067348,289.360687,14.740736,0.673484,-1293.817383,294.500488,0.000000
52.350002,65.042671,-1293.861938,-0.000423,0.002652,0.067348,289.324249,14.738880,0.673484,-1293.861938,294.500488,0.000000
52.360001,65.048622,-1293.772949,-0.000418,0.002652,0.067348,289.350708,14.740228,0.673484,-1293.772949,294.500488,0.000000
52.370003,65.053474,-1293.861938,-0.000397,0.002652,0.067348,289.372314,14.741328,0.673484,-1293.861938,294.500488,0.000000
52.380001,65.037834,-1293.861938,-0.000418,0.002652,0.067348,289.302734,14.737784,0.673484,-1293.861938,294.500488,0.000000
52.390003,65.031120,-1293.817383,-0.000418,0.002652,0.067348,289.272858,14.736262,0.673484,-1293.817383,294.500488,0.000000
52.400002,65.027031,-1293.817383,-0.000423,0.002652,0.067348,289.254669,14.735335,0.673484,-1293.817383,294.500488,0.000000
52.410004,65.029640,-1293.817383,-0.000410,0.002652,0.067348,289.266296,14.735928,0.673484,-1293.817383,294.500488,0.000000
52.420002,65.019218,-1293.861938,-0.000410,0.002652,0.067348,289.219940,14.733565,0.673484,-1293.861938,294.500488,0.000000
52.430004,65.022560,-1293.772949,-0.000418,0.002652,0.067348,289.234802,14.734323,0.673484,-1293.772949,294.500488,0.000000
52.440002,65.022560,-1293.861938,-0.000410,0.002652,0.067348,289.234802,14.734323,0.673484,-1293.861938,294.500488,0.000000
52.450001,65.007301,-1293.817383,-0.000427,0.002652,0.067348,289.166931,14.730865,0.673484,-1293.817383,294.500488,0.000000
52.460003,64.999107,-1293.772949,-0.000414,0.002652,0.067348,289.130463,14.729008,0.673484,-1293.772949,294.500488,0.000000
52.470001,64.983833,-1293.861938,-0.000410,0.002652,0.067348,289.062531,14.725547,0.673484,-1293.861938,294.500488,0.000000
52.480003,64.996864,-1293.817383,-0.000410,0.002652,0.067358,289.120483,14.728499,0.673575,-1293.817383,294.500488,0.000000
52.490002,64.990532,-1293.861938,-0.000397,0.002652,0.067358,289.092316,14.727065,0.673575,-1293.861938,294.500488,0.000000
52.500004,64.990913,-1293.906372,-0.000410,0.002652,0.067358,289.094025,14.727151,0.673575,-1293.906372,294.500488,0.000000
52.510002,64.984947,-1293.817383,-0.000405,0.002652,0.067367,289.067474,14.725800,0.673666,-1293.817383,294.500488,0.000000
52.520004,64.969688,-1293.817383,-0.000410,0.002653,0.067392,288.999603,14.722342,0.673923,-1293.817383,294.500488,0.000000
52.530003,64.976387,-1293.772949,-0.000410,0.002655,0.067435,289.029419,14.723860,0.674347,-1293.772949,294.500488,0.000000
52.540001,65.004692,-1293.817383,-0.000401,0.002656,0.067470,289.155304,14.730273,0.674695,-1293.817383,294.500488,0.000000
52.550003,65.066124,-1293.817383,-0.000410,0.002657,0.067497,289.428589,14.744194,0.674968,-1293.817383,294.500488,0.000000
52.560001,65.187889,-1293.772949,-0.000397,0.002657,0.067497,289.970215,14.771787,0.674968,-1293.772949,294.500488,0.000000
52.570004,65.270195,-1293.861938,-0.000410,0.002657,0.067497,290.336334,14.790438,0.674968,-1293.861938,294.500488,0.000000
52.580002,65.303337,-1293.772949,-0.000414,0.002657,0.067488,290.483765,14.797948,0.674877,-1293.772949,294.500488,0.000000
52.590004,65.294029,-1293.861938,-0.000405,0.002657,0.067488,290.442352,14.795838,0.674877,-1293.861938,294.500488,0.000000
52.600002,65.306679,-1293.817383,-0.000414,0.002657,0.067488,290.498627,14.798705,0.674877,-1293.817383,294.500488,0.000000
52.610001,65.314125,-1293.861938,-0.000410,0.002657,0.067488,290.531738,14.800392,0.674877,-1293.861938,294.500488,0.000000
52.620003,65.315987,-1293.861938,-0.000401,0.002657,0.067488,290.540009,14.800814,0.674877,-1293.861938,294.500488,0.000000
52.630001,65.317848,-1293.817383,-0.000410,0.002657,0.067488,290.548309,14.801236,0.674877,-1293.817383,294.500488,0.000000
52.640003,65.311897,-1293.817383,-0.000418,0.002657,0.067488,290.521820,14.799888,0.674877,-1293.817383,294.500488,0.000000
52.650002,65.327538,-1293.817383,-0.000418,0.002657,0.067488,290.591400,14.803432,0.674877,-1293.817383,294.500488,0.000000
52.660004,65.322319,-1293.772949,-0.000410,0.002657,0.067488,290.568176,14.802249,0.674877,-1293.772949,294.500488,0.000000
52.670002,65.318977,-1293.861938,-0.000405,0.002657,0.067488,290.553314,14.801492,0.674877,-1293.861938,294.500488,0.000000
52.680004,65.320839,-1293.817383,-0.000410,0.002657,0.067488,290.561615,14.801914,0.674877,-1293.817383,294.500488,0.000000
52.690002,65.320457,-1293.906372,-0.000405,0.002657,0.067488,290.559906,14.801826,0.674877,-1293.906372,294.500488,0.000000
52.700001,65.313011,-1293.772949,-0.000427,0.002657,0.067488,290.526794,14.800140,0.674877,-1293.772949,294.500488,0.000000
52.710003,65.311150,-1293.772949,-0.000405,0.002657,0.067488,290.518494,14.799718,0.674877,-1293.772949,294.500488,0.000000
52.720001,65.299614,-1293.861938,-0.000401,0.002657,0.067488,290.467194,14.797104,0.674877,-1293.861938,294.500488,0.000000
52.730003,65.298866,-1293.728516,-0.000410,0.002657,0.067488,290.463867,14.796934,0.674877,-1293.728516,294.500488,0.000000
52.740002,65.302208,-1293.772949,-0.000401,0.002657,0.067488,290.478729,14.797691,0.674877,-1293.772949,294.500488,0.000000
52.750004,65.304451,-1293.906372,-0.000410,0.002657,0.067488,290.488708,14.798200,0.674877,-1293.906372,294.500488,0.000000
52.760002,65.301094,-1293.861938,-0.000405,0.002657,0.067488,290.473785,14.797440,0.674877,-1293.861938,294.500488,0.000000
52.770004,65.285835,-1293.861938,-0.000410,0.002657,0.067488,290.405914,14.793983,0.674877,-1293.861938,294.500488,0.000000
52.780003,65.287315,-1293.861938,-0.000418,0.002657,0.067488,290.412476,14.794317,0.674877,-1293.861938,294.500488,0.000000
52.790001,65.293648,-1293.772949,-0.000405,0.002657,0.067488,290.440643,14.795753,0.674877,-1293.772949,294.500488,0.000000
52.800003,65.282845,-1293.861938,-0.000423,0.002657,0.067488,290.392609,14.793304,0.674877,-1293.861938,294.500488,0.000000
52.810001,65.284706,-1293.772949,-0.000418,0.002657,0.067488,290.400879,14.793726,0.674877,-1293.772949,294.500488,0.000000
52.820004,65.279869,-1293.861938,-0.000414,0.002657,0.067488,290.379364,14.792629,0.674877,-1293.861938,294.500488,0.000000
52.830002,65.273537,-1293.817383,-0.000410,0.002657,0.067488,290.351196,14.791195,0.674877,-1293.817383,294.500488,0.000000
52.840004,65.272057,-1293.861938,-0.000405,0.002657,0.067488,290.344604,14.790859,0.674877,-1293.861938,294.500488,0.000000
52.850002,65.266838,-1293.861938,-0.000397,0.002657,0.067488,290.321381,14.789678,0.674877,-1293.861938,294.500488,0.000000
52.860001,65.253059,-1293.772949,-0.000410,0.002657,0.067488,290.260101,14.786554,0.674877,-1293.772949,294.500488,0.000000
52.870003,65.250084,-1293.772949,-0.000410,0.002657,0.067488,290.246857,14.785880,0.674877,-1293.772949,294.500488,0.000000
52.880001,65.255302,-1293.861938,-0.000414,0.002657,0.067488,290.270081,14.787063,0.674877,-1293.861938,294.500488,0.000000
52.890003,65.243385,-1293.772949,-0.000405,0.002657,0.067488,290.217072,14.784363,0.674877,-1293.772949,294.500488,0.000000
52.900002,65.250450,-1293.772949,-0.000401,0.002657,0.067488,290.248505,14.785963,0.674877,-1293.772949,294.500488,0.000000
52.910004,65.234810,-1293.772949,-0.000405,0.002657,0.067488,290.178925,14.782419,0.674877,-1293.772949,294.500488,0.000000
52.920002,65.229607,-1293.861938,-0.000397,0.002657,0.067488,290.155792,14.781240,0.674877,-1293.861938,294.500488,0.000000
52.930004,65.239662,-1293.772949,-0.000405,0.002657,0.067488,290.200500,14.783519,0.674877,-1293.772949,294.500488,0.000000
52.940002,65.228477,-1293.861938,-0.000392,0.002657,0.067488,290.150757,14.780985,0.674877,-1293.861938,294.500488,0.000000
52.950001,65.212105,-1293.817383,-0.000414,0.002657,0.067488,290.077942,14.777274,0.674877,-1293.817383,294.500488,0.000000
52.960003,65.209496,-1293.772949,-0.000397,0.002657,0.067488,290.066315,14.776683,0.674877,-1293.772949,294.500488,0.000000
52.970001,65.202049,-1293.861938,-0.000414,0.002657,0.067488,290.033203,14.774996,0.674877,-1293.861938,294.500488,0.000000
52.980003,65.204277,-1293.772949,-0.000410,0.002657,0.067488,290.043121,14.775500,0.674877,-1293.772949,294.500488,0.000000
52.990002,65.207634,-1293.817383,-0.000392,0.002657,0.067488,290.058044,14.776261,0.674877,-1293.817383,294.500488,0.000000
53.000004,65.189018,-1293.861938,-0.000427,0.002657,0.067488,289.975250,14.772042,0.674877,-1293.861938,294.500488,0.000000
53.010002,65.174110,-1293.772949,-0.000392,0.002657,0.067488,289.908936,14.768664,0.674877,-1293.772949,294.500488,0.000000
53.020004,65.169655,-1293.861938,-0.000401,0.002657,0.067488,289.889099,14.767654,0.674877,-1293.861938,294.500488,0.000000
53.030003,65.174492,-1293.772949,-0.000405,0.002657,0.067488,289.910614,14.768751,0.674877,-1293.772949,294.500488,0.000000
53.040001,65.161827,-1293.861938,-0.000410,0.002657,0.067488,289.854279,14.765881,0.674877,-1293.861938,294.500488,0.000000
53.050003,65.140236,-1293.817383,-0.000401,0.002657,0.067488,289.758240,14.760988,0.674877,-1293.817383,294.500488,0.000000
53.060001,65.130547,-1293.817383,-0.000410,0.002657,0.067488,289.715149,14.758793,0.674877,-1293.817383,294.500488,0.000000
53.070004,65.113426,-1293.861938,-0.000397,0.002657,0.067488,289.638977,14.754913,0.674877,-1293.861938,294.500488,0.000000
53.080002,65.107094,-1293.728516,-0.000405,0.002657,0.067488,289.610809,14.753479,0.674877,-1293.728516,294.500488,0.000000
53.090004,65.096291,-1293.861938,-0.000392,0.002657,0.067488,289.562775,14.751030,0.674877,-1293.861938,294.500488,0.000000
53.100002,65.091454,-1293.861938,-0.000414,0.002657,0.067488,289.541260,14.749934,0.674877,-1293.861938,294.500488,0.000000
53.110004,65.095924,-1293.772949,-0.000405,0.002657,0.067488,289.561127,14.750948,0.674877,-1293.772949,294.500488,0.000000
53.120003,65.087349,-1293.906372,-0.000397,0.002657,0.067488,289.522980,14.749004,0.674877,-1293.906372,294.500488,0.000000
53.130001,65.070229,-1293.817383,-0.000410,0.002657,0.067488,289.446838,14.745125,0.674877,-1293.817383,294.500488,0.000000
53.140003,65.069115,-1293.861938,-0.000401,0.002657,0.067497,289.441864,14.744872,0.674968,-1293.861938,294.500488,0.000000
53.150002,65.067253,-1293.817383,-0.000392,0.002657,0.067497,289.433594,14.744451,0.674968,-1293.817383,294.500488,0.000000
53.160004,65.081032,-1293.817383,-0.000401,0.002657,0.067497,289.494873,14.747572,0.674968,-1293.817383,294.500488,0.000000
53.170002,65.066872,-1293.906372,-0.000410,0.002657,0.067497,289.431915,14.744364,0.674968,-1293.906372,294.500488,0.000000
53.180004,65.061668,-1293.728516,-0.000410,0.002657,0.067497,289.408752,14.743185,0.674968,-1293.728516,294.500488,0.000000
53.190002,65.050865,-1293.861938,-0.000392,0.002657,0.067497,289.360687,14.740736,0.674968,-1293.861938,294.500488,0.000000
53.200001,65.051231,-1293.772949,-0.000410,0.002657,0.067497,289.362335,14.740820,0.674968,-1293.772949,294.500488,0.000000
53.210003,65.046028,-1293.728516,-0.000405,0.002657,0.067497,289.339172,14.739640,0.674968,-1293.728516,294.500488,0.000000
53.220001,65.046028,-1293.817383,-0.000401,0.002657,0.067497,289.339172,14.739640,0.674968,-1293.817383,294.500488,0.000000
53.230003,65.036705,-1293.817383,-0.000410,0.002657,0.067497,289.297699,14.737528,0.674968,-1293.817383,294.500488,0.000000
53.240002,65.035973,-1293.861938,-0.000410,0.002657,0.067497,289.294464,14.737362,0.674968,-1293.861938,294.500488,0.000000
53.250004,65.029640,-1293.817383,-0.000410,0.002657,0.067497,289.266296,14.735928,0.674968,-1293.817383,294.500488,0.000000
53.260002,65.028145,-1293.772949,-0.000392,0.002657,0.067497,289.259644,14.735588,0.674968,-1293.772949,294.500488,0.000000
53.270004,65.016975,-1293.861938,-0.000397,0.002657,0.067497,289.209961,14.733057,0.674968,-1293.861938,294.500488,0.000000
53.280003,65.018471,-1293.817383,-0.000418,0.002657,0.067497,289.216614,14.733397,0.674968,-1293.817383,294.500488,0.000000
53.290001,65.007301,-1293.772949,-0.000392,0.002657,0.067497,289.166931,14.730865,0.674968,-1293.772949,294.500488,0.000000
53.300003,65.012886,-1293.817383,-0.000401,0.002657,0.067497,289.191772,14.732131,0.674968,-1293.817383,294.500488,0.000000
53.310001,65.008034,-1293.861938,-0.000401,0.002657,0.067497,289.170166,14.731030,0.674968,-1293.861938,294.500488,0.000000
53.320004,64.998726,-1293.817383,-0.000401,0.002657,0.067497,289.128784,14.728922,0.674968,-1293.817383,294.500488,0.000000
53.330002,64.992775,-1293.817383,-0.000414,0.002657,0.067497,289.102295,14.727573,0.674968,-1293.817383,294.500488,0.000000
53.340004,64.991661,-1293.817383,-0.000418,0.002657,0.067497,289.097351,14.727321,0.674968,-1293.817383,294.500488,0.000000
53.350002,64.985695,-1293.861938,-0.000414,0.002657,0.067497,289.070801,14.725968,0.674968,-1293.861938,294.500488,0.000000
53.360004,64.978615,-1293.817383,-0.000397,0.002657,0.067497,289.039307,14.724364,0.674968,-1293.817383,294.500488,0.000000
53.370003,64.964104,-1293.861938,-0.000405,0.002657,0.067497,288.974762,14.721076,0.674968,-1293.861938,294.500488,0.000000
53.380001,64.980492,-1293.861938,-0.000410,0.002657,0.067497,289.047668,14.724790,0.674968,-1293.861938,294.500488,0.000000
53.390003,64.971550,-1293.861938,-0.000405,0.002657,0.067497,289.007874,14.722764,0.674968,-1293.861938,294.500488,0.000000
53.400002,64.957390,-1293.817383,-0.000410,0.002657,0.067497,288.944916,14.719555,0.674968,-1293.817383,294.500488,0.000000
53.410004,64.948463,-1293.772949,-0.000401,0.002657,0.067497,288.905182,14.717532,0.674968,-1293.772949,294.500488,0.000000
53.420002,64.946968,-1293.906372,-0.000397,0.002657,0.067497,288.898529,14.717194,0.674968,-1293.906372,294.500488,0.000000
53.430004,64.953300,-1293.772949,-0.000414,0.002657,0.067497,288.926697,14.718629,0.674968,-1293.772949,294.500488,0.000000
53.440002,64.952187,-1293.861938,-0.000392,0.002657,0.067497,288.921753,14.718376,0.674968,-1293.861938,294.500488,0.000000
53.450001,64.934303,-1293.772949,-0.000392,0.002657,0.067497,288.842194,14.714324,0.674968,-1293.772949,294.500488,0.000000
53.460003,64.920525,-1293.861938,-0.000405,0.002657,0.067497,288.780914,14.711201,0.674968,-1293.861938,294.500488,0.000000
53.470001,64.916435,-1293.817383,-0.000418,0.002657,0.067497,288.762726,14.710275,0.674968,-1293.817383,294.500488,0.000000
53.480003,64.916435,-1293.817383,-0.000397,0.002657,0.067497,288.762726,14.710275,0.674968,-1293.817383,294.500488,0.000000
53.490002,64.913826,-1293.861938,-0.000392,0.002657,0.067497,288.751129,14.709682,0.674968,-1293.861938,294.500488,0.000000
53.500004,64.901176,-1293.772949,-0.000410,0.002657,0.067497,288.694855,14.706817,0.674968,-1293.772949,294.500488,0.000000
53.510002,64.891487,-1293.772949,-0.000392,0.002657,0.067497,288.651764,14.704621,0.674968,-1293.772949,294.500488,0.000000
53.520004,64.891487,-1293.861938,-0.000401,0.002657,0.067497,288.651764,14.704621,0.674968,-1293.861938,294.500488,0.000000
53.530003,64.888878,-1293.772949,-0.000405,0.002657,0.067497,288.640137,14.704030,0.674968,-1293.772949,294.500488,0.000000
53.540001,64.863930,-1293.817383,-0.000384,0.002657,0.067497,288.529175,14.698377,0.674968,-1293.817383,294.500488,0.000000
53.550003,64.855370,-1293.817383,-0.000405,0.002658,0.067504,288.491089,14.696436,0.675044,-1293.817383,294.500488,0.000000
53.560001,64.841591,-1293.817383,-0.000405,0.002659,0.067539,288.429810,14.693315,0.675392,-1293.817383,294.500488,0.000000
53.570004,64.851646,-1293.817383,-0.000410,0.002662,0.067625,288.474518,14.695593,0.676255,-1293.817383,294.500488,0.000000
53.580002,64.953667,-1293.772949,-0.000410,0.002667,0.067739,288.928345,14.718711,0.677390,-1293.772949,294.500488,0.000000
53.590004,65.229225,-1293.861938,-0.000392,0.002670,0.067825,290.154083,14.781154,0.678253,-1293.861938,294.500488,0.000000
53.600002,65.580742,-1293.772949,-0.000410,0.002671,0.067843,291.717712,14.860808,0.678435,-1293.772949,294.500488,0.000000
53.610004,65.836937,-1293.772949,-0.000388,0.002671,0.067834,292.857330,14.918863,0.678344,-1293.772949,294.500488,0.000000
53.620003,65.920723,-1293.817383,-0.000401,0.002669,0.067783,293.230011,14.937850,0.677829,-1293.817383,294.500488,0.000000
53.630001,65.936363,-1293.772949,-0.000410,0.002668,0.067774,293.299591,14.941394,0.677738,-1293.772949,294.500488,0.000000
53.640003,65.942329,-1293.861938,-0.000410,0.002668,0.067774,293.326141,14.942745,0.677738,-1293.861938,294.500488,0.000000
53.650002,65.889442,-1293.817383,-0.000410,0.002668,0.067774,293.090881,14.930761,0.677738,-1293.817383,294.500488,0.000000
53.660004,65.865990,-1293.772949,-0.000397,0.002668,0.067774,292.986542,14.925447,0.677738,-1293.772949,294.500488,0.000000
53.670002,65.877525,-1293.861938,-0.000401,0.002668,0.067774,293.037872,14.928061,0.677738,-1293.861938,294.500488,0.000000
53.680004,65.887215,-1293.772949,-0.000397,0.002668,0.067774,293.080963,14.930256,0.677738,-1293.772949,294.500488,0.000000
53.690002,65.844383,-1293.906372,-0.000397,0.002668,0.067774,292.890442,14.920550,0.677738,-1293.906372,294.500488,0.000000
53.700001,65.911049,-1293.772949,-0.000397,0.002668,0.067774,293.186981,14.935658,0.677738,-1293.772949,294.500488,0.000000
53.710003,65.839546,-1293.728516,-0.000405,0.002668,0.067774,292.868927,14.919454,0.677738,-1293.728516,294.500488,0.000000
53.720001,65.857796,-1293.861938,-0.000388,0.002668,0.067774,292.950104,14.923590,0.677738,-1293.861938,294.500488,0.000000
53.730003,65.869331,-1293.772949,-0.000401,0.002668,0.067774,293.001434,14.926204,0.677738,-1293.772949,294.500488,0.000000
53.740002,65.820183,-1293.817383,-0.000401,0.002668,0.067774,292.782806,14.915067,0.677738,-1293.817383,294.500488,0.000000
53.750004,65.870461,-1293.817383,-0.000405,0.002668,0.067774,293.006439,14.926459,0.677738,-1293.817383,294.500488,0.000000
53.760002,65.858162,-1293.772949,-0.000392,0.002668,0.067774,292.951721,14.923673,0.677738,-1293.772949,294.500488,0.000000
53.770004,65.868965,-1293.817383,-0.000397,0.002668,0.067774,292.999786,14.926121,0.677738,-1293.817383,294.500488,0.000000
53.780003,65.844017,-1293.817383,-0.000401,0.002668,0.067774,292.888824,14.920467,0.677738,-1293.817383,294.500488,0.000000
53.790001,65.868965,-1293.772949,-0.000401,0.002668,0.067774,292.999786,14.926121,0.677738,-1293.772949,294.500488,0.000000
53.800003,65.848106,-1293.861938,-0.000397,0.002668,0.067774,292.907013,14.921394,0.677738,-1293.861938,294.500488,0.000000
53.810001,65.805656,-1293.728516,-0.000401,0.002668,0.067774,292.718170,14.911775,0.677738,-1293.728516,294.500488,0.000000
53.820004,65.811989,-1293.861938,-0.000410,0.002668,0.067774,292.746338,14.913210,0.677738,-1293.861938,294.500488,0.000000
53.830002,65.831352,-1293.772949,-0.000397,0.002668,0.067774,292.832489,14.917598,0.677738,-1293.772949,294.500488,0.000000
53.840004,65.853325,-1293.861938,-0.000401,0.002668,0.067774,292.930206,14.922577,0.677738,-1293.861938,294.500488,0.000000
53.850002,65.843651,-1293.861938,-0.000388,0.002668,0.067774,292.887177,14.920384,0.677738,-1293.861938,294.500488,0.000000
53.860004,65.837685,-1293.906372,-0.000397,0.002668,0.067774,292.860657,14.919033,0.677738,-1293.906372,294.500488,0.000000
53.870003,65.833595,-1293.817383,-0.000388,0.002668,0.067774,292.842468,14.918106,0.677738,-1293.817383,294.500488,0.000000
53.880001,65.838051,-1293.861938,-0.000401,0.002668,0.067774,292.862274,14.919115,0.677738,-1293.861938,294.500488,0.000000
53.890003,65.837318,-1293.861938,-0.000405,0.002668,0.067774,292.859009,14.918950,0.677738,-1293.861938,294.500488,0.000000
53.900002,65.825020,-1293.772949,-0.000401,0.002668,0.067774,292.804321,14.916163,0.677738,-1293.772949,294.500488,0.000000
53.910004,65.808647,-1293.817383,-0.000405,0.002668,0.067774,292.731476,14.912453,0.677738,-1293.817383,294.500488,0.000000
53.920002,65.784431,-1293.861938,-0.000418,0.002668,0.067774,292.623779,14.906965,0.677738,-1293.861938,294.500488,0.000000
53.930004,65.784431,-1293.817383,-0.000392,0.002668,0.067774,292.623779,14.906965,0.677738,-1293.817383,294.500488,0.000000
53.940002,65.774757,-1293.906372,-0.000405,0.002668,0.067774,292.580719,14.904774,0.677738,-1293.906372,294.500488,0.000000
53.950001,65.772148,-1293.861938,-0.000401,0.002668,0.067774,292.569122,14.904181,0.677738,-1293.861938,294.500488,0.000000
53.960003,65.778099,-1293.772949,-0.000388,0.002668,0.067774,292.595612,14.905531,0.677738,-1293.772949,294.500488,0.000000
53.970001,65.771400,-1293.906372,-0.000401,0.002668,0.067774,292.565796,14.904013,0.677738,-1293.906372,294.500488,0.000000
53.980003,65.779961,-1293.772949,-0.000392,0.002668,0.067774,292.603882,14.905951,0.677738,-1293.772949,294.500488,0.000000
53.990002,65.762459,-1293.817383,-0.000392,0.002668,0.067774,292.526031,14.901986,0.677738,-1293.817383,294.500488,0.000000
54.000004,65.761726,-1293.906372,-0.000397,0.002668,0.067774,292.522766,14.901820,0.677738,-1293.906372,294.500488,0.000000
54.010002,65.761726,-1293.817383,-0.000388,0.002668,0.067774,292.522766,14.901820,0.677738,-1293.817383,294.500488,0.000000
54.020004,65.760231,-1293.861938,-0.000397,0.002668,0.067774,292.516113,14.901482,0.677738,-1293.861938,294.500488,0.000000
54.030003,65.753532,-1293.728516,-0.000397,0.002668,0.067774,292.486328,14.899963,0.677738,-1293.728516,294.500488,0.000000
54.040001,65.747566,-1293.817383,-0.000397,0.002668,0.067774,292.459778,14.898612,0.677738,-1293.817383,294.500488,0.000000
54.050003,65.744972,-1293.817383,-0.000388,0.002668,0.067774,292.448242,14.898024,0.677738,-1293.817383,294.500488,0.000000
54.060001,65.735283,-1293.817383,-0.000392,0.002668,0.067774,292.405151,14.895828,0.677738,-1293.817383,294.500488,0.000000
54.070004,65.729698,-1293.906372,-0.000392,0.002668,0.067774,292.380310,14.894563,0.677738,-1293.906372,294.500488,0.000000
54.080002,65.725609,-1293.772949,-0.000392,0.002668,0.067774,292.362122,14.893636,0.677738,-1293.772949,294.500488,0.000000
54.090004,65.701393,-1293.817383,-0.000388,0.002668,0.067774,292.254395,14.888148,0.677738,-1293.817383,294.500488,0.000000
54.100002,65.680168,-1293.772949,-0.000405,0.002668,0.067774,292.159973,14.883339,0.677738,-1293.772949,294.500488,0.000000
54.110004,65.680168,-1293.861938,-0.000379,0.002668,0.067774,292.159973,14.883339,0.677738,-1293.861938,294.500488,0.000000
54.120003,65.677193,-1293.861938,-0.000388,0.002668,0.067774,292.146759,14.882665,0.677738,-1293.861938,294.500488,0.000000
54.130001,65.671974,-1293.772949,-0.000397,0.002668,0.067774,292.123535,14.881482,0.677738,-1293.772949,294.500488,0.000000
54.140003,65.661186,-1293.817383,-0.000414,0.002668,0.067774,292.075531,14.879038,0.677738,-1293.817383,294.500488,0.000000
54.150002,65.659691,-1293.861938,-0.000392,0.002668,0.067774,292.068878,14.878698,0.677738,-1293.861938,294.500488,0.000000
54.160004,65.666023,-1293.772949,-0.000388,0.002668,0.067774,292.097046,14.880134,0.677738,-1293.772949,294.500488,0.000000
54.170002,65.656334,-1293.861938,-0.000405,0.002668,0.067774,292.053955,14.877937,0.677738,-1293.861938,294.500488,0.000000
54.180004,65.646294,-1293.817383,-0.000379,0.002668,0.067774,292.009308,14.875662,0.677738,-1293.817383,294.500488,0.000000
54.190002,65.633629,-1293.861938,-0.000388,0.002668,0.067774,291.952972,14.872792,0.677738,-1293.861938,294.500488,0.000000
54.200001,65.620216,-1293.817383,-0.000401,0.002668,0.067774,291.893311,14.869754,0.677738,-1293.817383,294.500488,0.000000
54.210003,65.621330,-1293.728516,-0.000392,0.002668,0.067774,291.898254,14.870006,0.677738,-1293.728516,294.500488,0.000000
54.220001,65.605690,-1293.817383,-0.000397,0.002668,0.067774,291.828674,14.866462,0.677738,-1293.817383,294.500488,0.000000
54.230003,65.606071,-1293.817383,-0.000392,0.002668,0.067774,291.830383,14.866549,0.677738,-1293.817383,294.500488,0.000000
54.240002,65.607567,-1293.861938,-0.000375,0.002668,0.067774,291.837036,14.866887,0.677738,-1293.861938,294.500488,0.000000
54.250004,65.614265,-1293.817383,-0.000392,0.002668,0.067774,291.866821,14.868405,0.677738,-1293.817383,294.500488,0.000000
54.260002,65.607185,-1293.817383,-0.000384,0.002668,0.067774,291.835327,14.866801,0.677738,-1293.817383,294.500488,0.000000
54.270004,65.578880,-1293.817383,-0.000397,0.002668,0.067774,291.709442,14.860386,0.677738,-1293.817383,294.500488,0.000000
54.280003,65.593788,-1293.772949,-0.000397,0.002668,0.067774,291.775757,14.863765,0.677738,-1293.772949,294.500488,0.000000
54.290001,65.595650,-1293.861938,-0.000397,0.002668,0.067774,291.784027,14.864186,0.677738,-1293.861938,294.500488,0.000000
54.300003,65.596382,-1293.817383,-0.000397,0.002668,0.067774,291.787292,14.864352,0.677738,-1293.817383,294.500488,0.000000
54.310001,65.587822,-1293.817383,-0.000392,0.002668,0.067774,291.749207,14.862412,0.677738,-1293.817383,294.500488,0.000000
54.320004,65.561760,-1293.817383,-0.000401,0.002668,0.067774,291.633270,14.856507,0.677738,-1293.817383,294.500488,0.000000
54.330002,65.571815,-1293.817383,-0.000401,0.002668,0.067774,291.678009,14.858786,0.677738,-1293.817383,294.500488,0.000000
54.340004,65.569954,-1293.861938,-0.000388,0.002668,0.067774,291.669708,14.858364,0.677738,-1293.861938,294.500488,0.000000
54.350002,65.568840,-1293.861938,-0.000401,0.002668,0.067774,291.664764,14.858112,0.677738,-1293.861938,294.500488,0.000000
54.360004,65.558784,-1293.861938,-0.000375,0.002668,0.067774,291.620026,14.855833,0.677738,-1293.861938,294.500488,0.000000
54.370003,65.556175,-1293.861938,-0.000405,0.002668,0.067774,291.608429,14.855242,0.677738,-1293.861938,294.500488,0.000000
54.380001,65.556923,-1293.772949,-0.000388,0.002668,0.067774,291.611755,14.855412,0.677738,-1293.772949,294.500488,0.000000
54.390003,65.552071,-1293.817383,-0.000392,0.002668,0.067774,291.590179,14.854312,0.677738,-1293.817383,294.500488,0.000000
54.400002,65.545372,-1293.861938,-0.000405,0.002668,0.067774,291.560364,14.852794,0.677738,-1293.861938,294.500488,0.000000
54.410004,65.525261,-1293.817383,-0.000388,0.002668,0.067774,291.470917,14.848237,0.677738,-1293.817383,294.500488,0.000000
54.420002,65.523781,-1293.817383,-0.000405,0.002668,0.067774,291.464325,14.847900,0.677738,-1293.817383,294.500488,0.000000
54.430004,65.535698,-1293.728516,-0.000397,0.002668,0.067774,291.517334,14.850601,0.677738,-1293.728516,294.500488,0.000000
54.440002,65.528984,-1293.861938,-0.000405,0.002668,0.067774,291.487488,14.849080,0.677738,-1293.861938,294.500488,0.000000
54.450001,65.514473,-1293.861938,-0.000401,0.002668,0.067774,291.422943,14.845792,0.677738,-1293.861938,294.500488,0.000000
54.460003,65.510750,-1293.772949,-0.000392,0.002668,0.067774,291.406372,14.844948,0.677738,-1293.772949,294.500488,0.000000
54.470001,65.504036,-1293.861938,-0.000397,0.002668,0.067774,291.376495,14.843427,0.677738,-1293.861938,294.500488,0.000000
54.480003,65.508888,-1293.772949,-0.000392,0.002668,0.067774,291.398102,14.844526,0.677738,-1293.772949,294.500488,0.000000
54.490002,65.507759,-1293.861938,-0.000397,0.002668,0.067774,291.393066,14.844271,0.677738,-1293.861938,294.500488,0.000000
54.500004,65.500313,-1293.817383,-0.000392,0.002668,0.067774,291.359955,14.842584,0.677738,-1293.817383,294.500488,0.000000
54.510002,65.479088,-1293.772949,-0.000392,0.002668,0.067774,291.265533,14.837773,0.677738,-1293.772949,294.500488,0.000000
54.520004,65.483925,-1293.861938,-0.000401,0.002668,0.067774,291.287048,14.838870,0.677738,-1293.861938,294.500488,0.000000
54.530003,65.485054,-1293.906372,-0.000401,0.002668,0.067774,291.292053,14.839126,0.677738,-1293.906372,294.500488,0.000000
54.540001,65.474251,-1293.772949,-0.000392,0.002668,0.067774,291.244019,14.836677,0.677738,-1293.772949,294.500488,0.000000
54.550003,65.466423,-1293.817383,-0.000392,0.002668,0.067774,291.209198,14.834903,0.677738,-1293.817383,294.500488,0.000000
54.560001,65.462700,-1293.817383,-0.000366,0.002668,0.067774,291.192627,14.834060,0.677738,-1293.817383,294.500488,0.000000
54.570004,65.460838,-1293.861938,-0.000388,0.002668,0.067774,291.184357,14.833637,0.677738,-1293.861938,294.500488,0.000000
54.580002,65.456383,-1293.772949,-0.000384,0.002668,0.067774,291.164520,14.832628,0.677738,-1293.772949,294.500488,0.000000
54.590004,65.453773,-1293.861938,-0.000388,0.002668,0.067774,291.152924,14.832037,0.677738,-1293.861938,294.500488,0.000000
54.600002,65.436638,-1293.817383,-0.000397,0.002668,0.067774,291.076691,14.828155,0.677738,-1293.817383,294.500488,0.000000
54.610004,65.432915,-1293.817383,-0.000384,0.002668,0.067774,291.060150,14.827311,0.677738,-1293.817383,294.500488,0.000000
54.620003,65.415794,-1293.861938,-0.000397,0.002668,0.067774,290.983978,14.823431,0.677738,-1293.861938,294.500488,0.000000
54.630001,65.404991,-1293.861938,-0.000388,0.002668,0.067774,290.935944,14.820983,0.677738,-1293.861938,294.500488,0.000000
54.640003,65.393440,-1293.817383,-0.000384,0.002668,0.067774,290.884552,14.818365,0.677738,-1293.817383,294.500488,0.000000
54.650002,65.388237,-1293.817383,-0.000410,0.002668,0.067774,290.861420,14.817186,0.677738,-1293.817383,294.500488,0.000000
54.660004,65.394936,-1293.817383,-0.000392,0.002668,0.067774,290.891205,14.818705,0.677738,-1293.817383,294.500488,0.000000
54.670002,65.376686,-1293.861938,-0.000379,0.002668,0.067774,290.810028,14.814569,0.677738,-1293.861938,294.500488,0.000000
54.680004,65.368492,-1293.772949,-0.000388,0.002668,0.067774,290.773590,14.812712,0.677738,-1293.772949,294.500488,0.000000
54.690002,65.363655,-1293.906372,-0.000384,0.002668,0.067774,290.752045,14.811616,0.677738,-1293.906372,294.500488,0.000000
54.700001,65.360298,-1293.817383,-0.000388,0.002668,0.067774,290.737122,14.810856,0.677738,-1293.817383,294.500488,0.000000
54.710003,65.359184,-1293.817383,-0.000384,0.002668,0.067774,290.732178,14.810603,0.677738,-1293.817383,294.500488,0.000000
54.720001,65.350243,-1293.817383,-0.000414,0.002668,0.067774,290.692383,14.808577,0.677738,-1293.817383,294.500488,0.000000
54.730003,65.348015,-1293.772949,-0.000392,0.002668,0.067774,290.682495,14.808072,0.677738,-1293.772949,294.500488,0.000000
54.740002,65.335350,-1293.906372,-0.000379,0.002668,0.067774,290.626160,14.805202,0.677738,-1293.906372,294.500488,0.000000
54.750004,65.337212,-1293.817383,-0.000401,0.002668,0.067774,290.634430,14.805623,0.677738,-1293.817383,294.500488,0.000000
54.760002,65.337593,-1293.861938,-0.000397,0.002668,0.067774,290.636139,14.805711,0.677738,-1293.861938,294.500488,0.000000
54.770004,65.332756,-1293.906372,-0.000388,0.002668,0.067774,290.614624,14.804614,0.677738,-1293.906372,294.500488,0.000000
54.780003,65.328285,-1293.728516,-0.000397,0.002668,0.067774,290.594727,14.803600,0.677738,-1293.728516,294.500488,0.000000
54.790001,65.321205,-1293.861938,-0.000397,0.002668,0.067774,290.563232,14.801996,0.677738,-1293.861938,294.500488,0.000000
54.800003,65.314873,-1293.772949,-0.000401,0.002668,0.067774,290.535065,14.800561,0.677738,-1293.772949,294.500488,0.000000
54.810001,65.310402,-1293.817383,-0.000392,0.002668,0.067774,290.515167,14.799548,0.677738,-1293.817383,294.500488,0.000000
54.820004,65.288063,-1293.861938,-0.000384,0.002668,0.067774,290.415802,14.794487,0.677738,-1293.861938,294.500488,0.000000
54.830002,65.289925,-1293.728516,-0.000397,0.002668,0.067774,290.424103,14.794909,0.677738,-1293.728516,294.500488,0.000000
54.840004,65.303703,-1293.861938,-0.000401,0.002668,0.067774,290.485382,14.798031,0.677738,-1293.861938,294.500488,0.000000
54.850002,65.281731,-1293.906372,-0.000397,0.002669,0.067783,290.387634,14.793052,0.677829,-1293.906372,294.500488,0.000000
54.860004,65.277641,-1293.772949,-0.000397,0.002669,0.067783,290.369446,14.792125,0.677829,-1293.772949,294.500488,0.000000
54.870003,65.272423,-1293.817383,-0.000397,0.002669,0.067783,290.346252,14.790943,0.677829,-1293.817383,294.500488,0.000000
54.880001,65.270927,-1293.728516,-0.000392,0.002669,0.067783,290.339600,14.790604,0.677829,-1293.728516,294.500488,0.000000
54.890003,65.260887,-1293.861938,-0.000410,0.002669,0.067783,290.294922,14.788328,0.677829,-1293.861938,294.500488,0.000000
54.900002,65.256783,-1293.861938,-0.000401,0.002669,0.067783,290.276672,14.787398,0.677829,-1293.861938,294.500488,0.000000
54.910004,65.254555,-1293.817383,-0.000388,0.002669,0.067783,290.266754,14.786894,0.677829,-1293.817383,294.500488,0.000000
54.920002,65.252693,-1293.817383,-0.000401,0.002669,0.067783,290.258484,14.786471,0.677829,-1293.817383,294.500488,0.000000
54.930004,65.247108,-1293.728516,-0.000401,0.002669,0.067783,290.233643,14.785206,0.677829,-1293.728516,294.500488,0.000000
54.940002,65.245247,-1293.906372,-0.000379,0.002669,0.067783,290.225342,14.784784,0.677829,-1293.906372,294.500488,0.000000
54.950001,65.235191,-1293.817383,-0.000397,0.002669,0.067783,290.180634,14.782506,0.677829,-1293.817383,294.500488,0.000000
54.960003,65.227745,-1293.861938,-0.000388,0.002669,0.067783,290.147491,14.780818,0.677829,-1293.861938,294.500488,0.000000
54.970001,65.224022,-1293.861938,-0.000392,0.002669,0.067783,290.130951,14.779975,0.677829,-1293.861938,294.500488,0.000000
54.980003,65.218803,-1293.772949,-0.000401,0.002669,0.067783,290.107727,14.778792,0.677829,-1293.772949,294.500488,0.000000
54.990002,65.213966,-1293.861938,-0.000388,0.002669,0.067783,290.086212,14.777697,0.677829,-1293.861938,294.500488,0.000000
55.000004,65.204659,-1293.772949,-0.000388,0.002669,0.067783,290.044800,14.775586,0.677829,-1293.772949,294.500488,0.000000
55.010002,65.199440,-1293.772949,-0.000384,0.002669,0.067783,290.021606,14.774405,0.677829,-1293.772949,294.500488,0.000000
55.020004,65.195717,-1293.817383,-0.000392,0.002669,0.067783,290.005035,14.773561,0.677829,-1293.817383,294.500488,0.000000
55.030003,65.199440,-1293.817383,-0.000397,0.002669,0.067783,290.021606,14.774405,0.677829,-1293.817383,294.500488,0.000000
55.040001,65.184547,-1293.906372,-0.000379,0.002669,0.067783,289.955353,14.771029,0.677829,-1293.906372,294.500488,0.000000
55.050003,65.180077,-1293.772949,-0.000397,0.002669,0.067783,289.935455,14.770016,0.677829,-1293.772949,294.500488,0.000000
55.060001,65.175240,-1293.817383,-0.000384,0.002669,0.067783,289.913940,14.768920,0.677829,-1293.817383,294.500488,0.000000
55.070004,65.168907,-1293.861938,-0.000388,0.002669,0.067783,289.885773,14.767486,0.677829,-1293.861938,294.500488,0.000000
55.080002,65.168907,-1293.772949,-0.000401,0.002669,0.067783,289.885773,14.767486,0.677829,-1293.772949,294.500488,0.000000
55.090004,65.145439,-1293.861938,-0.000401,0.002669,0.067783,289.781372,14.762168,0.677829,-1293.861938,294.500488,0.000000
55.100002,65.132408,-1293.817383,-0.000414,0.002669,0.067790,289.723419,14.759214,0.677905,-1293.817383,294.500488,0.000000
55.110004,65.113045,-1293.861938,-0.000384,0.002671,0.067834,289.637299,14.754827,0.678344,-1293.861938,294.500488,0.000000
55.120003,65.114906,-1293.906372,-0.000392,0.002672,0.067878,289.645569,14.755248,0.678783,-1293.906372,294.500488,0.000000
55.130001,65.160713,-1293.772949,-0.000388,0.002674,0.067913,289.849335,14.765629,0.679131,-1293.772949,294.500488,0.000000
55.140003,65.240395,-1293.906372,-0.000388,0.002674,0.067930,290.203766,14.783685,0.679298,-1293.906372,294.500488,0.000000
55.150002,65.332375,-1293.772949,-0.000388,0.002674,0.067930,290.612915,14.804527,0.679298,-1293.772949,294.500488,0.000000
55.160004,65.369987,-1293.817383,-0.000375,0.002674,0.067930,290.780212,14.813051,0.679298,-1293.817383,294.500488,0.000000
55.170002,65.397911,-1293.772949,-0.000384,0.002674,0.067930,290.904449,14.819378,0.679298,-1293.772949,294.500488,0.000000
55.180004,65.415047,-1293.772949,-0.000392,0.002674,0.067930,290.980652,14.823262,0.679298,-1293.772949,294.500488,0.000000
55.190002,65.422493,-1293.861938,-0.000397,0.002674,0.067930,291.013794,14.824948,0.679298,-1293.861938,294.500488,0.000000
55.200001,65.429939,-1293.817383,-0.000401,0.002674,0.067930,291.046906,14.826636,0.679298,-1293.817383,294.500488,0.000000
55.210003,65.451530,-1293.817383,-0.000384,0.002674,0.067930,291.142944,14.831529,0.679298,-1293.817383,294.500488,0.000000
55.220001,65.448189,-1293.861938,-0.000388,0.002674,0.067930,291.128082,14.830771,0.679298,-1293.861938,294.500488,0.000000
55.230003,65.451912,-1293.817383,-0.000392,0.002674,0.067930,291.144653,14.831614,0.679298,-1293.817383,294.500488,0.000000
55.240002,65.454140,-1293.861938,-0.000405,0.002674,0.067930,291.154541,14.832120,0.679298,-1293.861938,294.500488,0.000000
55.250004,65.466423,-1293.772949,-0.000388,0.002674,0.067930,291.209198,14.834903,0.679298,-1293.772949,294.500488,0.000000
55.260002,65.463448,-1293.817383,-0.000384,0.002674,0.067930,291.195953,14.834229,0.679298,-1293.817383,294.500488,0.000000
55.270004,65.465691,-1293.861938,-0.000397,0.002674,0.067930,291.205933,14.834738,0.679298,-1293.861938,294.500488,0.000000
55.280003,65.460838,-1293.861938,-0.000379,0.002674,0.067930,291.184357,14.833637,0.679298,-1293.861938,294.500488,0.000000
55.290001,65.463081,-1293.817383,-0.000388,0.002674,0.067930,291.194336,14.834146,0.679298,-1293.817383,294.500488,0.000000
55.300003,65.466057,-1293.817383,-0.000392,0.002674,0.067930,291.207550,14.834821,0.679298,-1293.817383,294.500488,0.000000
55.310001,65.458977,-1293.772949,-0.000401,0.002674,0.067930,291.176056,14.833217,0.679298,-1293.772949,294.500488,0.000000
55.320004,65.452278,-1293.728516,-0.000388,0.002674,0.067930,291.146271,14.831698,0.679298,-1293.728516,294.500488,0.000000
55.330002,65.449303,-1293.817383,-0.000392,0.002674,0.067930,291.133026,14.831024,0.679298,-1293.817383,294.500488,0.000000
55.340004,65.448921,-1293.772949,-0.000392,0.002674,0.067930,291.131348,14.830937,0.679298,-1293.772949,294.500488,0.000000
55.350002,65.456383,-1293.772949,-0.000397,0.002674,0.067930,291.164520,14.832628,0.679298,-1293.772949,294.500488,0.000000
55.360004,65.444466,-1293.861938,-0.000388,0.002674,0.067930,291.111511,14.829928,0.679298,-1293.861938,294.500488,0.000000
55.370003,65.434410,-1293.861938,-0.000379,0.002674,0.067930,291.066803,14.827649,0.679298,-1293.861938,294.500488,0.000000
55.380001,65.444832,-1293.817383,-0.000397,0.002674,0.067930,291.113159,14.830010,0.679298,-1293.817383,294.500488,0.000000
55.390003,65.441475,-1293.861938,-0.000379,0.002674,0.067930,291.098206,14.829250,0.679298,-1293.861938,294.500488,0.000000
55.400002,65.433662,-1293.861938,-0.000379,0.002674,0.067930,291.063477,14.827479,0.679298,-1293.861938,294.500488,0.000000
55.410004,65.433662,-1293.817383,-0.000392,0.002674,0.067930,291.063477,14.827479,0.679298,-1293.817383,294.500488,0.000000
55.420002,65.433296,-1293.861938,-0.000388,0.002674,0.067930,291.061829,14.827397,0.679298,-1293.861938,294.500488,0.000000
55.430004,65.425468,-1293.772949,-0.000379,0.002674,0.067930,291.027008,14.825624,0.679298,-1293.772949,294.500488,0.000000
55.440002,65.411690,-1293.817383,-0.000375,0.002674,0.067930,290.965729,14.822501,0.679298,-1293.817383,294.500488,0.000000
55.450001,65.409462,-1293.817383,-0.000388,0.002674,0.067930,290.955811,14.821997,0.679298,-1293.817383,294.500488,0.000000
55.460003,65.404610,-1293.817383,-0.000392,0.002674,0.067930,290.934235,14.820896,0.679298,-1293.817383,294.500488,0.000000
55.470001,65.404610,-1293.861938,-0.000392,0.002674,0.067930,290.934235,14.820896,0.679298,-1293.861938,294.500488,0.000000
55.480003,65.411324,-1293.772949,-0.000375,0.002674,0.067930,290.964111,14.822417,0.679298,-1293.772949,294.500488,0.000000
55.490002,65.402382,-1293.861938,-0.000388,0.002674,0.067930,290.924316,14.820392,0.679298,-1293.861938,294.500488,0.000000
55.500004,65.391579,-1293.772949,-0.000397,0.002674,0.067930,290.876282,14.817944,0.679298,-1293.772949,294.500488,0.000000
55.510002,65.376686,-1293.861938,-0.000392,0.002674,0.067930,290.810028,14.814569,0.679298,-1293.861938,294.500488,0.000000
55.520004,65.381157,-1293.817383,-0.000401,0.002674,0.067930,290.829926,14.815581,0.679298,-1293.817383,294.500488,0.000000
55.530003,65.364021,-1293.772949,-0.000392,0.002674,0.067930,290.753693,14.811699,0.679298,-1293.772949,294.500488,0.000000
55.540001,65.368126,-1293.906372,-0.000397,0.002674,0.067930,290.771942,14.812629,0.679298,-1293.906372,294.500488,0.000000
55.550003,65.356209,-1293.817383,-0.000388,0.002674,0.067930,290.718933,14.809928,0.679298,-1293.817383,294.500488,0.000000
55.560001,65.355461,-1293.772949,-0.000375,0.002674,0.067930,290.715607,14.809759,0.679298,-1293.772949,294.500488,0.000000
55.570004,65.355461,-1293.861938,-0.000388,0.002674,0.067930,290.715607,14.809759,0.679298,-1293.861938,294.500488,0.000000
55.580002,65.360298,-1293.817383,-0.000392,0.002674,0.067930,290.737122,14.810856,0.679298,-1293.817383,294.500488,0.000000
55.590004,65.336098,-1293.861938,-0.000379,0.002674,0.067930,290.629486,14.805371,0.679298,-1293.861938,294.500488,0.000000
55.600002,65.338707,-1293.817383,-0.000405,0.002674,0.067930,290.641083,14.805963,0.679298,-1293.817383,294.500488,0.000000
55.610004,65.338341,-1293.817383,-0.000384,0.002674,0.067930,290.639465,14.805880,0.679298,-1293.817383,294.500488,0.000000
55.620003,65.330879,-1293.906372,-0.000392,0.002674,0.067930,290.606262,14.804189,0.679298,-1293.906372,294.500488,0.000000
55.630001,65.321205,-1293.817383,-0.000401,0.002674,0.067930,290.563232,14.801996,0.679298,-1293.817383,294.500488,0.000000
55.640003,65.318230,-1293.861938,-0.000384,0.002674,0.067930,290.549988,14.801322,0.679298,-1293.861938,294.500488,0.000000
55.650002,65.327538,-1293.817383,-0.000405,0.002674,0.067930,290.591400,14.803432,0.679298,-1293.817383,294.500488,0.000000
55.660004,65.326042,-1293.861938,-0.000392,0.002674,0.067930,290.584747,14.803092,0.679298,-1293.861938,294.500488,0.000000
55.670002,65.307426,-1293.906372,-0.000397,0.002674,0.067930,290.501953,14.798875,0.679298,-1293.906372,294.500488,0.000000
55.680004,65.306313,-1293.817383,-0.000401,0.002674,0.067930,290.496979,14.798622,0.679298,-1293.817383,294.500488,0.000000
55.690002,65.309654,-1293.861938,-0.000384,0.002674,0.067930,290.511841,14.799379,0.679298,-1293.861938,294.500488,0.000000
55.700001,65.302589,-1293.772949,-0.000401,0.002674,0.067930,290.480438,14.797779,0.679298,-1293.772949,294.500488,0.000000
55.710003,65.305931,-1293.817383,-0.000397,0.002674,0.067930,290.495300,14.798535,0.679298,-1293.817383,294.500488,0.000000
55.720001,65.293648,-1293.906372,-0.000401,0.002674,0.067930,290.440643,14.795753,0.679298,-1293.906372,294.500488,0.000000
55.730003,65.282478,-1293.772949,-0.000384,0.002674,0.067930,290.390961,14.793221,0.679298,-1293.772949,294.500488,0.000000
55.740002,65.297752,-1293.861938,-0.000401,0.002674,0.067930,290.458923,14.796682,0.679298,-1293.861938,294.500488,0.000000
55.750004,65.292900,-1293.861938,-0.000392,0.002674,0.067930,290.437317,14.795583,0.679298,-1293.861938,294.500488,0.000000
55.760002,65.275780,-1293.817383,-0.000392,0.002674,0.067930,290.361176,14.791703,0.679298,-1293.817383,294.500488,0.000000
55.770004,65.274284,-1293.861938,-0.000392,0.002674,0.067930,290.354523,14.791364,0.679298,-1293.861938,294.500488,0.000000
55.780003,65.271675,-1293.817383,-0.000384,0.002674,0.067930,290.342926,14.790773,0.679298,-1293.817383,294.500488,0.000000
55.790001,65.271309,-1293.861938,-0.000384,0.002674,0.067930,290.341278,14.790690,0.679298,-1293.861938,294.500488,0.000000
55.800003,65.276146,-1293.817383,-0.000401,0.002674,0.067930,290.362793,14.791786,0.679298,-1293.817383,294.500488,0.000000
55.810001,65.268700,-1293.861938,-0.000392,0.002674,0.067930,290.329681,14.790098,0.679298,-1293.861938,294.500488,0.000000
55.820004,65.265343,-1293.817383,-0.000379,0.002674,0.067930,290.314758,14.789338,0.679298,-1293.817383,294.500488,0.000000
55.830002,65.264229,-1293.772949,-0.000384,0.002674,0.067930,290.309784,14.789085,0.679298,-1293.772949,294.500488,0.000000
55.840004,65.256783,-1293.817383,-0.000384,0.002674,0.067930,290.276672,14.787398,0.679298,-1293.817383,294.500488,0.000000
55.850002,65.250832,-1293.728516,-0.000397,0.002674,0.067930,290.250183,14.786049,0.679298,-1293.728516,294.500488,0.000000
55.860004,65.232582,-1293.817383,-0.000379,0.002674,0.067930,290.169006,14.781914,0.679298,-1293.817383,294.500488,0.000000
55.870003,65.240028,-1293.906372,-0.000384,0.002674,0.067930,290.202148,14.783602,0.679298,-1293.906372,294.500488,0.000000
55.880001,65.245247,-1293.772949,-0.000379,0.002674,0.067930,290.225342,14.784784,0.679298,-1293.772949,294.500488,0.000000
55.890003,65.238914,-1293.861938,-0.000379,0.002674,0.067930,290.197174,14.783349,0.679298,-1293.861938,294.500488,0.000000
55.900002,65.240028,-1293.772949,-0.000388,0.002674,0.067930,290.202148,14.783602,0.679298,-1293.772949,294.500488,0.000000
55.910004,65.221779,-1293.906372,-0.000379,0.002674,0.067930,290.120972,14.779467,0.679298,-1293.906372,294.500488,0.000000
55.920002,65.218437,-1293.817383,-0.000384,0.002674,0.067930,290.106110,14.778709,0.679298,-1293.817383,294.500488,0.000000
55.930004,65.211723,-1293.728516,-0.000384,0.002674,0.067930,290.076233,14.777188,0.679298,-1293.728516,294.500488,0.000000
55.940002,65.212837,-1293.906372,-0.000375,0.002674,0.067930,290.081177,14.777440,0.679298,-1293.906372,294.500488,0.000000
55.950001,65.210609,-1293.861938,-0.000401,0.002674,0.067930,290.071289,14.776936,0.679298,-1293.861938,294.500488,0.000000
55.960003,65.199440,-1293.817383,-0.000384,0.002674,0.067930,290.021606,14.774405,0.679298,-1293.817383,294.500488,0.000000
55.970001,65.190132,-1293.817383,-0.000384,0.002674,0.067930,289.980194,14.772295,0.679298,-1293.817383,294.500488,0.000000
55.980003,65.189384,-1293.772949,-0.000392,0.002674,0.067930,289.976868,14.772126,0.679298,-1293.772949,294.500488,0.000000
55.990002,65.185661,-1293.906372,-0.000392,0.002674,0.067930,289.960297,14.771281,0.679298,-1293.906372,294.500488,0.000000
56.000004,65.188637,-1293.817383,-0.000392,0.002674,0.067930,289.973541,14.771956,0.679298,-1293.817383,294.500488,0.000000
56.010002,65.168526,-1293.861938,-0.000384,0.002674,0.067930,289.884094,14.767399,0.679298,-1293.861938,294.500488,0.000000
56.020004,65.173378,-1293.817383,-0.000384,0.002674,0.067930,289.905670,14.768499,0.679298,-1293.817383,294.500488,0.000000
56.030003,65.168159,-1293.861938,-0.000392,0.002674,0.067930,289.882446,14.767316,0.679298,-1293.861938,294.500488,0.000000
56.040001,65.156624,-1293.861938,-0.000375,0.002674,0.067930,289.831146,14.764703,0.679298,-1293.861938,294.500488,0.000000
56.050003,65.151772,-1293.817383,-0.000397,0.002674,0.067930,289.809540,14.763602,0.679298,-1293.817383,294.500488,0.000000
56.060001,65.152153,-1293.906372,-0.000388,0.002674,0.067930,289.811249,14.763689,0.679298,-1293.906372,294.500488,0.000000
56.070004,65.143578,-1293.817383,-0.000384,0.002674,0.067930,289.773102,14.761745,0.679298,-1293.817383,294.500488,0.000000
56.080002,65.145073,-1293.772949,-0.000388,0.002674,0.067930,289.779755,14.762084,0.679298,-1293.772949,294.500488,0.000000
56.090004,65.138741,-1293.817383,-0.000388,0.002674,0.067930,289.751587,14.760650,0.679298,-1293.817383,294.500488,0.000000
56.100002,65.130180,-1293.817383,-0.000397,0.002674,0.067930,289.713501,14.758710,0.679298,-1293.817383,294.500488,0.000000
56.110004,65.121986,-1293.861938,-0.000392,0.002674,0.067930,289.677063,14.756853,0.679298,-1293.861938,294.500488,0.000000
56.120003,65.110069,-1293.861938,-0.000392,0.002674,0.067930,289.624054,14.754152,0.679298,-1293.861938,294.500488,0.000000
56.130001,65.112679,-1293.817383,-0.000388,0.002675,0.067939,289.635651,14.754745,0.679389,-1293.817383,294.500488,0.000000
56.140003,65.111931,-1293.861938,-0.000388,0.002675,0.067939,289.632324,14.754575,0.679389,-1293.861938,294.500488,0.000000
56.150002,65.114540,-1293.772949,-0.000388,0.002675,0.067946,289.643951,14.755165,0.679464,-1293.772949,294.500488,0.000000
56.160004,65.117149,-1293.772949,-0.000392,0.002675,0.067946,289.655548,14.755756,0.679464,-1293.772949,294.500488,0.000000
56.170002,65.100014,-1293.906372,-0.000384,0.002675,0.067956,289.579315,14.751874,0.679555,-1293.906372,294.500488,0.000000
56.180004,65.092934,-1293.861938,-0.000371,0.002676,0.067974,289.547821,14.750270,0.679737,-1293.861938,294.500488,0.000000
56.190002,65.099648,-1293.861938,-0.000384,0.002678,0.068016,289.577698,14.751791,0.680161,-1293.861938,294.500488,0.000000
56.200001,65.140236,-1293.861938,-0.000392,0.002679,0.068051,289.758240,14.760988,0.680509,-1293.861938,294.500488,0.000000
56.210003,65.233330,-1293.817383,-0.000371,0.002680,0.068069,290.172333,14.782084,0.680691,-1293.817383,294.500488,0.000000
56.220001,65.315987,-1293.861938,-0.000388,0.002680,0.068077,290.540009,14.800814,0.680766,-1293.861938,294.500488,0.000000
56.230003,65.353233,-1293.817383,-0.000379,0.002680,0.068077,290.705688,14.809255,0.680766,-1293.817383,294.500488,0.000000
56.240002,65.385628,-1293.861938,-0.000384,0.002680,0.068077,290.849792,14.816595,0.680766,-1293.861938,294.500488,0.000000
56.250004,65.404243,-1293.817383,-0.000401,0.002680,0.068077,290.932617,14.820813,0.680766,-1293.817383,294.500488,0.000000
56.260002,65.428078,-1293.817383,-0.000384,0.002680,0.068077,291.038635,14.826214,0.680766,-1293.817383,294.500488,0.000000
56.270004,65.432915,-1293.906372,-0.000388,0.002680,0.068077,291.060150,14.827311,0.680766,-1293.906372,294.500488,0.000000
56.280003,65.447807,-1293.772949,-0.000379,0.002680,0.068077,291.126373,14.830686,0.680766,-1293.772949,294.500488,0.000000
56.290001,65.459358,-1293.906372,-0.000375,0.002680,0.068077,291.177765,14.833302,0.680766,-1293.906372,294.500488,0.000000
56.300003,65.466423,-1293.772949,-0.000392,0.002680,0.068077,291.209198,14.834903,0.680766,-1293.772949,294.500488,0.000000
56.310001,65.470528,-1293.817383,-0.000379,0.002680,0.068077,291.227448,14.835834,0.680766,-1293.817383,294.500488,0.000000
56.320004,65.472023,-1293.817383,-0.000397,0.002680,0.068077,291.234100,14.836172,0.680766,-1293.817383,294.500488,0.000000
56.330002,65.478722,-1293.861938,-0.000384,0.002680,0.068077,291.263885,14.837690,0.680766,-1293.861938,294.500488,0.000000
56.340004,65.480202,-1293.861938,-0.000379,0.002680,0.068077,291.270477,14.838026,0.680766,-1293.861938,294.500488,0.000000
56.350002,65.473137,-1293.772949,-0.000392,0.002680,0.068077,291.239044,14.836425,0.680766,-1293.772949,294.500488,0.000000
56.360004,65.470528,-1293.861938,-0.000379,0.002680,0.068077,291.227448,14.835834,0.680766,-1293.861938,294.500488,0.000000
56.370003,65.466423,-1293.861938,-0.000384,0.002680,0.068077,291.209198,14.834903,0.680766,-1293.861938,294.500488,0.000000
56.380001,65.471642,-1293.861938,-0.000362,0.002680,0.068077,291.232422,14.836086,0.680766,-1293.861938,294.500488,0.000000
56.390003,65.479469,-1293.861938,-0.000384,0.002680,0.068077,291.267212,14.837860,0.680766,-1293.861938,294.500488,0.000000
56.400002,65.478340,-1293.817383,-0.000392,0.002680,0.068077,291.262207,14.837604,0.680766,-1293.817383,294.500488,0.000000
56.410004,65.469780,-1293.817383,-0.000388,0.002680,0.068077,291.224121,14.835664,0.680766,-1293.817383,294.500488,0.000000
56.420002,65.473503,-1293.861938,-0.000397,0.002680,0.068077,291.240692,14.836508,0.680766,-1293.861938,294.500488,0.000000
56.430004,65.471275,-1293.683960,-0.000379,0.002680,0.068077,291.230774,14.836003,0.680766,-1293.683960,294.500488,0.000000
56.440002,65.459724,-1293.861938,-0.000392,0.002680,0.068077,291.179382,14.833385,0.680766,-1293.861938,294.500488,0.000000
56.450005,65.447807,-1293.772949,-0.000384,0.002680,0.068077,291.126373,14.830686,0.680766,-1293.772949,294.500488,0.000000
56.460003,65.446693,-1293.861938,-0.000379,0.002680,0.068077,291.121429,14.830433,0.680766,-1293.861938,294.500488,0.000000
56.470001,65.450417,-1293.861938,-0.000375,0.002680,0.068077,291.138000,14.831276,0.680766,-1293.861938,294.500488,0.000000
56.480003,65.462334,-1293.817383,-0.000388,0.002680,0.068077,291.191010,14.833977,0.680766,-1293.817383,294.500488,0.000000
56.490002,65.453392,-1293.817383,-0.000392,0.002680,0.068077,291.151215,14.831951,0.680766,-1293.817383,294.500488,0.000000
56.500004,65.439613,-1293.772949,-0.000384,0.002680,0.068077,291.089935,14.828828,0.680766,-1293.772949,294.500488,0.000000
56.510002,65.435524,-1293.817383,-0.000392,0.002680,0.068077,291.071747,14.827902,0.680766,-1293.817383,294.500488,0.000000
56.520004,65.437386,-1293.861938,-0.000397,0.002680,0.068077,291.080017,14.828324,0.680766,-1293.861938,294.500488,0.000000
56.530003,65.441475,-1293.906372,-0.000379,0.002680,0.068077,291.098206,14.829250,0.680766,-1293.906372,294.500488,0.000000
56.540001,65.429558,-1293.861938,-0.000379,0.002680,0.068077,291.045197,14.826550,0.680766,-1293.861938,294.500488,0.000000
56.550003,65.431053,-1293.817383,-0.000397,0.002680,0.068077,291.051849,14.826889,0.680766,-1293.817383,294.500488,0.000000
56.560001,65.428825,-1293.861938,-0.000366,0.002680,0.068077,291.041962,14.826384,0.680766,-1293.861938,294.500488,0.000000
56.570004,65.421745,-1293.861938,-0.000397,0.002680,0.068077,291.010468,14.824780,0.680766,-1293.861938,294.500488,0.000000
56.580002,65.408714,-1293.817383,-0.000379,0.002680,0.068077,290.952484,14.821827,0.680766,-1293.817383,294.500488,0.000000
56.590004,65.400887,-1293.861938,-0.000379,0.002680,0.068077,290.917664,14.820053,0.680766,-1293.861938,294.500488,0.000000
56.600002,65.402382,-1293.772949,-0.000401,0.002680,0.068077,290.924316,14.820392,0.680766,-1293.772949,294.500488,0.000000
56.610004,65.404610,-1293.817383,-0.000384,0.002680,0.068077,290.934235,14.820896,0.680766,-1293.817383,294.500488,0.000000
56.620003,65.399025,-1293.817383,-0.000384,0.002680,0.068077,290.909393,14.819631,0.680766,-1293.817383,294.500488,0.000000
56.630001,65.386375,-1293.817383,-0.000397,0.002680,0.068077,290.853119,14.816764,0.680766,-1293.817383,294.500488,0.000000
56.640003,65.369606,-1293.861938,-0.000371,0.002680,0.068077,290.778534,14.812964,0.680766,-1293.861938,294.500488,0.000000
56.650002,65.380409,-1293.817383,-0.000366,0.002680,0.068077,290.826599,14.815413,0.680766,-1293.817383,294.500488,0.000000
56.660004,65.379295,-1293.861938,-0.000366,0.002680,0.068077,290.821625,14.815161,0.680766,-1293.861938,294.500488,0.000000
56.670002,65.382652,-1293.861938,-0.000388,0.002680,0.068077,290.836548,14.815921,0.680766,-1293.861938,294.500488,0.000000
56.680004,65.382271,-1293.817383,-0.000371,0.002680,0.068077,290.834869,14.815834,0.680766,-1293.817383,294.500488,0.000000
56.690002,65.371483,-1293.817383,-0.000379,0.002680,0.068077,290.786865,14.813390,0.680766,-1293.817383,294.500488,0.000000
56.700005,65.371483,-1293.817383,-0.000388,0.002680,0.068077,290.786865,14.813390,0.680766,-1293.817383,294.500488,0.000000
56.710003,65.360680,-1293.817383,-0.000375,0.002680,0.068077,290.738831,14.810942,0.680766,-1293.817383,294.500488,0.000000
56.720001,65.348015,-1293.861938,-0.000388,0.002680,0.068077,290.682495,14.808072,0.680766,-1293.861938,294.500488,0.000000
56.730003,65.352119,-1293.728516,-0.000379,0.002680,0.068077,290.700745,14.809002,0.680766,-1293.728516,294.500488,0.000000
56.740002,65.349129,-1293.861938,-0.000392,0.002680,0.068077,290.687439,14.808324,0.680766,-1293.861938,294.500488,0.000000
56.750004,65.353233,-1293.817383,-0.000375,0.002680,0.068077,290.705688,14.809255,0.680766,-1293.817383,294.500488,0.000000
56.760002,65.335350,-1293.861938,-0.000375,0.002680,0.068077,290.626160,14.805202,0.680766,-1293.861938,294.500488,0.000000
56.770004,65.327904,-1293.861938,-0.000379,0.002680,0.068077,290.593018,14.803514,0.680766,-1293.861938,294.500488,0.000000
56.780003,65.327538,-1293.772949,-0.000371,0.002680,0.068077,290.591400,14.803432,0.680766,-1293.772949,294.500488,0.000000
56.790001,65.332756,-1293.906372,-0.000384,0.002680,0.068077,290.614624,14.804614,0.680766,-1293.906372,294.500488,0.000000
56.800003,65.332756,-1293.772949,-0.000392,0.002680,0.068077,290.614624,14.804614,0.680766,-1293.772949,294.500488,0.000000
56.810001,65.334618,-1293.861938,-0.000375,0.002680,0.068077,290.622894,14.805036,0.680766,-1293.861938,294.500488,0.000000
56.820004,65.319344,-1293.817383,-0.000397,0.002680,0.068077,290.554962,14.801575,0.680766,-1293.817383,294.500488,0.000000
56.830002,65.320457,-1293.861938,-0.000384,0.002680,0.068077,290.559906,14.801826,0.680766,-1293.861938,294.500488,0.000000
56.840004,65.325676,-1293.861938,-0.000375,0.002680,0.068077,290.583130,14.803010,0.680766,-1293.861938,294.500488,0.000000
56.850002,65.298485,-1293.861938,-0.000379,0.002680,0.068077,290.462158,14.796848,0.680766,-1293.861938,294.500488,0.000000
56.860004,65.292534,-1293.772949,-0.000366,0.002680,0.068077,290.435699,14.795500,0.680766,-1293.772949,294.500488,0.000000
56.870003,65.302589,-1293.861938,-0.000379,0.002680,0.068077,290.480438,14.797779,0.680766,-1293.861938,294.500488,0.000000
56.880001,65.302208,-1293.817383,-0.000375,0.002680,0.068077,290.478729,14.797691,0.680766,-1293.817383,294.500488,0.000000
56.890003,65.294762,-1293.861938,-0.000384,0.002680,0.068077,290.445618,14.796005,0.680766,-1293.861938,294.500488,0.000000
56.900002,65.294395,-1293.772949,-0.000388,0.002680,0.068077,290.443970,14.795921,0.680766,-1293.772949,294.500488,0.000000
56.910004,65.280251,-1293.861938,-0.000379,0.002680,0.068077,290.381042,14.792717,0.680766,-1293.861938,294.500488,0.000000
56.920002,65.282845,-1293.861938,-0.000388,0.002680,0.068077,290.392609,14.793304,0.680766,-1293.861938,294.500488,0.000000
56.930004,65.289558,-1293.728516,-0.000375,0.002680,0.068077,290.422455,14.794826,0.680766,-1293.728516,294.500488,0.000000
56.940002,65.288811,-1293.861938,-0.000384,0.002680,0.068077,290.419128,14.794656,0.680766,-1293.861938,294.500488,0.000000
56.950005,65.270927,-1293.772949,-0.000371,0.002680,0.068077,290.339600,14.790604,0.680766,-1293.772949,294.500488,0.000000
56.960003,65.278755,-1293.817383,-0.000375,0.002680,0.068077,290.374420,14.792377,0.680766,-1293.817383,294.500488,0.000000
56.970001,65.278389,-1293.817383,-0.000384,0.002680,0.068077,290.372772,14.792295,0.680766,-1293.817383,294.500488,0.000000
56.980003,65.271675,-1293.772949,-0.000388,0.002680,0.068077,290.342926,14.790773,0.680766,-1293.772949,294.500488,0.000000
56.990002,65.266838,-1293.817383,-0.000379,0.002680,0.068077,290.321381,14.789678,0.680766,-1293.817383,294.500488,0.000000
57.000004,65.262001,-1293.817383,-0.000375,0.002680,0.068077,290.299866,14.788581,0.680766,-1293.817383,294.500488,0.000000
57.010002,65.266472,-1293.817383,-0.000371,0.002680,0.068077,290.319763,14.789594,0.680766,-1293.817383,294.500488,0.000000
57.020004,65.263481,-1293.772949,-0.000375,0.002680,0.068077,290.306458,14.788917,0.680766,-1293.772949,294.500488,0.000000
57.030003,65.259392,-1293.817383,-0.000379,0.002680,0.068077,290.288269,14.787990,0.680766,-1293.817383,294.500488,0.000000
57.040001,65.254921,-1293.861938,-0.000388,0.002680,0.068077,290.268372,14.786977,0.680766,-1293.861938,294.500488,0.000000
57.050003,65.254555,-1293.728516,-0.000375,0.002680,0.068077,290.266754,14.786894,0.680766,-1293.728516,294.500488,0.000000
57.060001,65.250832,-1293.817383,-0.000379,0.002680,0.068077,290.250183,14.786049,0.680766,-1293.817383,294.500488,0.000000
57.070004,65.254555,-1293.861938,-0.000388,0.002680,0.068077,290.266754,14.786894,0.680766,-1293.861938,294.500488,0.000000
57.080002,65.247108,-1293.817383,-0.000375,0.002680,0.068077,290.233643,14.785206,0.680766,-1293.817383,294.500488,0.000000
57.090004,65.226616,-1293.906372,-0.000366,0.002680,0.068077,290.142487,14.780562,0.680766,-1293.906372,294.500488,0.000000
57.100002,65.225883,-1293.817383,-0.000379,0.002681,0.068086,290.139221,14.780396,0.680857,-1293.817383,294.500488,0.000000
57.110004,65.228477,-1293.772949,-0.000375,0.002681,0.068086,290.150757,14.780985,0.680857,-1293.772949,294.500488,0.000000
57.120003,65.231468,-1293.772949,-0.000379,0.002681,0.068086,290.164062,14.781662,0.680857,-1293.772949,294.500488,0.000000
57.130001,65.238167,-1293.817383,-0.000375,0.002681,0.068086,290.193848,14.783179,0.680857,-1293.817383,294.500488,0.000000
57.140003,65.228111,-1293.861938,-0.000379,0.002681,0.068086,290.149139,14.780901,0.680857,-1293.861938,294.500488,0.000000
57.150002,65.231087,-1293.772949,-0.000371,0.002681,0.068086,290.162354,14.781575,0.680857,-1293.772949,294.500488,0.000000
57.160004,65.232948,-1293.817383,-0.000366,0.002681,0.068086,290.170654,14.781998,0.680857,-1293.817383,294.500488,0.000000
57.170002,65.224754,-1293.861938,-0.000379,0.002681,0.068086,290.134186,14.780140,0.680857,-1293.861938,294.500488,0.000000
57.180004,65.210976,-1293.772949,-0.000375,0.002681,0.068086,290.072906,14.777019,0.680857,-1293.772949,294.500488,0.000000
57.190002,65.208382,-1293.817383,-0.000388,0.002681,0.068086,290.061371,14.776431,0.680857,-1293.817383,294.500488,0.000000
57.200005,65.209114,-1293.772949,-0.000371,0.002681,0.068086,290.064636,14.776596,0.680857,-1293.772949,294.500488,0.000000
57.210003,65.212105,-1293.861938,-0.000371,0.002681,0.068086,290.077942,14.777274,0.680857,-1293.861938,294.500488,0.000000
57.220001,65.199440,-1293.817383,-0.000375,0.002681,0.068086,290.021606,14.774405,0.680857,-1293.817383,294.500488,0.000000
57.230003,65.191246,-1293.772949,-0.000388,0.002681,0.068086,289.985138,14.772547,0.680857,-1293.772949,294.500488,0.000000
57.240002,65.188271,-1293.906372,-0.000384,0.002681,0.068086,289.971924,14.771873,0.680857,-1293.906372,294.500488,0.000000
57.250004,65.186409,-1293.817383,-0.000384,0.002681,0.068086,289.963623,14.771451,0.680857,-1293.817383,294.500488,0.000000
57.260002,65.181938,-1293.861938,-0.000371,0.002681,0.068086,289.943756,14.770438,0.680857,-1293.861938,294.500488,0.000000
57.270004,65.177101,-1293.817383,-0.000388,0.002681,0.068086,289.922211,14.769342,0.680857,-1293.817383,294.500488,0.000000
57.280003,65.181938,-1293.817383,-0.000362,0.002681,0.068086,289.943756,14.770438,0.680857,-1293.817383,294.500488,0.000000
57.290001,65.172630,-1293.817383,-0.000384,0.002681,0.068086,289.902344,14.768330,0.680857,-1293.817383,294.500488,0.000000
57.300003,65.172997,-1293.817383,-0.000375,0.002681,0.068086,289.903961,14.768412,0.680857,-1293.817383,294.500488,0.000000
57.310001,65.159599,-1293.861938,-0.000371,0.002681,0.068086,289.844360,14.765376,0.680857,-1293.861938,294.500488,0.000000
57.320004,65.160347,-1293.861938,-0.000379,0.002681,0.068086,289.847687,14.765546,0.680857,-1293.861938,294.500488,0.000000
57.330002,65.145821,-1293.861938,-0.000384,0.002681,0.068086,289.783081,14.762254,0.680857,-1293.861938,294.500488,0.000000
57.340004,65.149544,-1293.861938,-0.000384,0.002681,0.068086,289.799652,14.763098,0.680857,-1293.861938,294.500488,0.000000
57.350002,65.140602,-1293.772949,-0.000388,0.002681,0.068086,289.759857,14.761071,0.680857,-1293.772949,294.500488,0.000000
57.360004,65.136879,-1293.861938,-0.000379,0.002681,0.068086,289.743317,14.760228,0.680857,-1293.861938,294.500488,0.000000
57.370003,65.135765,-1293.817383,-0.000384,0.002681,0.068086,289.738342,14.759975,0.680857,-1293.817383,294.500488,0.000000
57.380001,65.131660,-1293.772949,-0.000375,0.002681,0.068086,289.720093,14.759045,0.680857,-1293.772949,294.500488,0.000000
57.390003,65.130547,-1293.861938,-0.000366,0.002681,0.068086,289.715149,14.758793,0.680857,-1293.861938,294.500488,0.000000
57.400002,65.127205,-1293.817383,-0.000375,0.002681,0.068086,289.700287,14.758035,0.680857,-1293.817383,294.500488,0.000000
57.410004,65.111931,-1293.817383,-0.000362,0.002681,0.068086,289.632324,14.754575,0.680857,-1293.817383,294.500488,0.000000
57.420002,65.109703,-1293.817383,-0.000379,0.002681,0.068095,289.622437,14.754069,0.680948,-1293.817383,294.500488,0.000000
57.430004,65.114159,-1293.728516,-0.000362,0.002681,0.068095,289.642242,14.755079,0.680948,-1293.728516,294.500488,0.000000
57.440002,65.100014,-1293.861938,-0.000371,0.002681,0.068095,289.579315,14.751874,0.680948,-1293.861938,294.500488,0.000000
57.450005,65.089592,-1293.861938,-0.000375,0.002681,0.068095,289.532959,14.749513,0.680948,-1293.861938,294.500488,0.000000
57.460003,65.075813,-1293.817383,-0.000388,0.002681,0.068095,289.471680,14.746390,0.680948,-1293.817383,294.500488,0.000000
57.470001,65.083626,-1293.906372,-0.000384,0.002681,0.068095,289.506439,14.748160,0.680948,-1293.906372,294.500488,0.000000
57.480003,65.089592,-1293.817383,-0.000375,0.002681,0.068095,289.532959,14.749513,0.680948,-1293.817383,294.500488,0.000000
57.490002,65.076561,-1293.861938,-0.000371,0.002682,0.068111,289.475006,14.746559,0.681115,-1293.861938,294.500488,0.000000
57.500004,65.072090,-1293.861938,-0.000379,0.002682,0.068121,289.455109,14.745546,0.681205,-1293.861938,294.500488,0.000000
57.510002,65.080284,-1293.861938,-0.000371,0.002683,0.068137,289.491577,14.747403,0.681372,-1293.861938,294.500488,0.000000
57.520004,65.089211,-1293.906372,-0.000371,0.002683,0.068146,289.531281,14.749426,0.681463,-1293.906372,294.500488,0.000000
57.530003,65.105598,-1293.817383,-0.000366,0.002684,0.068172,289.604156,14.753139,0.681720,-1293.817383,294.500488,0.000000
57.540001,65.125343,-1293.861938,-0.000379,0.002685,0.068207,289.691986,14.757614,0.682068,-1293.861938,294.500488,0.000000
57.550003,65.186028,-1293.772949,-0.000384,0.002686,0.068233,289.961945,14.771365,0.682326,-1293.772949,294.500488,0.000000
57.560001,65.304451,-1293.817383,-0.000375,0.002686,0.068233,290.488708,14.798200,0.682326,-1293.817383,294.500488,0.000000
57.570004,65.359566,-1293.817383,-0.000379,0.002686,0.068233,290.733856,14.810689,0.682326,-1293.817383,294.500488,0.000000
57.580002,65.380791,-1293.817383,-0.000375,0.002686,0.068233,290.828278,14.815498,0.682326,-1293.817383,294.500488,0.000000
57.590004,65.386375,-1293.861938,-0.000366,0.002686,0.068233,290.853119,14.816764,0.682326,-1293.861938,294.500488,0.000000
57.600002,65.404610,-1293.817383,-0.000371,0.002686,0.068233,290.934235,14.820896,0.682326,-1293.817383,294.500488,0.000000
57.610004,65.425835,-1293.861938,-0.000371,0.002686,0.068233,291.028656,14.825706,0.682326,-1293.861938,294.500488,0.000000
57.620003,65.438881,-1293.817383,-0.000379,0.002686,0.068233,291.086670,14.828663,0.682326,-1293.817383,294.500488,0.000000
57.630001,65.446693,-1293.728516,-0.000384,0.002686,0.068233,291.121429,14.830433,0.682326,-1293.728516,294.500488,0.000000
57.640003,65.456001,-1293.817383,-0.000375,0.002686,0.068233,291.162842,14.832541,0.682326,-1293.817383,294.500488,0.000000
57.650002,65.462334,-1293.772949,-0.000371,0.002686,0.068233,291.191010,14.833977,0.682326,-1293.772949,294.500488,0.000000
57.660004,65.465309,-1293.817383,-0.000379,0.002686,0.068233,291.204224,14.834651,0.682326,-1293.817383,294.500488,0.000000
57.670002,65.469414,-1293.772949,-0.000388,0.002686,0.068233,291.222504,14.835581,0.682326,-1293.772949,294.500488,0.000000
57.680004,65.472023,-1293.772949,-0.000371,0.002686,0.068233,291.234100,14.836172,0.682326,-1293.772949,294.500488,0.000000
57.690002,65.470161,-1293.861938,-0.000362,0.002686,0.068233,291.225830,14.835751,0.682326,-1293.861938,294.500488,0.000000
57.700005,65.470894,-1293.772949,-0.000384,0.002686,0.068233,291.229095,14.835917,0.682326,-1293.772949,294.500488,0.000000
57.710003,65.467552,-1293.817383,-0.000375,0.002686,0.068233,291.214203,14.835159,0.682326,-1293.817383,294.500488,0.000000
57.720001,65.464195,-1293.772949,-0.000379,0.002686,0.068233,291.199280,14.834398,0.682326,-1293.772949,294.500488,0.000000
57.730003,65.472023,-1293.817383,-0.000362,0.002686,0.068233,291.234100,14.836172,0.682326,-1293.817383,294.500488,0.000000
57.740002,65.468285,-1293.861938,-0.000384,0.002686,0.068233,291.217468,14.835325,0.682326,-1293.861938,294.500488,0.000000
57.750004,65.474617,-1293.817383,-0.000371,0.002686,0.068233,291.245636,14.836761,0.682326,-1293.817383,294.500488,0.000000
57.760002,65.476860,-1293.861938,-0.000362,0.002686,0.068233,291.255615,14.837269,0.682326,-1293.861938,294.500488,0.000000
57.770004,65.472023,-1293.861938,-0.000392,0.002686,0.068233,291.234100,14.836172,0.682326,-1293.861938,294.500488,0.000000
57.780003,65.469414,-1293.772949,-0.000371,0.002686,0.068233,291.222504,14.835581,0.682326,-1293.772949,294.500488,0.000000
57.790001,65.468285,-1293.861938,-0.000375,0.002686,0.068233,291.217468,14.835325,0.682326,-1293.861938,294.500488,0.000000
57.800003,65.462334,-1293.772949,-0.000375,0.002686,0.068233,291.191010,14.833977,0.682326,-1293.772949,294.500488,0.000000
57.810001,65.461586,-1293.861938,-0.000371,0.002686,0.068233,291.187683,14.833807,0.682326,-1293.861938,294.500488,0.000000
57.820004,65.460838,-1293.817383,-0.000384,0.002686,0.068233,291.184357,14.833637,0.682326,-1293.817383,294.500488,0.000000
57.830002,65.462334,-1293.772949,-0.000379,0.002686,0.068233,291.191010,14.833977,0.682326,-1293.772949,294.500488,0.000000
57.840004,65.463081,-1293.906372,-0.000384,0.002686,0.068233,291.194336,14.834146,0.682326,-1293.906372,294.500488,0.000000
57.850002,65.460472,-1293.861938,-0.000366,0.002686,0.068233,291.182709,14.833555,0.682326,-1293.861938,294.500488,0.000000
57.860004,65.446327,-1293.861938,-0.000375,0.002686,0.068233,291.119812,14.830349,0.682326,-1293.861938,294.500488,0.000000
57.870003,65.440742,-1293.861938,-0.000384,0.002686,0.068233,291.094971,14.829084,0.682326,-1293.861938,294.500488,0.000000
57.880001,65.443718,-1293.772949,-0.000362,0.002686,0.068233,291.108185,14.829759,0.682326,-1293.772949,294.500488,0.000000
57.890003,65.432915,-1293.861938,-0.000375,0.002686,0.068233,291.060150,14.827311,0.682326,-1293.861938,294.500488,0.000000
57.900002,65.432915,-1293.772949,-0.000371,0.002686,0.068233,291.060150,14.827311,0.682326,-1293.772949,294.500488,0.000000
57.910004,65.425835,-1293.861938,-0.000375,0.002686,0.068233,291.028656,14.825706,0.682326,-1293.861938,294.500488,0.000000
57.920002,65.423607,-1293.817383,-0.000384,0.002686,0.068233,291.018738,14.825201,0.682326,-1293.817383,294.500488,0.000000
57.930004,65.421379,-1293.772949,-0.000371,0.002686,0.068233,291.008820,14.824697,0.682326,-1293.772949,294.500488,0.000000
57.940002,65.416908,-1293.861938,-0.000384,0.002686,0.068233,290.988953,14.823683,0.682326,-1293.861938,294.500488,0.000000
57.950005,65.405739,-1293.861938,-0.000388,0.002686,0.068233,290.939270,14.821152,0.682326,-1293.861938,294.500488,0.000000
57.960003,65.402382,-1293.906372,-0.000371,0.002686,0.068233,290.924316,14.820392,0.682326,-1293.906372,294.500488,0.000000
57.970001,65.409081,-1293.906372,-0.000366,0.002686,0.068233,290.954132,14.821909,0.682326,-1293.906372,294.500488,0.000000
57.980003,65.406105,-1293.772949,-0.000366,0.002686,0.068233,290.940887,14.821236,0.682326,-1293.772949,294.500488,0.000000
57.990002,65.406105,-1293.906372,-0.000362,0.002686,0.068233,290.940887,14.821236,0.682326,-1293.906372,294.500488,0.000000
58.000004,65.395683,-1293.772949,-0.000366,0.002686,0.068233,290.894531,14.818873,0.682326,-1293.772949,294.500488,0.000000
58.010002,65.383766,-1293.817383,-0.000375,0.002686,0.068233,290.841522,14.816174,0.682326,-1293.817383,294.500488,0.000000
58.020004,65.388237,-1293.772949,-0.000384,0.002686,0.068233,290.861420,14.817186,0.682326,-1293.772949,294.500488,0.000000
58.030003,65.384514,-1293.817383,-0.000371,0.002686,0.068233,290.844849,14.816342,0.682326,-1293.817383,294.500488,0.000000
58.040001,65.369606,-1293.950806,-0.000366,0.002686,0.068233,290.778534,14.812964,0.682326,-1293.950806,294.500488,0.000000
58.050003,65.359566,-1293.772949,-0.000379,0.002686,0.068233,290.733856,14.810689,0.682326,-1293.772949,294.500488,0.000000
58.060001,65.367744,-1293.772949,-0.000375,0.002686,0.068233,290.770264,14.812542,0.682326,-1293.772949,294.500488,0.000000
58.070004,65.380043,-1293.861938,-0.000371,0.002686,0.068233,290.824951,14.815329,0.682326,-1293.861938,294.500488,0.000000
58.080002,65.361794,-1293.772949,-0.000371,0.002686,0.068233,290.743774,14.811193,0.682326,-1293.772949,294.500488,0.000000
58.090004,65.360298,-1293.861938,-0.000379,0.002686,0.068233,290.737122,14.810856,0.682326,-1293.861938,294.500488,0.000000
58.100002,65.365517,-1293.817383,-0.000371,0.002686,0.068233,290.760345,14.812038,0.682326,-1293.817383,294.500488,0.000000
58.110004,65.363655,-1293.817383,-0.000371,0.002686,0.068233,290.752045,14.811616,0.682326,-1293.817383,294.500488,0.000000
58.120003,65.363289,-1293.861938,-0.000379,0.002686,0.068233,290.750427,14.811533,0.682326,-1293.861938,294.500488,0.000000
58.130001,65.343178,-1293.817383,-0.000379,0.002686,0.068233,290.660980,14.806976,0.682326,-1293.817383,294.500488,0.000000
58.140003,65.341682,-1293.861938,-0.000375,0.002686,0.068233,290.654327,14.806637,0.682326,-1293.861938,294.500488,0.000000
58.150002,65.341316,-1293.772949,-0.000379,0.002686,0.068233,290.652679,14.806554,0.682326,-1293.772949,294.500488,0.000000
58.160004,65.345406,-1293.861938,-0.000375,0.002686,0.068233,290.670868,14.807481,0.682326,-1293.861938,294.500488,0.000000
58.170002,65.339455,-1293.772949,-0.000371,0.002686,0.068233,290.644409,14.806131,0.682326,-1293.772949,294.500488,0.000000
58.180004,65.330513,-1293.817383,-0.000362,0.002686,0.068233,290.604645,14.804106,0.682326,-1293.817383,294.500488,0.000000
58.190002,65.321953,-1293.861938,-0.000371,0.002686,0.068233,290.566559,14.802166,0.682326,-1293.861938,294.500488,0.000000
58.200005,65.328651,-1293.772949,-0.000379,0.002686,0.068233,290.596344,14.803684,0.682326,-1293.772949,294.500488,0.000000
58.210003,65.329765,-1293.772949,-0.000366,0.002686,0.068233,290.601318,14.803937,0.682326,-1293.772949,294.500488,0.000000
58.220001,65.315254,-1293.817383,-0.000375,0.002686,0.068233,290.536774,14.800649,0.682326,-1293.817383,294.500488,0.000000
58.230003,65.311516,-1293.772949,-0.000362,0.002686,0.068233,290.520142,14.799801,0.682326,-1293.772949,294.500488,0.000000
58.240002,65.308540,-1293.861938,-0.000375,0.002686,0.068233,290.506897,14.799127,0.682326,-1293.861938,294.500488,0.000000
58.250004,65.308922,-1293.817383,-0.000371,0.002686,0.068233,290.508606,14.799213,0.682326,-1293.817383,294.500488,0.000000
58.260002,65.305931,-1293.861938,-0.000362,0.002686,0.068233,290.495300,14.798535,0.682326,-1293.861938,294.500488,0.000000
58.270004,65.299614,-1293.817383,-0.000388,0.002686,0.068233,290.467194,14.797104,0.682326,-1293.817383,294.500488,0.000000
58.280003,65.299980,-1293.817383,-0.000371,0.002686,0.068233,290.468811,14.797187,0.682326,-1293.817383,294.500488,0.000000
58.290001,65.300728,-1293.817383,-0.000375,0.002686,0.068233,290.472137,14.797357,0.682326,-1293.817383,294.500488,0.000000
58.300003,65.292152,-1293.817383,-0.000366,0.002686,0.068233,290.433990,14.795413,0.682326,-1293.817383,294.500488,0.000000
58.310001,65.289925,-1293.906372,-0.000366,0.002686,0.068233,290.424103,14.794909,0.682326,-1293.906372,294.500488,0.000000
58.320004,65.286201,-1293.817383,-0.000366,0.002686,0.068233,290.407532,14.794065,0.682326,-1293.817383,294.500488,0.000000
58.330002,65.289925,-1293.817383,-0.000379,0.002686,0.068233,290.424103,14.794909,0.682326,-1293.817383,294.500488,0.000000
58.340004,65.286201,-1293.906372,-0.000371,0.002686,0.068233,290.407532,14.794065,0.682326,-1293.906372,294.500488,0.000000
58.350002,65.289177,-1293.772949,-0.000375,0.002686,0.068233,290.420776,14.794740,0.682326,-1293.772949,294.500488,0.000000
58.360004,65.276894,-1293.772949,-0.000358,0.002686,0.068233,290.366119,14.791956,0.682326,-1293.772949,294.500488,0.000000
58.370003,65.278008,-1293.728516,-0.000379,0.002686,0.068233,290.371094,14.792209,0.682326,-1293.728516,294.500488,0.000000
58.380001,65.280983,-1293.772949,-0.000371,0.002686,0.068233,290.384308,14.792882,0.682326,-1293.772949,294.500488,0.000000
58.390003,65.274284,-1293.906372,-0.000366,0.002686,0.068233,290.354523,14.791364,0.682326,-1293.906372,294.500488,0.000000
58.400002,65.267586,-1293.772949,-0.000375,0.002686,0.068233,290.324707,14.789846,0.682326,-1293.772949,294.500488,0.000000
58.410004,65.263115,-1293.861938,-0.000366,0.002686,0.068233,290.304840,14.788833,0.682326,-1293.861938,294.500488,0.000000
58.420002,65.264229,-1293.861938,-0.000384,0.002686,0.068233,290.309784,14.789085,0.682326,-1293.861938,294.500488,0.000000
58.430004,65.260139,-1293.772949,-0.000375,0.002686,0.068233,290.291595,14.788159,0.682326,-1293.772949,294.500488,0.000000
58.440002,65.257164,-1293.817383,-0.000379,0.002686,0.068233,290.278351,14.787484,0.682326,-1293.817383,294.500488,0.000000
58.450005,65.239281,-1293.772949,-0.000375,0.002686,0.068233,290.198822,14.783432,0.682326,-1293.772949,294.500488,0.000000
58.460003,65.244118,-1293.861938,-0.000362,0.002686,0.068233,290.220337,14.784528,0.682326,-1293.861938,294.500488,0.000000
58.470001,65.238167,-1293.861938,-0.000379,0.002686,0.068233,290.193848,14.783179,0.682326,-1293.861938,294.500488,0.000000
58.480003,65.241890,-1293.728516,-0.000362,0.002686,0.068233,290.210419,14.784024,0.682326,-1293.728516,294.500488,0.000000
58.490002,65.240776,-1293.817383,-0.000375,0.002686,0.068233,290.205475,14.783772,0.682326,-1293.817383,294.500488,0.000000
58.500004,65.235558,-1293.861938,-0.000371,0.002686,0.068233,290.182251,14.782589,0.682326,-1293.861938,294.500488,0.000000
58.510002,65.232201,-1293.861938,-0.000375,0.002686,0.068233,290.167328,14.781828,0.682326,-1293.861938,294.500488,0.000000
58.520004,65.233696,-1293.772949,-0.000371,0.002686,0.068233,290.173981,14.782166,0.682326,-1293.772949,294.500488,0.000000
58.530003,65.221779,-1293.772949,-0.000366,0.002686,0.068233,290.120972,14.779467,0.682326,-1293.772949,294.500488,0.000000
58.540001,65.213966,-1293.817383,-0.000366,0.002686,0.068233,290.086212,14.777697,0.682326,-1293.817383,294.500488,0.000000
58.550003,65.208000,-1293.772949,-0.000375,0.002686,0.068233,290.059662,14.776343,0.682326,-1293.772949,294.500488,0.000000
58.560001,65.205025,-1293.817383,-0.000366,0.002686,0.068233,290.046448,14.775670,0.682326,-1293.817383,294.500488,0.000000
58.570004,65.207634,-1293.817383,-0.000375,0.002686,0.068233,290.058044,14.776261,0.682326,-1293.817383,294.500488,0.000000
58.580002,65.209862,-1293.817383,-0.000371,0.002686,0.068233,290.067963,14.776766,0.682326,-1293.817383,294.500488,0.000000
58.590004,65.196831,-1293.861938,-0.000371,0.002686,0.068233,290.009979,14.773812,0.682326,-1293.861938,294.500488,0.000000
58.600002,65.193855,-1293.772949,-0.000379,0.002686,0.068233,289.996765,14.773139,0.682326,-1293.772949,294.500488,0.000000
58.610004,65.178581,-1293.906372,-0.000366,0.002687,0.068242,289.928802,14.769677,0.682417,-1293.906372,294.500488,0.000000
58.620003,65.175240,-1293.817383,-0.000375,0.002687,0.068242,289.913940,14.768920,0.682417,-1293.817383,294.500488,0.000000
58.630001,65.161079,-1293.772949,-0.000379,0.002687,0.068242,289.850952,14.765712,0.682417,-1293.772949,294.500488,0.000000
58.640003,65.169273,-1293.772949,-0.000366,0.002687,0.068242,289.887421,14.767569,0.682417,-1293.772949,294.500488,0.000000
58.650002,65.170387,-1293.817383,-0.000358,0.002687,0.068242,289.892365,14.767821,0.682417,-1293.817383,294.500488,0.000000
58.660004,65.163322,-1293.861938,-0.000375,0.002687,0.068242,289.860931,14.766220,0.682417,-1293.861938,294.500488,0.000000
58.670002,65.157356,-1293.817383,-0.000366,0.002687,0.068251,289.834381,14.764868,0.682507,-1293.817383,294.500488,0.000000
58.680004,65.155495,-1293.861938,-0.000366,0.002687,0.068251,289.826111,14.764446,0.682507,-1293.861938,294.500488,0.000000
58.690002,65.149162,-1293.861938,-0.000375,0.002687,0.068251,289.797943,14.763011,0.682507,-1293.861938,294.500488,0.000000
58.700005,65.154015,-1293.772949,-0.000379,0.002687,0.068251,289.819519,14.764111,0.682507,-1293.772949,294.500488,0.000000
58.710003,65.155495,-1293.861938,-0.000371,0.002687,0.068251,289.826111,14.764446,0.682507,-1293.861938,294.500488,0.000000
58.720001,65.150658,-1293.861938,-0.000371,0.002687,0.068251,289.804596,14.763350,0.682507,-1293.861938,294.500488,0.000000
58.730003,65.146187,-1293.817383,-0.000384,0.002687,0.068251,289.784698,14.762337,0.682507,-1293.817383,294.500488,0.000000
58.740002,65.148430,-1293.817383,-0.000371,0.002687,0.068251,289.794678,14.762845,0.682507,-1293.817383,294.500488,0.000000
58.750004,65.146568,-1293.772949,-0.000371,0.002687,0.068251,289.786407,14.762424,0.682507,-1293.772949,294.500488,0.000000
58.760002,65.148796,-1293.861938,-0.000358,0.002687,0.068251,289.796326,14.762929,0.682507,-1293.861938,294.500488,0.000000
58.770004,65.131294,-1293.817383,-0.000371,0.002687,0.068251,289.718475,14.758963,0.682507,-1293.817383,294.500488,0.000000
58.780003,65.138374,-1293.772949,-0.000366,0.002687,0.068251,289.749969,14.760567,0.682507,-1293.772949,294.500488,0.000000
58.790001,65.130928,-1293.861938,-0.000366,0.002687,0.068251,289.716827,14.758880,0.682507,-1293.861938,294.500488,0.000000
58.800003,65.130180,-1293.772949,-0.000366,0.002687,0.068251,289.713501,14.758710,0.682507,-1293.772949,294.500488,0.000000
58.810001,65.115654,-1293.861938,-0.000366,0.002687,0.068251,289.648895,14.755418,0.682507,-1293.861938,294.500488,0.000000
58.820004,65.112679,-1293.817383,-0.000366,0.002687,0.068251,289.635651,14.754745,0.682507,-1293.817383,294.500488,0.000000
58.830002,65.107460,-1293.861938,-0.000362,0.002687,0.068251,289.612457,14.753561,0.682507,-1293.861938,294.500488,0.000000
58.840004,65.111565,-1293.861938,-0.000388,0.002687,0.068251,289.630707,14.754492,0.682507,-1293.861938,294.500488,0.000000
58.850002,65.113426,-1293.861938,-0.000379,0.002687,0.068251,289.638977,14.754913,0.682507,-1293.861938,294.500488,0.000000
58.860004,65.106346,-1293.861938,-0.000379,0.002687,0.068251,289.607483,14.753309,0.682507,-1293.861938,294.500488,0.000000
58.870003,65.103737,-1293.772949,-0.000375,0.002687,0.068260,289.595886,14.752718,0.682598,-1293.772949,294.500488,0.000000
58.880001,65.110435,-1293.861938,-0.000366,0.002687,0.068260,289.625671,14.754235,0.682598,-1293.861938,294.500488,0.000000
58.890003,65.105598,-1293.861938,-0.000366,0.002687,0.068260,289.604156,14.753139,0.682598,-1293.861938,294.500488,0.000000
58.900002,65.103371,-1293.772949,-0.000371,0.002687,0.068260,289.594269,14.752634,0.682598,-1293.772949,294.500488,0.000000
58.910004,65.096291,-1293.906372,-0.000375,0.002687,0.068260,289.562775,14.751030,0.682598,-1293.906372,294.500488,0.000000
58.920002,65.102257,-1293.772949,-0.000371,0.002687,0.068260,289.589294,14.752382,0.682598,-1293.772949,294.500488,0.000000
58.930004,65.093315,-1293.772949,-0.000371,0.002687,0.068260,289.549530,14.750356,0.682598,-1293.772949,294.500488,0.000000
58.940002,65.082893,-1293.817383,-0.000375,0.002687,0.068260,289.503174,14.747994,0.682598,-1293.817383,294.500488,0.000000
58.950005,65.074318,-1293.817383,-0.000375,0.002687,0.068260,289.465027,14.746051,0.682598,-1293.817383,294.500488,0.000000
58.960003,65.074318,-1293.906372,-0.000366,0.002687,0.068260,289.465027,14.746051,0.682598,-1293.906372,294.500488,0.000000
58.970001,65.086235,-1293.817383,-0.000358,0.002687,0.068260,289.518036,14.748752,0.682598,-1293.817383,294.500488,0.000000
58.980003,65.083626,-1293.817383,-0.000375,0.002687,0.068260,289.506439,14.748160,0.682598,-1293.817383,294.500488,0.000000
58.990002,65.072838,-1293.861938,-0.000379,0.002688,0.068267,289.458435,14.745716,0.682674,-1293.861938,294.500488,0.000000
59.000004,65.066872,-1293.817383,-0.000375,0.002688,0.068267,289.431915,14.744364,0.682674,-1293.817383,294.500488,0.000000
59.010002,65.059807,-1293.861938,-0.000366,0.002688,0.068267,289.400482,14.742763,0.682674,-1293.861938,294.500488,0.000000
59.020004,65.054955,-1293.772949,-0.000384,0.002688,0.068276,289.378876,14.741663,0.682765,-1293.772949,294.500488,0.000000
59.030003,65.055702,-1293.817383,-0.000354,0.002688,0.068276,289.382202,14.741833,0.682765,-1293.817383,294.500488,0.000000
59.040001,65.054588,-1293.861938,-0.000379,0.002688,0.068276,289.377258,14.741581,0.682765,-1293.861938,294.500488,0.000000
59.050003,65.061287,-1293.772949,-0.000371,0.002688,0.068276,289.407043,14.743098,0.682765,-1293.772949,294.500488,0.000000
59.060001,65.057945,-1293.817383,-0.000388,0.002688,0.068276,289.392181,14.742341,0.682765,-1293.817383,294.500488,0.000000
59.070004,65.060921,-1293.817383,-0.000379,0.002688,0.068276,289.405426,14.743015,0.682765,-1293.817383,294.500488,0.000000
59.080002,65.047890,-1293.817383,-0.000358,0.002688,0.068276,289.347473,14.740063,0.682765,-1293.817383,294.500488,0.000000
59.090004,65.045280,-1293.817383,-0.000371,0.002688,0.068276,289.335846,14.739471,0.682765,-1293.817383,294.500488,0.000000
59.100002,65.060539,-1293.772949,-0.000375,0.002688,0.068276,289.403748,14.742929,0.682765,-1293.772949,294.500488,0.000000
59.110004,65.055336,-1293.817383,-0.000366,0.002688,0.068276,289.380585,14.741750,0.682765,-1293.817383,294.500488,0.000000
59.120003,65.051613,-1293.772949,-0.000366,0.002688,0.068276,289.364014,14.740906,0.682765,-1293.772949,294.500488,0.000000
59.130001,65.043037,-1293.861938,-0.000362,0.002688,0.068276,289.325867,14.738962,0.682765,-1293.861938,294.500488,0.000000
59.140003,65.040062,-1293.861938,-0.000366,0.002688,0.068276,289.312653,14.738289,0.682765,-1293.861938,294.500488,0.000000
59.150002,65.046028,-1293.772949,-0.000379,0.002688,0.068276,289.339172,14.739640,0.682765,-1293.772949,294.500488,0.000000
59.160004,65.044899,-1293.817383,-0.000358,0.002688,0.068276,289.334167,14.739385,0.682765,-1293.817383,294.500488,0.000000
59.170002,65.037834,-1293.772949,-0.000366,0.002688,0.068276,289.302734,14.737784,0.682765,-1293.772949,294.500488,0.000000
59.180004,65.041557,-1293.817383,-0.000371,0.002688,0.068276,289.319305,14.738627,0.682765,-1293.817383,294.500488,0.000000
59.190002,65.037834,-1293.861938,-0.000362,0.002688,0.068286,289.302734,14.737784,0.682856,-1293.861938,294.500488,0.000000
59.200005,65.035973,-1293.817383,-0.000375,0.002689,0.068295,289.294464,14.737362,0.682946,-1293.817383,294.500488,0.000000
59.210003,65.043785,-1293.817383,-0.000362,0.002689,0.068302,289.329193,14.739132,0.683022,-1293.817383,294.500488,0.000000
59.220001,65.038582,-1293.817383,-0.000371,0.002689,0.068311,289.306061,14.737954,0.683113,-1293.817383,294.500488,0.000000
59.230003,65.032616,-1293.817383,-0.000375,0.002691,0.068346,289.279510,14.736601,0.683461,-1293.817383,294.500488,0.000000
59.240002,65.060921,-1293.861938,-0.000362,0.002692,0.068381,289.405426,14.743015,0.683809,-1293.861938,294.500488,0.000000
59.250004,65.140236,-1293.817383,-0.000379,0.002693,0.068398,289.758240,14.760988,0.683976,-1293.817383,294.500488,0.000000
59.260002,65.216194,-1293.861938,-0.000375,0.002693,0.068398,290.096130,14.778201,0.683976,-1293.861938,294.500488,0.000000
59.270004,65.273537,-1293.861938,-0.000379,0.002693,0.068398,290.351196,14.791195,0.683976,-1293.861938,294.500488,0.000000
59.280003,65.298485,-1293.861938,-0.000366,0.002693,0.068398,290.462158,14.796848,0.683976,-1293.861938,294.500488,0.000000
59.290001,65.306313,-1293.861938,-0.000379,0.002693,0.068398,290.496979,14.798622,0.683976,-1293.861938,294.500488,0.000000
59.300003,65.317116,-1293.772949,-0.000371,0.002693,0.068398,290.545044,14.801069,0.683976,-1293.772949,294.500488,0.000000
59.310001,65.318596,-1293.817383,-0.000375,0.002693,0.068398,290.551636,14.801406,0.683976,-1293.817383,294.500488,0.000000
59.320004,65.337593,-1293.772949,-0.000375,0.002693,0.068398,290.636139,14.805711,0.683976,-1293.772949,294.500488,0.000000
59.330002,65.342796,-1293.817383,-0.000366,0.002693,0.068398,290.659271,14.806889,0.683976,-1293.817383,294.500488,0.000000
59.340004,65.355095,-1293.817383,-0.000362,0.002693,0.068398,290.713989,14.809676,0.683976,-1293.817383,294.500488,0.000000
59.350002,65.347649,-1293.772949,-0.000384,0.002693,0.068398,290.680847,14.807989,0.683976,-1293.772949,294.500488,0.000000
59.360004,65.354347,-1293.861938,-0.000375,0.002693,0.068398,290.710663,14.809507,0.683976,-1293.861938,294.500488,0.000000
59.370003,65.352852,-1293.817383,-0.000375,0.002693,0.068398,290.704010,14.809168,0.683976,-1293.817383,294.500488,0.000000
59.380001,65.359184,-1293.817383,-0.000371,0.002693,0.068398,290.732178,14.810603,0.683976,-1293.817383,294.500488,0.000000
59.390003,65.364769,-1293.817383,-0.000366,0.002693,0.068398,290.757019,14.811869,0.683976,-1293.817383,294.500488,0.000000
59.400002,65.363289,-1293.772949,-0.000366,0.002693,0.068398,290.750427,14.811533,0.683976,-1293.772949,294.500488,0.000000
59.410004,65.353981,-1293.817383,-0.000371,0.002693,0.068398,290.709015,14.809423,0.683976,-1293.817383,294.500488,0.000000
59.420002,65.353600,-1293.861938,-0.000366,0.002693,0.068398,290.707336,14.809338,0.683976,-1293.861938,294.500488,0.000000
59.430004,65.360298,-1293.772949,-0.000375,0.002693,0.068398,290.737122,14.810856,0.683976,-1293.772949,294.500488,0.000000
59.440002,65.361046,-1293.861938,-0.000379,0.002693,0.068398,290.740448,14.811025,0.683976,-1293.861938,294.500488,0.000000
59.450005,65.358437,-1293.772949,-0.000366,0.002693,0.068398,290.728851,14.810433,0.683976,-1293.772949,294.500488,0.000000
59.460003,65.358437,-1293.817383,-0.000375,0.002693,0.068398,290.728851,14.810433,0.683976,-1293.817383,294.500488,0.000000
59.470001,65.359566,-1293.817383,-0.000375,0.002693,0.068398,290.733856,14.810689,0.683976,-1293.817383,294.500488,0.000000
59.480003,65.356956,-1293.817383,-0.000371,0.002693,0.068398,290.722260,14.810098,0.683976,-1293.817383,294.500488,0.000000
59.490002,65.354713,-1293.861938,-0.000371,0.002693,0.068398,290.712280,14.809589,0.683976,-1293.861938,294.500488,0.000000
59.500004,65.339455,-1293.728516,-0.000366,0.002693,0.068398,290.644409,14.806131,0.683976,-1293.728516,294.500488,0.000000
59.510002,65.351372,-1293.861938,-0.000366,0.002693,0.068398,290.697418,14.808832,0.683976,-1293.861938,294.500488,0.000000
59.520004,65.361427,-1293.861938,-0.000375,0.002693,0.068398,290.742157,14.811111,0.683976,-1293.861938,294.500488,0.000000
59.530003,65.358070,-1293.728516,-0.000371,0.002693,0.068398,290.727203,14.810350,0.683976,-1293.728516,294.500488,0.000000
59.540005,65.345787,-1293.906372,-0.000366,0.002693,0.068398,290.672577,14.807567,0.683976,-1293.906372,294.500488,0.000000
59.550003,65.342430,-1293.772949,-0.000362,0.002693,0.068398,290.657654,14.806807,0.683976,-1293.772949,294.500488,0.000000
59.560001,65.340935,-1293.861938,-0.000362,0.002693,0.068398,290.651001,14.806468,0.683976,-1293.861938,294.500488,0.000000
59.570004,65.336845,-1293.817383,-0.000371,0.002693,0.068398,290.632812,14.805541,0.683976,-1293.817383,294.500488,0.000000
59.580002,65.340202,-1293.817383,-0.000354,0.002693,0.068398,290.647736,14.806301,0.683976,-1293.817383,294.500488,0.000000
59.590004,65.332375,-1293.861938,-0.000371,0.002693,0.068398,290.612915,14.804527,0.683976,-1293.861938,294.500488,0.000000
59.600002,65.343178,-1293.772949,-0.000362,0.002693,0.068398,290.660980,14.806976,0.683976,-1293.772949,294.500488,0.000000
59.610004,65.338707,-1293.817383,-0.000362,0.002693,0.068398,290.641083,14.805963,0.683976,-1293.817383,294.500488,0.000000
59.620003,65.335732,-1293.861938,-0.000362,0.002693,0.068398,290.627838,14.805288,0.683976,-1293.861938,294.500488,0.000000
59.630001,65.327904,-1293.817383,-0.000366,0.002693,0.068398,290.593018,14.803514,0.683976,-1293.817383,294.500488,0.000000
59.640003,65.311516,-1293.861938,-0.000384,0.002693,0.068398,290.520142,14.799801,0.683976,-1293.861938,294.500488,0.000000
59.650002,65.330147,-1293.817383,-0.000375,0.002693,0.068398,290.602997,14.804023,0.683976,-1293.817383,294.500488,0.000000
59.660004,65.328651,-1293.861938,-0.000371,0.002693,0.068398,290.596344,14.803684,0.683976,-1293.861938,294.500488,0.000000
59.670002,65.324181,-1293.817383,-0.000366,0.002693,0.068398,290.576477,14.802671,0.683976,-1293.817383,294.500488,0.000000
59.680004,65.314125,-1293.817383,-0.000354,0.002693,0.068398,290.531738,14.800392,0.683976,-1293.817383,294.500488,0.000000
59.690002,65.312645,-1293.817383,-0.000366,0.002693,0.068398,290.525146,14.800056,0.683976,-1293.817383,294.500488,0.000000
59.700005,65.317482,-1293.772949,-0.000371,0.002693,0.068398,290.546661,14.801153,0.683976,-1293.772949,294.500488,0.000000
59.710003,65.314873,-1293.861938,-0.000366,0.002693,0.068398,290.535065,14.800561,0.683976,-1293.861938,294.500488,0.000000
59.720001,65.306313,-1293.817383,-0.000379,0.002693,0.068398,290.496979,14.798622,0.683976,-1293.817383,294.500488,0.000000
59.730003,65.299232,-1293.861938,-0.000349,0.002693,0.068398,290.465485,14.797018,0.683976,-1293.861938,294.500488,0.000000
59.740002,65.301094,-1293.906372,-0.000366,0.002693,0.068398,290.473785,14.797440,0.683976,-1293.906372,294.500488,0.000000
59.750004,65.318230,-1293.817383,-0.000366,0.002693,0.068398,290.549988,14.801322,0.683976,-1293.817383,294.500488,0.000000
59.760002,65.294395,-1293.906372,-0.000366,0.002693,0.068398,290.443970,14.795921,0.683976,-1293.906372,294.500488,0.000000
59.770004,65.296257,-1293.817383,-0.000384,0.002693,0.068398,290.452271,14.796344,0.683976,-1293.817383,294.500488,0.000000
59.780003,65.301842,-1293.861938,-0.000366,0.002693,0.068398,290.477112,14.797609,0.683976,-1293.861938,294.500488,0.000000
59.790005,65.297005,-1293.906372,-0.000371,0.002693,0.068398,290.455597,14.796514,0.683976,-1293.906372,294.500488,0.000000
59.800003,65.302208,-1293.772949,-0.000362,0.002693,0.068398,290.478729,14.797691,0.683976,-1293.772949,294.500488,0.000000
59.810001,65.284340,-1293.861938,-0.000379,0.002693,0.068398,290.399261,14.793643,0.683976,-1293.861938,294.500488,0.000000
59.820004,65.286949,-1293.817383,-0.000384,0.002693,0.068398,290.410858,14.794234,0.683976,-1293.817383,294.500488,0.000000
59.830002,65.287315,-1293.817383,-0.000366,0.002693,0.068398,290.412476,14.794317,0.683976,-1293.817383,294.500488,0.000000
59.840004,65.283592,-1293.861938,-0.000366,0.002693,0.068398,290.395935,14.793474,0.683976,-1293.861938,294.500488,0.000000
59.850002,65.279121,-1293.817383,-0.000371,0.002693,0.068398,290.376038,14.792460,0.683976,-1293.817383,294.500488,0.000000
59.860004,65.280251,-1293.861938,-0.000371,0.002693,0.068398,290.381042,14.792717,0.683976,-1293.861938,294.500488,0.000000
59.870003,65.271309,-1293.861938,-0.000371,0.002693,0.068398,290.341278,14.790690,0.683976,-1293.861938,294.500488,0.000000
59.880001,65.274666,-1293.772949,-0.000358,0.002693,0.068398,290.356201,14.791451,0.683976,-1293.772949,294.500488,0.000000
59.890003,65.276527,-1293.906372,-0.000354,0.002693,0.068398,290.364502,14.791872,0.683976,-1293.906372,294.500488,0.000000
59.900002,65.268700,-1293.772949,-0.000354,0.002693,0.068398,290.329681,14.790098,0.683976,-1293.772949,294.500488,0.000000
59.910004,65.260139,-1293.772949,-0.000366,0.002693,0.068398,290.291595,14.788159,0.683976,-1293.772949,294.500488,0.000000
59.920002,65.260506,-1293.728516,-0.000379,0.002693,0.068398,290.293213,14.788242,0.683976,-1293.728516,294.500488,0.000000
59.930004,65.265343,-1293.772949,-0.000366,0.002693,0.068398,290.314758,14.789338,0.683976,-1293.772949,294.500488,0.000000
59.940002,65.258644,-1293.906372,-0.000366,0.002693,0.068398,290.284943,14.787820,0.683976,-1293.906372,294.500488,0.000000
59.950005,65.255669,-1293.817383,-0.000375,0.002693,0.068398,290.271698,14.787147,0.683976,-1293.817383,294.500488,0.000000
59.960003,65.256416,-1293.728516,-0.000358,0.002693,0.068398,290.275024,14.787314,0.683976,-1293.728516,294.500488,0.000000
59.970001,65.256035,-1293.817383,-0.000362,0.002693,0.068398,290.273346,14.787229,0.683976,-1293.817383,294.500488,0.000000
59.980003,65.246361,-1293.772949,-0.000375,0.002693,0.068398,290.230316,14.785036,0.683976,-1293.772949,294.500488,0.000000
59.990002,65.245979,-1293.861938,-0.000366,0.002693,0.068398,290.228607,14.784950,0.683976,-1293.861938,294.500488,0.000000
60.000004,65.246361,-1293.772949,-0.000371,0.002693,0.068398,290.230316,14.785036,0.683976,-1293.772949,294.500488,0.000000
60.010002,65.242256,-1293.861938,-0.000375,0.002693,0.068398,290.212036,14.784107,0.683976,-1293.861938,294.500488,0.000000
60.020004,65.248222,-1293.861938,-0.000358,0.002693,0.068398,290.238586,14.785459,0.683976,-1293.861938,294.500488,0.000000
60.030003,65.243385,-1293.861938,-0.000366,0.002693,0.068398,290.217072,14.784363,0.683976,-1293.861938,294.500488,0.000000
60.040005,65.236671,-1293.817383,-0.000375,0.002693,0.068398,290.187195,14.782842,0.683976,-1293.817383,294.500488,0.000000
60.050003,65.235558,-1293.861938,-0.000362,0.002693,0.068398,290.182251,14.782589,0.683976,-1293.861938,294.500488,0.000000
60.060001,65.230721,-1293.861938,-0.000366,0.002693,0.068398,290.160736,14.781493,0.683976,-1293.861938,294.500488,0.000000
60.070004,65.228477,-1293.817383,-0.000362,0.002693,0.068398,290.150757,14.780985,0.683976,-1293.817383,294.500488,0.000000
60.080002,65.220665,-1293.817383,-0.000366,0.002693,0.068398,290.115997,14.779214,0.683976,-1293.817383,294.500488,0.000000
60.090004,65.222893,-1293.817383,-0.000384,0.002693,0.068398,290.125916,14.779719,0.683976,-1293.817383,294.500488,0.000000
60.100002,65.219917,-1293.861938,-0.000375,0.002693,0.068398,290.112671,14.779044,0.683976,-1293.861938,294.500488,0.000000
60.110004,65.223274,-1293.861938,-0.000362,0.002693,0.068398,290.127625,14.779805,0.683976,-1293.861938,294.500488,0.000000
60.120003,65.218056,-1293.772949,-0.000366,0.002693,0.068398,290.104401,14.778623,0.683976,-1293.772949,294.500488,0.000000
60.130001,65.205391,-1293.861938,-0.000371,0.002693,0.068398,290.048065,14.775753,0.683976,-1293.861938,294.500488,0.000000
60.140003,65.198326,-1293.906372,-0.000375,0.002693,0.068398,290.016632,14.774152,0.683976,-1293.906372,294.500488,0.000000
60.150002,65.200554,-1293.772949,-0.000371,0.002693,0.068398,290.026550,14.774657,0.683976,-1293.772949,294.500488,0.000000
60.160004,65.206520,-1293.906372,-0.000375,0.002693,0.068398,290.053101,14.776009,0.683976,-1293.906372,294.500488,0.000000
60.170002,65.199806,-1293.817383,-0.000366,0.002693,0.068398,290.023224,14.774487,0.683976,-1293.817383,294.500488,0.000000
60.180004,65.189751,-1293.861938,-0.000358,0.002693,0.068398,289.978485,14.772208,0.683976,-1293.861938,294.500488,0.000000
60.190002,65.185295,-1293.817383,-0.000366,0.002693,0.068398,289.958679,14.771199,0.683976,-1293.817383,294.500488,0.000000
60.200005,65.180443,-1293.728516,-0.000371,0.002693,0.068398,289.937103,14.770100,0.683976,-1293.728516,294.500488,0.000000
60.210003,65.170021,-1293.861938,-0.000362,0.002693,0.068398,289.890747,14.767738,0.683976,-1293.861938,294.500488,0.000000
60.220001,65.165184,-1293.817383,-0.000358,0.002693,0.068407,289.869202,14.766642,0.684067,-1293.817383,294.500488,0.000000
60.230003,65.163322,-1293.950806,-0.000362,0.002693,0.068407,289.860931,14.766220,0.684067,-1293.950806,294.500488,0.000000
60.240002,65.166298,-1293.861938,-0.000375,0.002693,0.068407,289.874176,14.766894,0.684067,-1293.861938,294.500488,0.000000
60.250004,65.161827,-1293.772949,-0.000354,0.002693,0.068407,289.854279,14.765881,0.684067,-1293.772949,294.500488,0.000000
60.260002,65.149910,-1293.861938,-0.000366,0.002693,0.068407,289.801270,14.763181,0.684067,-1293.861938,294.500488,0.000000
60.270004,65.143959,-1293.817383,-0.000371,0.002693,0.068407,289.774811,14.761832,0.684067,-1293.817383,294.500488,0.000000
60.280003,65.143211,-1293.817383,-0.000375,0.002694,0.068416,289.771484,14.761663,0.684158,-1293.817383,294.500488,0.000000
60.290005,65.135765,-1293.906372,-0.000362,0.002694,0.068416,289.738342,14.759975,0.684158,-1293.906372,294.500488,0.000000
60.300003,65.137627,-1293.772949,-0.000362,0.002694,0.068416,289.746643,14.760398,0.684158,-1293.772949,294.500488,0.000000
60.310001,65.135765,-1293.817383,-0.000371,0.002694,0.068423,289.738342,14.759975,0.684233,-1293.817383,294.500488,0.000000
60.320004,65.143211,-1293.817383,-0.000375,0.002694,0.068423,289.771484,14.761663,0.684233,-1293.817383,294.500488,0.000000
60.330002,65.154015,-1293.861938,-0.000358,0.002694,0.068423,289.819519,14.764111,0.684233,-1293.861938,294.500488,0.000000
60.340004,65.147301,-1293.906372,-0.000371,0.002694,0.068432,289.789673,14.762589,0.684324,-1293.906372,294.500488,0.000000
60.350002,65.148796,-1293.861938,-0.000366,0.002694,0.068432,289.796326,14.762929,0.684324,-1293.861938,294.500488,0.000000
60.360004,65.157738,-1293.817383,-0.000362,0.002694,0.068432,289.836090,14.764955,0.684324,-1293.817383,294.500488,0.000000
60.370003,65.158485,-1293.861938,-0.000366,0.002694,0.068432,289.839417,14.765123,0.684324,-1293.861938,294.500488,0.000000
60.380001,65.172630,-1293.861938,-0.000358,0.002694,0.068432,289.902344,14.768330,0.684324,-1293.861938,294.500488,0.000000
60.390003,65.174858,-1293.861938,-0.000371,0.002694,0.068432,289.912262,14.768834,0.684324,-1293.861938,294.500488,0.000000
60.400002,65.165184,-1293.817383,-0.000366,0.002695,0.068441,289.869202,14.766642,0.684415,-1293.817383,294.500488,0.000000
60.410004,65.155876,-1293.906372,-0.000366,0.002695,0.068441,289.827820,14.764533,0.684415,-1293.906372,294.500488,0.000000
60.420002,65.152885,-1293.861938,-0.000384,0.002695,0.068441,289.814514,14.763855,0.684415,-1293.861938,294.500488,0.000000
60.430004,65.151405,-1293.906372,-0.000362,0.002695,0.068441,289.807922,14.763519,0.684415,-1293.906372,294.500488,0.000000
60.440002,65.158104,-1293.817383,-0.000371,0.002695,0.068441,289.837708,14.765038,0.684415,-1293.817383,294.500488,0.000000
60.450005,65.155876,-1293.817383,-0.000358,0.002695,0.068441,289.827820,14.764533,0.684415,-1293.817383,294.500488,0.000000
60.460003,65.161079,-1293.861938,-0.000358,0.002695,0.068441,289.850952,14.765712,0.684415,-1293.861938,294.500488,0.000000
60.470001,65.166298,-1293.817383,-0.000366,0.002695,0.068441,289.874176,14.766894,0.684415,-1293.817383,294.500488,0.000000
60.480003,65.153267,-1293.817383,-0.000358,0.002695,0.068441,289.816193,14.763942,0.684415,-1293.817383,294.500488,0.000000
60.490002,65.153267,-1293.861938,-0.000362,0.002695,0.068441,289.816193,14.763942,0.684415,-1293.861938,294.500488,0.000000
60.500004,65.158852,-1293.817383,-0.000371,0.002695,0.068441,289.841034,14.765207,0.684415,-1293.817383,294.500488,0.000000
60.510002,65.155495,-1293.817383,-0.000371,0.002695,0.068441,289.826111,14.764446,0.684415,-1293.817383,294.500488,0.000000
60.520004,65.161079,-1293.728516,-0.000375,0.002695,0.068441,289.850952,14.765712,0.684415,-1293.728516,294.500488,0.000000
60.530003,65.148048,-1293.817383,-0.000371,0.002695,0.068441,289.792999,14.762759,0.684415,-1293.817383,294.500488,0.000000
60.540005,65.143578,-1293.861938,-0.000366,0.002695,0.068441,289.773102,14.761745,0.684415,-1293.861938,294.500488,0.000000
60.550003,65.137260,-1293.817383,-0.000362,0.002695,0.068441,289.744995,14.760314,0.684415,-1293.817383,294.500488,0.000000
60.560001,65.137260,-1293.817383,-0.000358,0.002695,0.068441,289.744995,14.760314,0.684415,-1293.817383,294.500488,0.000000
60.570004,65.138741,-1293.861938,-0.000358,0.002695,0.068441,289.751587,14.760650,0.684415,-1293.861938,294.500488,0.000000
60.580002,65.141716,-1293.817383,-0.000371,0.002695,0.068441,289.764832,14.761324,0.684415,-1293.817383,294.500488,0.000000
60.590004,65.135384,-1293.906372,-0.000379,0.002695,0.068441,289.736664,14.759890,0.684415,-1293.906372,294.500488,0.000000
60.600002,65.135384,-1293.861938,-0.000362,0.002695,0.068441,289.736664,14.759890,0.684415,-1293.861938,294.500488,0.000000
60.610004,65.132042,-1293.861938,-0.000362,0.002695,0.068441,289.721802,14.759132,0.684415,-1293.861938,294.500488,0.000000
60.620003,65.129066,-1293.817383,-0.000375,0.002695,0.068441,289.708557,14.758457,0.684415,-1293.817383,294.500488,0.000000
60.630001,65.128685,-1293.817383,-0.000362,0.002695,0.068441,289.706848,14.758371,0.684415,-1293.817383,294.500488,0.000000
60.640003,65.122353,-1293.817383,-0.000362,0.002695,0.068441,289.678680,14.756936,0.684415,-1293.817383,294.500488,0.000000
60.650002,65.132790,-1293.772949,-0.000366,0.002695,0.068441,289.725128,14.759300,0.684415,-1293.772949,294.500488,0.000000
60.660004,65.126823,-1293.861938,-0.000362,0.002695,0.068441,289.698578,14.757949,0.684415,-1293.861938,294.500488,0.000000
60.670002,65.119011,-1293.861938,-0.000371,0.002695,0.068441,289.663818,14.756179,0.684415,-1293.861938,294.500488,0.000000
60.680004,65.111931,-1293.861938,-0.000354,0.002695,0.068441,289.632324,14.754575,0.684415,-1293.861938,294.500488,0.000000
60.690002,65.107094,-1293.861938,-0.000366,0.002695,0.068451,289.610809,14.753479,0.684506,-1293.861938,294.500488,0.000000
60.700005,65.107460,-1293.861938,-0.000371,0.002695,0.068451,289.612457,14.753561,0.684506,-1293.861938,294.500488,0.000000
60.710003,65.109322,-1293.861938,-0.000375,0.002695,0.068451,289.620728,14.753983,0.684506,-1293.861938,294.500488,0.000000
60.720001,65.102989,-1293.817383,-0.000371,0.002695,0.068451,289.592560,14.752548,0.684506,-1293.817383,294.500488,0.000000
60.730003,65.094429,-1293.861938,-0.000362,0.002695,0.068451,289.554474,14.750608,0.684506,-1293.861938,294.500488,0.000000
60.740002,65.099266,-1293.861938,-0.000366,0.002695,0.068451,289.575989,14.751705,0.684506,-1293.861938,294.500488,0.000000
60.750004,65.098900,-1293.772949,-0.000358,0.002695,0.068451,289.574371,14.751621,0.684506,-1293.772949,294.500488,0.000000
60.760002,65.089592,-1293.861938,-0.000358,0.002695,0.068451,289.532959,14.749513,0.684506,-1293.861938,294.500488,0.000000
60.770004,65.089592,-1293.772949,-0.000371,0.002695,0.068451,289.532959,14.749513,0.684506,-1293.772949,294.500488,0.000000
60.780003,65.095543,-1293.861938,-0.000362,0.002695,0.068451,289.559448,14.750860,0.684506,-1293.861938,294.500488,0.000000
60.790005,65.089958,-1293.817383,-0.000362,0.002695,0.068451,289.534607,14.749595,0.684506,-1293.817383,294.500488,0.000000
60.800003,65.092201,-1293.817383,-0.000362,0.002695,0.068451,289.544586,14.750103,0.684506,-1293.817383,294.500488,0.000000
60.810001,65.070595,-1293.817383,-0.000349,0.002695,0.068451,289.448456,14.745208,0.684506,-1293.817383,294.500488,0.000000
60.820004,65.078789,-1293.772949,-0.000354,0.002695,0.068451,289.484924,14.747064,0.684506,-1293.772949,294.500488,0.000000
60.830002,65.082146,-1293.861938,-0.000354,0.002695,0.068451,289.499847,14.747825,0.684506,-1293.861938,294.500488,0.000000
60.840004,65.082893,-1293.861938,-0.000375,0.002695,0.068451,289.503174,14.747994,0.684506,-1293.861938,294.500488,0.000000
60.850002,65.082893,-1293.861938,-0.000362,0.002695,0.068451,289.503174,14.747994,0.684506,-1293.861938,294.500488,0.000000
60.860004,65.066872,-1293.861938,-0.000366,0.002695,0.068451,289.431915,14.744364,0.684506,-1293.861938,294.500488,0.000000
60.870003,65.068367,-1293.772949,-0.000358,0.002695,0.068458,289.438538,14.744702,0.684582,-1293.772949,294.500488,0.000000
60.880001,65.063896,-1293.817383,-0.000362,0.002696,0.068476,289.418671,14.743690,0.684763,-1293.817383,294.500488,0.000000
60.890003,65.071709,-1293.861938,-0.000366,0.002696,0.068485,289.453430,14.745460,0.684854,-1293.861938,294.500488,0.000000
60.900002,65.079170,-1293.817383,-0.000366,0.002697,0.068493,289.486603,14.747151,0.684930,-1293.817383,294.500488,0.000000
60.910004,65.095924,-1293.950806,-0.000362,0.002697,0.068511,289.561127,14.750948,0.685111,-1293.950806,294.500488,0.000000
60.920002,65.130547,-1293.817383,-0.000366,0.002697,0.068511,289.715149,14.758793,0.685111,-1293.817383,294.500488,0.000000
60.930004,65.153267,-1293.861938,-0.000362,0.002697,0.068511,289.816193,14.763942,0.685111,-1293.861938,294.500488,0.000000
60.940002,65.157738,-1293.817383,-0.000371,0.002697,0.068511,289.836090,14.764955,0.685111,-1293.817383,294.500488,0.000000
60.950005,65.169655,-1293.772949,-0.000358,0.002697,0.068511,289.889099,14.767654,0.685111,-1293.772949,294.500488,0.000000
60.960003,65.183800,-1293.906372,-0.000371,0.002697,0.068511,289.952026,14.770861,0.685111,-1293.906372,294.500488,0.000000
60.970001,65.187523,-1293.817383,-0.000354,0.002697,0.068511,289.968597,14.771704,0.685111,-1293.817383,294.500488,0.000000
60.980003,65.212105,-1293.861938,-0.000366,0.002697,0.068511,290.077942,14.777274,0.685111,-1293.861938,294.500488,0.000000
60.990002,65.197212,-1293.861938,-0.000371,0.002697,0.068511,290.011688,14.773900,0.685111,-1293.861938,294.500488,0.000000
61.000004,65.194603,-1293.817383,-0.000354,0.002697,0.068511,290.000092,14.773308,0.685111,-1293.817383,294.500488,0.000000
61.010002,65.194221,-1293.861938,-0.000366,0.002697,0.068511,289.998383,14.773222,0.685111,-1293.861938,294.500488,0.000000
61.020004,65.199440,-1293.772949,-0.000371,0.002697,0.068511,290.021606,14.774405,0.685111,-1293.772949,294.500488,0.000000
61.030003,65.203911,-1293.772949,-0.000354,0.002697,0.068511,290.041473,14.775417,0.685111,-1293.772949,294.500488,0.000000
61.040005,65.203529,-1293.817383,-0.000358,0.002697,0.068511,290.039795,14.775331,0.685111,-1293.817383,294.500488,0.000000
61.050003,65.217690,-1293.817383,-0.000358,0.002697,0.068511,290.102783,14.778540,0.685111,-1293.817383,294.500488,0.000000
61.060001,65.219551,-1293.817383,-0.000349,0.002697,0.068511,290.111053,14.778962,0.685111,-1293.817383,294.500488,0.000000
61.070004,65.205772,-1293.861938,-0.000354,0.002697,0.068511,290.049774,14.775839,0.685111,-1293.861938,294.500488,0.000000
61.080002,65.208748,-1293.817383,-0.000345,0.002697,0.068511,290.062988,14.776513,0.685111,-1293.817383,294.500488,0.000000
61.090004,65.208748,-1293.861938,-0.000358,0.002697,0.068511,290.062988,14.776513,0.685111,-1293.861938,294.500488,0.000000
61.100002,65.214333,-1293.861938,-0.000362,0.002697,0.068511,290.087830,14.777779,0.685111,-1293.861938,294.500488,0.000000
61.110004,65.215446,-1293.861938,-0.000362,0.002697,0.068511,290.092804,14.778031,0.685111,-1293.861938,294.500488,0.000000
61.120003,65.208000,-1293.861938,-0.000371,0.002697,0.068511,290.059662,14.776343,0.685111,-1293.861938,294.500488,0.000000
61.130001,65.191612,-1293.817383,-0.000362,0.002697,0.068511,289.986786,14.772631,0.685111,-1293.817383,294.500488,0.000000
61.140003,65.195717,-1293.817383,-0.000371,0.002697,0.068511,290.005035,14.773561,0.685111,-1293.817383,294.500488,0.000000
61.150002,65.197945,-1293.728516,-0.000349,0.002697,0.068511,290.014954,14.774065,0.685111,-1293.728516,294.500488,0.000000
61.160004,65.197212,-1293.906372,-0.000375,0.002697,0.068511,290.011688,14.773900,0.685111,-1293.906372,294.500488,0.000000
61.170002,65.189018,-1293.772949,-0.000384,0.002697,0.068511,289.975250,14.772042,0.685111,-1293.772949,294.500488,0.000000
61.180004,65.190880,-1293.861938,-0.000358,0.002697,0.068511,289.983521,14.772465,0.685111,-1293.861938,294.500488,0.000000
61.190002,65.192741,-1293.906372,-0.000366,0.002697,0.068511,289.991791,14.772886,0.685111,-1293.906372,294.500488,0.000000
61.200005,65.191612,-1293.728516,-0.000358,0.002697,0.068511,289.986786,14.772631,0.685111,-1293.728516,294.500488,0.000000
61.210003,65.193474,-1293.906372,-0.000366,0.002697,0.068511,289.995056,14.773052,0.685111,-1293.906372,294.500488,0.000000
61.220001,65.180077,-1293.817383,-0.000366,0.002697,0.068511,289.935455,14.770016,0.685111,-1293.817383,294.500488,0.000000
61.230003,65.182686,-1293.772949,-0.000354,0.002697,0.068511,289.947083,14.770608,0.685111,-1293.772949,294.500488,0.000000
61.240002,65.170387,-1293.817383,-0.000371,0.002697,0.068511,289.892365,14.767821,0.685111,-1293.817383,294.500488,0.000000
61.250004,65.175240,-1293.817383,-0.000354,0.002697,0.068511,289.913940,14.768920,0.685111,-1293.817383,294.500488,0.000000
61.260002,65.173744,-1293.906372,-0.000354,0.002697,0.068511,289.907288,14.768581,0.685111,-1293.906372,294.500488,0.000000
61.270004,65.177101,-1293.772949,-0.000358,0.002697,0.068511,289.922211,14.769342,0.685111,-1293.772949,294.500488,0.000000
61.280003,65.177849,-1293.861938,-0.000354,0.002697,0.068511,289.925537,14.769512,0.685111,-1293.861938,294.500488,0.000000
61.290005,65.175987,-1293.861938,-0.000362,0.002697,0.068511,289.917267,14.769090,0.685111,-1293.861938,294.500488,0.000000
61.300003,65.170387,-1293.817383,-0.000358,0.002697,0.068511,289.892365,14.767821,0.685111,-1293.817383,294.500488,0.000000
61.310001,65.164803,-1293.906372,-0.000375,0.002697,0.068511,289.867523,14.766556,0.685111,-1293.906372,294.500488,0.000000
61.320004,65.155495,-1293.817383,-0.000358,0.002697,0.068511,289.826111,14.764446,0.685111,-1293.817383,294.500488,0.000000
61.330002,65.164436,-1293.861938,-0.000354,0.002697,0.068511,289.865875,14.766473,0.685111,-1293.861938,294.500488,0.000000
61.340004,65.157356,-1293.772949,-0.000362,0.002697,0.068511,289.834381,14.764868,0.685111,-1293.772949,294.500488,0.000000
61.350002,65.158852,-1293.817383,-0.000349,0.002697,0.068511,289.841034,14.765207,0.685111,-1293.817383,294.500488,0.000000
61.360004,65.155128,-1293.906372,-0.000366,0.002697,0.068511,289.824493,14.764363,0.685111,-1293.906372,294.500488,0.000000
61.370003,65.150291,-1293.817383,-0.000371,0.002697,0.068511,289.802979,14.763268,0.685111,-1293.817383,294.500488,0.000000
61.380001,65.147301,-1293.950806,-0.000354,0.002697,0.068511,289.789673,14.762589,0.685111,-1293.950806,294.500488,0.000000
61.390003,65.142097,-1293.861938,-0.000358,0.002697,0.068511,289.766510,14.761411,0.685111,-1293.861938,294.500488,0.000000
61.400002,65.140984,-1293.861938,-0.000354,0.002697,0.068511,289.761566,14.761158,0.685111,-1293.861938,294.500488,0.000000
61.410004,65.142464,-1293.861938,-0.000371,0.002697,0.068511,289.768158,14.761494,0.685111,-1293.861938,294.500488,0.000000
61.420002,65.143959,-1293.861938,-0.000358,0.002697,0.068511,289.774811,14.761832,0.685111,-1293.861938,294.500488,0.000000
61.430004,65.140602,-1293.906372,-0.000349,0.002697,0.068511,289.759857,14.761071,0.685111,-1293.906372,294.500488,0.000000
61.440002,65.122734,-1293.906372,-0.000371,0.002697,0.068511,289.680389,14.757022,0.685111,-1293.906372,294.500488,0.000000
61.450005,65.119377,-1293.817383,-0.000366,0.002697,0.068511,289.665466,14.756262,0.685111,-1293.817383,294.500488,0.000000
61.460003,65.123100,-1293.861938,-0.000358,0.002697,0.068511,289.682007,14.757106,0.685111,-1293.861938,294.500488,0.000000
61.470001,65.123100,-1293.906372,-0.000349,0.002697,0.068511,289.682007,14.757106,0.685111,-1293.906372,294.500488,0.000000
61.480003,65.124214,-1293.906372,-0.000375,0.002697,0.068511,289.686981,14.757359,0.685111,-1293.906372,294.500488,0.000000
61.490002,65.110435,-1293.861938,-0.000358,0.002697,0.068511,289.625671,14.754235,0.685111,-1293.861938,294.500488,0.000000
61.500004,65.113792,-1293.817383,-0.000358,0.002697,0.068511,289.640625,14.754995,0.685111,-1293.817383,294.500488,0.000000
61.510002,65.114906,-1293.861938,-0.000358,0.002697,0.068511,289.645569,14.755248,0.685111,-1293.861938,294.500488,0.000000
61.520004,65.101128,-1293.817383,-0.000362,0.002697,0.068511,289.584290,14.752126,0.685111,-1293.817383,294.500488,0.000000
61.530003,65.101128,-1293.817383,-0.000371,0.002697,0.068511,289.584290,14.752126,0.685111,-1293.817383,294.500488,0.000000
61.540005,65.095177,-1293.861938,-0.000375,0.002697,0.068511,289.557800,14.750778,0.685111,-1293.861938,294.500488,0.000000
61.550003,65.093681,-1293.817383,-0.000354,0.002697,0.068511,289.551147,14.750440,0.685111,-1293.817383,294.500488,0.000000
61.560001,65.089958,-1293.817383,-0.000362,0.002697,0.068511,289.534607,14.749595,0.685111,-1293.817383,294.500488,0.000000
61.570004,65.099648,-1293.772949,-0.000375,0.002697,0.068511,289.577698,14.751791,0.685111,-1293.772949,294.500488,0.000000
61.580002,65.081764,-1293.861938,-0.000354,0.002697,0.068511,289.498138,14.747739,0.685111,-1293.861938,294.500488,0.000000
61.590004,65.078423,-1293.906372,-0.000366,0.002697,0.068511,289.483276,14.746982,0.685111,-1293.906372,294.500488,0.000000
61.600002,65.081032,-1293.817383,-0.000354,0.002697,0.068511,289.494873,14.747572,0.685111,-1293.817383,294.500488,0.000000
61.610004,65.094063,-1293.817383,-0.000354,0.002697,0.068511,289.552856,14.750525,0.685111,-1293.817383,294.500488,0.000000
61.620003,65.079903,-1293.772949,-0.000358,0.002697,0.068511,289.489868,14.747316,0.685111,-1293.772949,294.500488,0.000000
61.630001,65.070595,-1293.772949,-0.000354,0.002697,0.068511,289.448456,14.745208,0.685111,-1293.772949,294.500488,0.000000
61.640003,65.068367,-1293.861938,-0.000358,0.002697,0.068511,289.438538,14.744702,0.685111,-1293.861938,294.500488,0.000000
61.650002,65.066872,-1293.861938,-0.000362,0.002697,0.068511,289.431915,14.744364,0.685111,-1293.861938,294.500488,0.000000
61.660004,65.069115,-1293.906372,-0.000349,0.002697,0.068511,289.441864,14.744872,0.685111,-1293.906372,294.500488,0.000000
61.670002,65.062782,-1293.772949,-0.000362,0.002697,0.068511,289.413696,14.743437,0.685111,-1293.772949,294.500488,0.000000
61.680004,65.056816,-1293.817383,-0.000371,0.002697,0.068511,289.387177,14.742085,0.685111,-1293.817383,294.500488,0.000000
61.690002,65.057198,-1293.861938,-0.000362,0.002697,0.068511,289.388855,14.742171,0.685111,-1293.861938,294.500488,0.000000
61.700005,65.056068,-1293.772949,-0.000345,0.002697,0.068511,289.383850,14.741916,0.685111,-1293.772949,294.500488,0.000000
61.710003,65.046761,-1293.861938,-0.000358,0.002697,0.068511,289.342438,14.739807,0.685111,-1293.861938,294.500488,0.000000
61.720001,65.043785,-1293.817383,-0.000366,0.002697,0.068511,289.329193,14.739132,0.685111,-1293.817383,294.500488,0.000000
61.730003,65.035225,-1293.906372,-0.000349,0.002697,0.068511,289.291138,14.737193,0.685111,-1293.906372,294.500488,0.000000
61.740002,65.047508,-1293.817383,-0.000362,0.002697,0.068511,289.345764,14.739976,0.685111,-1293.817383,294.500488,0.000000
61.750004,65.051613,-1293.817383,-0.000349,0.002697,0.068511,289.364014,14.740906,0.685111,-1293.817383,294.500488,0.000000
61.760002,65.038948,-1293.861938,-0.000358,0.002697,0.068511,289.307678,14.738036,0.685111,-1293.861938,294.500488,0.000000
61.770004,65.037834,-1293.817383,-0.000366,0.002697,0.068511,289.302734,14.737784,0.685111,-1293.817383,294.500488,0.000000
61.780003,65.036339,-1293.861938,-0.000366,0.002697,0.068511,289.296082,14.737446,0.685111,-1293.861938,294.500488,0.000000
61.790005,65.033363,-1293.906372,-0.000362,0.002697,0.068511,289.282837,14.736771,0.685111,-1293.906372,294.500488,0.000000
61.800003,65.036705,-1293.817383,-0.000362,0.002697,0.068511,289.297699,14.737528,0.685111,-1293.817383,294.500488,0.000000
61.810001,65.033730,-1293.861938,-0.000358,0.002697,0.068511,289.284485,14.736854,0.685111,-1293.861938,294.500488,0.000000
61.820004,65.037453,-1293.772949,-0.000354,0.002697,0.068511,289.301025,14.737697,0.685111,-1293.772949,294.500488,0.000000
61.830002,65.035591,-1293.906372,-0.000371,0.002697,0.068511,289.292755,14.737276,0.685111,-1293.906372,294.500488,0.000000
61.840004,65.025917,-1293.906372,-0.000362,0.002697,0.068511,289.249725,14.735084,0.685111,-1293.906372,294.500488,0.000000
61.850002,65.020332,-1293.728516,-0.000358,0.002697,0.068511,289.224884,14.733818,0.685111,-1293.728516,294.500488,0.000000
61.860004,65.006554,-1293.817383,-0.000358,0.002697,0.068511,289.163605,14.730696,0.685111,-1293.817383,294.500488,0.000000
61.870003,65.014366,-1293.817383,-0.000358,0.002698,0.068519,289.198334,14.732466,0.685187,-1293.817383,294.500488,0.000000
61.880001,65.010643,-1293.817383,-0.000345,0.002698,0.068519,289.181793,14.731623,0.685187,-1293.817383,294.500488,0.000000
61.890003,65.009163,-1293.906372,-0.000366,0.002698,0.068519,289.175201,14.731286,0.685187,-1293.906372,294.500488,0.000000
61.900002,64.995384,-1293.817383,-0.000358,0.002698,0.068528,289.113922,14.728165,0.685278,-1293.817383,294.500488,0.000000
61.910004,65.009895,-1293.906372,-0.000349,0.002698,0.068537,289.178467,14.731453,0.685369,-1293.906372,294.500488,0.000000
61.920002,64.994637,-1293.772949,-0.000366,0.002699,0.068554,289.110596,14.727995,0.685535,-1293.772949,294.500488,0.000000
61.930004,64.975639,-1293.817383,-0.000354,0.002700,0.068581,289.026093,14.723690,0.685808,-1293.817383,294.500488,0.000000
61.940002,64.994637,-1293.817383,-0.000379,0.002702,0.068632,289.110596,14.727995,0.686323,-1293.817383,294.500488,0.000000
61.950005,65.040443,-1293.817383,-0.000366,0.002704,0.068693,289.314331,14.738375,0.686928,-1293.817383,294.500488,0.000000
61.960003,65.210609,-1293.861938,-0.000362,0.002705,0.068719,290.071289,14.776936,0.687186,-1293.861938,294.500488,0.000000
61.970001,65.362541,-1293.772949,-0.000354,0.002706,0.068728,290.747101,14.811363,0.687276,-1293.772949,294.500488,0.000000
61.980003,65.439613,-1293.817383,-0.000358,0.002706,0.068728,291.089935,14.828828,0.687276,-1293.817383,294.500488,0.000000
61.990002,65.492500,-1293.817383,-0.000366,0.002706,0.068728,291.325195,14.840813,0.687276,-1293.817383,294.500488,0.000000
62.000004,65.541649,-1293.772949,-0.000354,0.002706,0.068728,291.543823,14.851950,0.687276,-1293.772949,294.500488,0.000000
62.010002,65.563988,-1293.861938,-0.000362,0.002705,0.068719,291.643188,14.857012,0.687186,-1293.861938,294.500488,0.000000
62.020004,65.581490,-1293.817383,-0.000362,0.002705,0.068719,291.721039,14.860978,0.687186,-1293.817383,294.500488,0.000000
62.030003,65.582603,-1293.772949,-0.000358,0.002705,0.068719,291.725983,14.861231,0.687186,-1293.772949,294.500488,0.000000
62.040005,65.589317,-1293.861938,-0.000371,0.002705,0.068719,291.755859,14.862752,0.687186,-1293.861938,294.500488,0.000000
62.050003,65.596016,-1293.861938,-0.000358,0.002705,0.068719,291.785645,14.864270,0.687186,-1293.861938,294.500488,0.000000
62.060001,65.600105,-1293.817383,-0.000358,0.002705,0.068719,291.803833,14.865196,0.687186,-1293.817383,294.500488,0.000000
62.070004,65.596764,-1293.817383,-0.000366,0.002705,0.068719,291.788971,14.864439,0.687186,-1293.817383,294.500488,0.000000
62.080002,65.597878,-1293.861938,-0.000349,0.002705,0.068719,291.793945,14.864691,0.687186,-1293.861938,294.500488,0.000000
62.090004,65.599739,-1293.817383,-0.000358,0.002705,0.068719,291.802216,14.865113,0.687186,-1293.817383,294.500488,0.000000
62.100002,65.604958,-1293.817383,-0.000358,0.002705,0.068719,291.825439,14.866296,0.687186,-1293.817383,294.500488,0.000000
62.110004,65.601601,-1293.906372,-0.000362,0.002705,0.068719,291.810486,14.865536,0.687186,-1293.906372,294.500488,0.000000
62.120003,65.589684,-1293.817383,-0.000358,0.002705,0.068719,291.757477,14.862835,0.687186,-1293.817383,294.500488,0.000000
62.130001,65.610161,-1293.861938,-0.000362,0.002705,0.068719,291.848572,14.867475,0.687186,-1293.861938,294.500488,0.000000
62.140003,65.602348,-1293.861938,-0.000358,0.002705,0.068719,291.813812,14.865705,0.687186,-1293.861938,294.500488,0.000000
62.150002,65.610909,-1293.772949,-0.000349,0.002705,0.068719,291.851898,14.867644,0.687186,-1293.772949,294.500488,0.000000
62.160004,65.600853,-1293.906372,-0.000366,0.002705,0.068719,291.807159,14.865366,0.687186,-1293.906372,294.500488,0.000000
62.170002,65.603096,-1293.817383,-0.000354,0.002705,0.068719,291.817139,14.865874,0.687186,-1293.817383,294.500488,0.000000
62.180004,65.611656,-1293.817383,-0.000345,0.002705,0.068719,291.855225,14.867814,0.687186,-1293.817383,294.500488,0.000000
62.190002,65.602715,-1293.817383,-0.000358,0.002705,0.068719,291.815460,14.865788,0.687186,-1293.817383,294.500488,0.000000
62.200005,65.609047,-1293.861938,-0.000362,0.002705,0.068719,291.843628,14.867222,0.687186,-1293.861938,294.500488,0.000000
62.210003,65.600853,-1293.817383,-0.000354,0.002705,0.068719,291.807159,14.865366,0.687186,-1293.817383,294.500488,0.000000
62.220001,65.599373,-1293.861938,-0.000362,0.002705,0.068719,291.800598,14.865030,0.687186,-1293.861938,294.500488,0.000000
62.230003,65.602348,-1293.817383,-0.000358,0.002705,0.068719,291.813812,14.865705,0.687186,-1293.817383,294.500488,0.000000
62.240002,65.612022,-1293.817383,-0.000362,0.002705,0.068719,291.856842,14.867897,0.687186,-1293.817383,294.500488,0.000000
62.250004,65.607185,-1293.817383,-0.000362,0.002705,0.068719,291.835327,14.866801,0.687186,-1293.817383,294.500488,0.000000
62.260002,65.596382,-1293.950806,-0.000366,0.002705,0.068719,291.787292,14.864352,0.687186,-1293.950806,294.500488,0.000000
62.270004,65.601601,-1293.772949,-0.000354,0.002705,0.068719,291.810486,14.865536,0.687186,-1293.772949,294.500488,0.000000
62.280003,65.604958,-1293.861938,-0.000345,0.002705,0.068719,291.825439,14.866296,0.687186,-1293.861938,294.500488,0.000000
62.290005,65.597511,-1293.817383,-0.000358,0.002705,0.068719,291.792297,14.864609,0.687186,-1293.817383,294.500488,0.000000
62.300003,65.601601,-1293.817383,-0.000354,0.002705,0.068719,291.810486,14.865536,0.687186,-1293.817383,294.500488,0.000000
62.310001,65.606438,-1293.817383,-0.000349,0.002705,0.068719,291.832001,14.866632,0.687186,-1293.817383,294.500488,0.000000
62.320004,65.597511,-1293.772949,-0.000362,0.002705,0.068719,291.792297,14.864609,0.687186,-1293.772949,294.500488,0.000000
62.330002,65.606819,-1293.861938,-0.000366,0.002705,0.068719,291.833710,14.866717,0.687186,-1293.861938,294.500488,0.000000
62.340004,65.602348,-1293.861938,-0.000345,0.002705,0.068719,291.813812,14.865705,0.687186,-1293.861938,294.500488,0.000000
62.350002,65.583733,-1293.817383,-0.000362,0.002705,0.068719,291.731018,14.861486,0.687186,-1293.817383,294.500488,0.000000
62.360004,65.600105,-1293.906372,-0.000349,0.002705,0.068719,291.803833,14.865196,0.687186,-1293.906372,294.500488,0.000000
62.370003,65.593040,-1293.817383,-0.000358,0.002705,0.068719,291.772430,14.863595,0.687186,-1293.817383,294.500488,0.000000
62.380001,65.599739,-1293.817383,-0.000349,0.002705,0.068719,291.802216,14.865113,0.687186,-1293.817383,294.500488,0.000000
62.390003,65.597511,-1293.817383,-0.000358,0.002705,0.068719,291.792297,14.864609,0.687186,-1293.817383,294.500488,0.000000
62.400002,65.585594,-1293.817383,-0.000362,0.002705,0.068719,291.739288,14.861908,0.687186,-1293.817383,294.500488,0.000000
62.410004,65.592659,-1293.906372,-0.000354,0.002705,0.068719,291.770721,14.863509,0.687186,-1293.906372,294.500488,0.000000
62.420002,65.605324,-1293.772949,-0.000358,0.002705,0.068719,291.827057,14.866379,0.687186,-1293.772949,294.500488,0.000000
62.430004,65.583733,-1293.906372,-0.000354,0.002705,0.068719,291.731018,14.861486,0.687186,-1293.906372,294.500488,0.000000
62.440002,65.580009,-1293.817383,-0.000366,0.002705,0.068719,291.714447,14.860642,0.687186,-1293.817383,294.500488,0.000000
62.450005,65.587456,-1293.772949,-0.000358,0.002705,0.068719,291.747589,14.862329,0.687186,-1293.772949,294.500488,0.000000
62.460003,65.584099,-1293.906372,-0.000362,0.002705,0.068719,291.732635,14.861569,0.687186,-1293.906372,294.500488,0.000000
62.470001,65.594521,-1293.817383,-0.000349,0.002705,0.068719,291.778992,14.863931,0.687186,-1293.817383,294.500488,0.000000
62.480003,65.585213,-1293.861938,-0.000345,0.002705,0.068719,291.737610,14.861821,0.687186,-1293.861938,294.500488,0.000000
62.490002,65.572563,-1293.861938,-0.000358,0.002705,0.068719,291.681335,14.858955,0.687186,-1293.861938,294.500488,0.000000
62.500004,65.574791,-1293.861938,-0.000345,0.002705,0.068719,291.691223,14.859460,0.687186,-1293.861938,294.500488,0.000000
62.510002,65.580009,-1293.861938,-0.000358,0.002705,0.068719,291.714447,14.860642,0.687186,-1293.861938,294.500488,0.000000
62.520004,65.584846,-1293.772949,-0.000354,0.002705,0.068719,291.735962,14.861739,0.687186,-1293.772949,294.500488,0.000000
62.530003,65.578514,-1293.817383,-0.000366,0.002705,0.068719,291.707794,14.860304,0.687186,-1293.817383,294.500488,0.000000
62.540005,65.570320,-1293.772949,-0.000349,0.002705,0.068719,291.671356,14.858447,0.687186,-1293.772949,294.500488,0.000000
62.550003,65.577019,-1293.817383,-0.000328,0.002705,0.068719,291.701141,14.859965,0.687186,-1293.817383,294.500488,0.000000
62.560001,65.577400,-1293.861938,-0.000354,0.002705,0.068719,291.702850,14.860051,0.687186,-1293.861938,294.500488,0.000000
62.570004,65.571068,-1293.772949,-0.000366,0.002705,0.068719,291.674683,14.858616,0.687186,-1293.772949,294.500488,0.000000
62.580002,65.567345,-1293.861938,-0.000354,0.002705,0.068719,291.658112,14.857773,0.687186,-1293.861938,294.500488,0.000000
62.590004,65.568840,-1293.772949,-0.000349,0.002705,0.068719,291.664764,14.858112,0.687186,-1293.772949,294.500488,0.000000
62.600002,65.586327,-1293.728516,-0.000362,0.002705,0.068719,291.742554,14.862074,0.687186,-1293.728516,294.500488,0.000000
62.610004,65.566231,-1293.861938,-0.000358,0.002705,0.068719,291.653168,14.857520,0.687186,-1293.861938,294.500488,0.000000
62.620003,65.554680,-1293.772949,-0.000354,0.002705,0.068719,291.601776,14.854903,0.687186,-1293.772949,294.500488,0.000000
62.630001,65.550209,-1293.906372,-0.000349,0.002705,0.068719,291.581879,14.853889,0.687186,-1293.906372,294.500488,0.000000
62.640003,65.566963,-1293.817383,-0.000354,0.002705,0.068719,291.656433,14.857686,0.687186,-1293.817383,294.500488,0.000000
62.650002,65.565483,-1293.861938,-0.000354,0.002705,0.068719,291.649841,14.857351,0.687186,-1293.861938,294.500488,0.000000
62.660004,65.567345,-1293.861938,-0.000366,0.002705,0.068719,291.658112,14.857773,0.687186,-1293.861938,294.500488,0.000000
62.670002,65.560646,-1293.817383,-0.000354,0.002705,0.068719,291.628326,14.856255,0.687186,-1293.817383,294.500488,0.000000
62.680004,65.551338,-1293.861938,-0.000358,0.002705,0.068719,291.586914,14.854146,0.687186,-1293.861938,294.500488,0.000000
62.690002,65.553566,-1293.817383,-0.000349,0.002705,0.068719,291.596832,14.854650,0.687186,-1293.817383,294.500488,0.000000
62.700005,65.544624,-1293.728516,-0.000349,0.002705,0.068719,291.557037,14.852624,0.687186,-1293.728516,294.500488,0.000000
62.710003,65.537926,-1293.861938,-0.000349,0.002705,0.068719,291.527252,14.851107,0.687186,-1293.861938,294.500488,0.000000
62.720001,65.540901,-1293.817383,-0.000345,0.002705,0.068719,291.540497,14.851781,0.687186,-1293.817383,294.500488,0.000000
62.730003,65.558403,-1293.772949,-0.000345,0.002705,0.068719,291.618347,14.855746,0.687186,-1293.772949,294.500488,0.000000
62.740002,65.557655,-1293.861938,-0.000354,0.002705,0.068719,291.615021,14.855577,0.687186,-1293.861938,294.500488,0.000000
62.750004,65.543877,-1293.817383,-0.000345,0.002705,0.068719,291.553711,14.852454,0.687186,-1293.817383,294.500488,0.000000
62.760002,65.526756,-1293.861938,-0.000354,0.002705,0.068719,291.477570,14.848576,0.687186,-1293.861938,294.500488,0.000000
62.770004,65.528252,-1293.861938,-0.000354,0.002705,0.068719,291.484222,14.848913,0.687186,-1293.861938,294.500488,0.000000
62.780003,65.534203,-1293.861938,-0.000366,0.002705,0.068719,291.510681,14.850263,0.687186,-1293.861938,294.500488,0.000000
62.790005,65.529366,-1293.861938,-0.000349,0.002705,0.068719,291.489166,14.849166,0.687186,-1293.861938,294.500488,0.000000
62.800003,65.535316,-1293.861938,-0.000358,0.002705,0.068719,291.515656,14.850515,0.687186,-1293.861938,294.500488,0.000000
62.810001,65.526756,-1293.817383,-0.000358,0.002705,0.068719,291.477570,14.848576,0.687186,-1293.817383,294.500488,0.000000
62.820004,65.528618,-1293.728516,-0.000349,0.002705,0.068719,291.485840,14.848997,0.687186,-1293.728516,294.500488,0.000000
62.830002,65.512230,-1293.861938,-0.000341,0.002705,0.068719,291.412964,14.845284,0.687186,-1293.861938,294.500488,0.000000
62.840004,65.516335,-1293.817383,-0.000366,0.002705,0.068719,291.431213,14.846213,0.687186,-1293.817383,294.500488,0.000000
62.850002,65.508888,-1293.817383,-0.000345,0.002705,0.068719,291.398102,14.844526,0.687186,-1293.817383,294.500488,0.000000
62.860004,65.504036,-1293.861938,-0.000362,0.002705,0.068719,291.376495,14.843427,0.687186,-1293.861938,294.500488,0.000000
62.870003,65.517067,-1293.817383,-0.000358,0.002705,0.068719,291.434479,14.846379,0.687186,-1293.817383,294.500488,0.000000
62.880005,65.522652,-1293.861938,-0.000341,0.002705,0.068719,291.459320,14.847645,0.687186,-1293.861938,294.500488,0.000000
62.890003,65.506279,-1293.861938,-0.000362,0.002705,0.068719,291.386475,14.843935,0.687186,-1293.861938,294.500488,0.000000
62.900002,65.505531,-1293.817383,-0.000341,0.002705,0.068719,291.383148,14.843765,0.687186,-1293.817383,294.500488,0.000000
62.910004,65.500694,-1293.817383,-0.000349,0.002705,0.068719,291.361633,14.842669,0.687186,-1293.817383,294.500488,0.000000
62.920002,65.497337,-1293.817383,-0.000366,0.002705,0.068719,291.346710,14.841908,0.687186,-1293.817383,294.500488,0.000000
62.930004,65.497704,-1293.861938,-0.000345,0.002705,0.068719,291.348328,14.841991,0.687186,-1293.861938,294.500488,0.000000
62.940002,65.498085,-1293.861938,-0.000349,0.002705,0.068719,291.350037,14.842078,0.687186,-1293.861938,294.500488,0.000000
62.950005,65.492119,-1293.817383,-0.000358,0.002705,0.068719,291.323486,14.840726,0.687186,-1293.817383,294.500488,0.000000
62.960003,65.496223,-1293.906372,-0.000349,0.002705,0.068719,291.341766,14.841657,0.687186,-1293.906372,294.500488,0.000000
62.970001,65.485420,-1293.817383,-0.000349,0.002705,0.068719,291.293701,14.839208,0.687186,-1293.817383,294.500488,0.000000
62.980003,65.474998,-1293.906372,-0.000358,0.002705,0.068719,291.247345,14.836846,0.687186,-1293.906372,294.500488,0.000000
62.990002,65.472023,-1293.861938,-0.000349,0.002705,0.068719,291.234100,14.836172,0.687186,-1293.861938,294.500488,0.000000
63.000004,65.482063,-1293.906372,-0.000354,0.002705,0.068719,291.278778,14.838448,0.687186,-1293.906372,294.500488,0.000000
63.010002,65.482445,-1293.906372,-0.000358,0.002705,0.068719,291.280457,14.838534,0.687186,-1293.906372,294.500488,0.000000
63.020004,65.477974,-1293.817383,-0.000349,0.002705,0.068719,291.260590,14.837522,0.687186,-1293.817383,294.500488,0.000000
63.030003,65.469414,-1293.906372,-0.000341,0.002705,0.068719,291.222504,14.835581,0.687186,-1293.906372,294.500488,0.000000
63.040005,65.450417,-1293.817383,-0.000354,0.002705,0.068719,291.138000,14.831276,0.687186,-1293.817383,294.500488,0.000000
63.050003,65.443718,-1293.772949,-0.000336,0.002705,0.068719,291.108185,14.829759,0.687186,-1293.772949,294.500488,0.000000
63.060001,65.455254,-1293.906372,-0.000345,0.002705,0.068719,291.159515,14.832372,0.687186,-1293.906372,294.500488,0.000000
63.070004,65.459724,-1293.861938,-0.000362,0.002705,0.068719,291.179382,14.833385,0.687186,-1293.861938,294.500488,0.000000
63.080002,65.451912,-1293.861938,-0.000345,0.002705,0.068719,291.144653,14.831614,0.687186,-1293.861938,294.500488,0.000000
63.090004,65.447807,-1293.772949,-0.000362,0.002705,0.068719,291.126373,14.830686,0.687186,-1293.772949,294.500488,0.000000
63.100002,65.433296,-1293.861938,-0.000354,0.002705,0.068719,291.061829,14.827397,0.687186,-1293.861938,294.500488,0.000000
63.110004,65.427330,-1293.861938,-0.000362,0.002705,0.068719,291.035309,14.826045,0.687186,-1293.861938,294.500488,0.000000
63.120003,65.419884,-1293.817383,-0.000362,0.002705,0.068719,291.002167,14.824358,0.687186,-1293.817383,294.500488,0.000000
63.130005,65.419884,-1293.861938,-0.000358,0.002705,0.068719,291.002167,14.824358,0.687186,-1293.861938,294.500488,0.000000
63.140003,65.422112,-1293.906372,-0.000354,0.002705,0.068719,291.012085,14.824862,0.687186,-1293.906372,294.500488,0.000000
63.150002,65.420250,-1293.861938,-0.000354,0.002705,0.068719,291.003815,14.824440,0.687186,-1293.861938,294.500488,0.000000
63.160004,65.412071,-1293.861938,-0.000358,0.002705,0.068719,290.967438,14.822587,0.687186,-1293.861938,294.500488,0.000000
63.170002,65.398293,-1293.817383,-0.000345,0.002705,0.068719,290.906128,14.819465,0.687186,-1293.817383,294.500488,0.000000
63.180004,65.382652,-1293.861938,-0.000345,0.002705,0.068719,290.836548,14.815921,0.687186,-1293.861938,294.500488,0.000000
63.190002,65.396431,-1293.861938,-0.000358,0.002705,0.068719,290.897858,14.819043,0.687186,-1293.861938,294.500488,0.000000
63.200005,65.405357,-1293.728516,-0.000354,0.002705,0.068719,290.937561,14.821066,0.687186,-1293.728516,294.500488,0.000000
63.210003,65.394188,-1293.906372,-0.000341,0.002705,0.068719,290.887878,14.818535,0.687186,-1293.906372,294.500488,0.000000
63.220001,65.374077,-1293.817383,-0.000345,0.002705,0.068719,290.798431,14.813977,0.687186,-1293.817383,294.500488,0.000000
63.230003,65.369240,-1293.861938,-0.000349,0.002705,0.068719,290.776886,14.812881,0.687186,-1293.861938,294.500488,0.000000
63.240002,65.371849,-1293.817383,-0.000341,0.002705,0.068719,290.788513,14.813473,0.687186,-1293.817383,294.500488,0.000000
63.250004,65.365150,-1293.772949,-0.000349,0.002705,0.068719,290.758698,14.811954,0.687186,-1293.772949,294.500488,0.000000
63.260002,65.381523,-1293.861938,-0.000341,0.002705,0.068719,290.831543,14.815665,0.687186,-1293.861938,294.500488,0.000000
63.270004,65.374077,-1293.772949,-0.000358,0.002705,0.068719,290.798431,14.813977,0.687186,-1293.772949,294.500488,0.000000
63.280003,65.362541,-1293.861938,-0.000354,0.002705,0.068719,290.747101,14.811363,0.687186,-1293.861938,294.500488,0.000000
63.290005,65.353600,-1293.772949,-0.000371,0.002705,0.068719,290.707336,14.809338,0.687186,-1293.772949,294.500488,0.000000
63.300003,65.344658,-1293.861938,-0.000349,0.002705,0.068719,290.667542,14.807311,0.687186,-1293.861938,294.500488,0.000000
63.310001,65.333488,-1293.906372,-0.000345,0.002705,0.068719,290.617859,14.804780,0.687186,-1293.906372,294.500488,0.000000
63.320004,65.345406,-1293.861938,-0.000354,0.002705,0.068719,290.670868,14.807481,0.687186,-1293.861938,294.500488,0.000000
63.330002,65.363289,-1293.861938,-0.000345,0.002705,0.068719,290.750427,14.811533,0.687186,-1293.861938,294.500488,0.000000
63.340004,65.352852,-1293.817383,-0.000358,0.002705,0.068719,290.704010,14.809168,0.687186,-1293.817383,294.500488,0.000000
63.350002,65.342430,-1293.772949,-0.000354,0.002705,0.068719,290.657654,14.806807,0.687186,-1293.772949,294.500488,0.000000
63.360004,65.330879,-1293.861938,-0.000354,0.002705,0.068719,290.606262,14.804189,0.687186,-1293.861938,294.500488,0.000000
63.370003,65.329765,-1293.817383,-0.000345,0.002705,0.068719,290.601318,14.803937,0.687186,-1293.817383,294.500488,0.000000
63.380005,65.334236,-1293.906372,-0.000341,0.002705,0.068719,290.621185,14.804950,0.687186,-1293.906372,294.500488,0.000000
63.390003,65.327538,-1293.906372,-0.000345,0.002705,0.068719,290.591400,14.803432,0.687186,-1293.906372,294.500488,0.000000
63.400002,65.325294,-1293.817383,-0.000358,0.002705,0.068719,290.581421,14.802923,0.687186,-1293.817383,294.500488,0.000000
63.410004,65.323814,-1293.817383,-0.000358,0.002705,0.068719,290.574829,14.802588,0.687186,-1293.817383,294.500488,0.000000
63.420002,65.332008,-1293.817383,-0.000354,0.002705,0.068719,290.611298,14.804445,0.687186,-1293.817383,294.500488,0.000000
63.430004,65.313759,-1293.906372,-0.000358,0.002705,0.068719,290.530121,14.800309,0.687186,-1293.906372,294.500488,0.000000
63.440002,65.315620,-1293.817383,-0.000358,0.002705,0.068719,290.538391,14.800731,0.687186,-1293.817383,294.500488,0.000000
63.450005,65.315987,-1293.817383,-0.000345,0.002705,0.068719,290.540009,14.800814,0.687186,-1293.817383,294.500488,0.000000
63.460003,65.320091,-1293.817383,-0.000341,0.002705,0.068719,290.558289,14.801744,0.687186,-1293.817383,294.500488,0.000000
63.470001,65.323067,-1293.861938,-0.000354,0.002705,0.068719,290.571503,14.802419,0.687186,-1293.861938,294.500488,0.000000
63.480003,65.307793,-1293.861938,-0.000349,0.002705,0.068719,290.503571,14.798957,0.687186,-1293.861938,294.500488,0.000000
63.490002,65.301094,-1293.861938,-0.000349,0.002705,0.068719,290.473785,14.797440,0.687186,-1293.861938,294.500488,0.000000
63.500004,65.304451,-1293.772949,-0.000349,0.002705,0.068719,290.488708,14.798200,0.687186,-1293.772949,294.500488,0.000000
63.510002,65.302956,-1293.861938,-0.000366,0.002705,0.068719,290.482056,14.797861,0.687186,-1293.861938,294.500488,0.000000
63.520004,65.302956,-1293.772949,-0.000354,0.002705,0.068719,290.482056,14.797861,0.687186,-1293.772949,294.500488,0.000000
63.530003,65.299232,-1293.817383,-0.000345,0.002705,0.068719,290.465485,14.797018,0.687186,-1293.817383,294.500488,0.000000
63.540005,65.296257,-1293.861938,-0.000354,0.002705,0.068719,290.452271,14.796344,0.687186,-1293.861938,294.500488,0.000000
63.550003,65.293648,-1293.861938,-0.000336,0.002705,0.068719,290.440643,14.795753,0.687186,-1293.861938,294.500488,0.000000
63.560001,65.285088,-1293.906372,-0.000349,0.002706,0.068728,290.402588,14.793813,0.687276,-1293.906372,294.500488,0.000000
63.570004,65.285088,-1293.772949,-0.000341,0.002706,0.068728,290.402588,14.793813,0.687276,-1293.772949,294.500488,0.000000
63.580002,65.279503,-1293.861938,-0.000341,0.002706,0.068728,290.377716,14.792547,0.687276,-1293.861938,294.500488,0.000000
63.590004,65.284340,-1293.861938,-0.000354,0.002706,0.068728,290.399261,14.793643,0.687276,-1293.861938,294.500488,0.000000
63.600002,65.287697,-1293.817383,-0.000354,0.002706,0.068728,290.414185,14.794403,0.687276,-1293.817383,294.500488,0.000000
63.610004,65.285088,-1293.950806,-0.000362,0.002706,0.068728,290.402588,14.793813,0.687276,-1293.950806,294.500488,0.000000
63.620003,65.270927,-1293.817383,-0.000345,0.002706,0.068728,290.339600,14.790604,0.687276,-1293.817383,294.500488,0.000000
63.630005,65.264229,-1293.861938,-0.000341,0.002706,0.068728,290.309784,14.789085,0.687276,-1293.861938,294.500488,0.000000
63.640003,65.269814,-1293.906372,-0.000358,0.002706,0.068728,290.334625,14.790351,0.687276,-1293.906372,294.500488,0.000000
63.650002,65.270927,-1293.817383,-0.000336,0.002706,0.068728,290.339600,14.790604,0.687276,-1293.817383,294.500488,0.000000
63.660004,65.266838,-1293.861938,-0.000358,0.002706,0.068728,290.321381,14.789678,0.687276,-1293.861938,294.500488,0.000000
63.670002,65.268333,-1293.817383,-0.000349,0.002706,0.068728,290.328033,14.790016,0.687276,-1293.817383,294.500488,0.000000
63.680004,65.270195,-1293.861938,-0.000349,0.002706,0.068728,290.336334,14.790438,0.687276,-1293.861938,294.500488,0.000000
63.690002,65.262749,-1293.817383,-0.000349,0.002706,0.068728,290.303192,14.788750,0.687276,-1293.817383,294.500488,0.000000
63.700005,65.253807,-1293.861938,-0.000354,0.002706,0.068728,290.263428,14.786724,0.687276,-1293.861938,294.500488,0.000000
63.710003,65.240028,-1293.906372,-0.000345,0.002706,0.068728,290.202148,14.783602,0.687276,-1293.906372,294.500488,0.000000
63.720001,65.254173,-1293.772949,-0.000345,0.002706,0.068728,290.265045,14.786807,0.687276,-1293.772949,294.500488,0.000000
63.730003,65.261253,-1293.906372,-0.000358,0.002706,0.068728,290.296539,14.788412,0.687276,-1293.906372,294.500488,0.000000
63.740002,65.264229,-1293.817383,-0.000336,0.002706,0.068728,290.309784,14.789085,0.687276,-1293.817383,294.500488,0.000000
63.750004,65.235191,-1293.861938,-0.000336,0.002706,0.068728,290.180634,14.782506,0.687276,-1293.861938,294.500488,0.000000
63.760002,65.235558,-1293.906372,-0.000354,0.002706,0.068728,290.182251,14.782589,0.687276,-1293.906372,294.500488,0.000000
63.770004,65.230339,-1293.817383,-0.000341,0.002706,0.068728,290.159027,14.781406,0.687276,-1293.817383,294.500488,0.000000
63.780003,65.235939,-1293.906372,-0.000341,0.002706,0.068728,290.183960,14.782675,0.687276,-1293.906372,294.500488,0.000000
63.790005,65.251564,-1293.861938,-0.000358,0.002706,0.068728,290.253448,14.786216,0.687276,-1293.861938,294.500488,0.000000
63.800003,65.241890,-1293.817383,-0.000349,0.002706,0.068728,290.210419,14.784024,0.687276,-1293.817383,294.500488,0.000000
63.810001,65.240028,-1293.861938,-0.000349,0.002706,0.068728,290.202148,14.783602,0.687276,-1293.861938,294.500488,0.000000
63.820004,65.232948,-1293.772949,-0.000341,0.002706,0.068728,290.170654,14.781998,0.687276,-1293.772949,294.500488,0.000000
63.830002,65.217308,-1293.861938,-0.000349,0.002706,0.068728,290.101074,14.778454,0.687276,-1293.861938,294.500488,0.000000
63.840004,65.219917,-1293.861938,-0.000341,0.002706,0.068728,290.112671,14.779044,0.687276,-1293.861938,294.500488,0.000000
63.850002,65.224754,-1293.817383,-0.000341,0.002706,0.068728,290.134186,14.780140,0.687276,-1293.817383,294.500488,0.000000
63.860004,65.224754,-1293.861938,-0.000362,0.002706,0.068728,290.134186,14.780140,0.687276,-1293.861938,294.500488,0.000000
63.870003,65.225883,-1293.861938,-0.000371,0.002706,0.068728,290.139221,14.780396,0.687276,-1293.861938,294.500488,0.000000
63.880005,65.216576,-1293.906372,-0.000345,0.002706,0.068728,290.097809,14.778287,0.687276,-1293.906372,294.500488,0.000000
63.890003,65.202415,-1293.772949,-0.000358,0.002706,0.068737,290.034821,14.775078,0.687367,-1293.772949,294.500488,0.000000
63.900002,65.196831,-1293.817383,-0.000358,0.002706,0.068744,290.009979,14.773812,0.687443,-1293.817383,294.500488,0.000000
63.910004,65.199806,-1293.817383,-0.000341,0.002707,0.068762,290.023224,14.774487,0.687625,-1293.817383,294.500488,0.000000
63.920002,65.222527,-1293.772949,-0.000341,0.002708,0.068772,290.124298,14.779635,0.687715,-1293.772949,294.500488,0.000000
63.930004,65.237419,-1293.817383,-0.000354,0.002708,0.068772,290.190521,14.783010,0.687715,-1293.817383,294.500488,0.000000
63.940002,65.246727,-1293.817383,-0.000345,0.002708,0.068772,290.231934,14.785120,0.687715,-1293.817383,294.500488,0.000000
63.950005,65.251564,-1293.772949,-0.000354,0.002708,0.068772,290.253448,14.786216,0.687715,-1293.772949,294.500488,0.000000
63.960003,65.248222,-1293.861938,-0.000358,0.002708,0.068772,290.238586,14.785459,0.687715,-1293.861938,294.500488,0.000000
63.970001,65.239662,-1293.817383,-0.000349,0.002708,0.068772,290.200500,14.783519,0.687715,-1293.817383,294.500488,0.000000
63.980003,65.243385,-1293.906372,-0.000358,0.002708,0.068772,290.217072,14.784363,0.687715,-1293.906372,294.500488,0.000000
63.990002,65.245247,-1293.861938,-0.000358,0.002708,0.068772,290.225342,14.784784,0.687715,-1293.861938,294.500488,0.000000
64.000000,65.258644,-1293.861938,-0.000349,0.002708,0.068772,290.284943,14.787820,0.687715,-1293.861938,294.500488,0.000000
64.010002,65.264229,-1293.861938,-0.000349,0.002708,0.068772,290.309784,14.789085,0.687715,-1293.861938,294.500488,0.000000
64.020004,65.262367,-1293.861938,-0.000341,0.002708,0.068772,290.301514,14.788664,0.687715,-1293.861938,294.500488,0.000000
64.030006,65.252693,-1293.906372,-0.000358,0.002708,0.068772,290.258484,14.786471,0.687715,-1293.906372,294.500488,0.000000
64.040001,65.246727,-1293.772949,-0.000362,0.002708,0.068772,290.231934,14.785120,0.687715,-1293.772949,294.500488,0.000000
64.050003,65.260139,-1293.817383,-0.000345,0.002708,0.068772,290.291595,14.788159,0.687715,-1293.817383,294.500488,0.000000
64.060005,65.265343,-1293.817383,-0.000345,0.002708,0.068772,290.314758,14.789338,0.687715,-1293.817383,294.500488,0.000000
64.070000,65.262367,-1293.772949,-0.000345,0.002708,0.068772,290.301514,14.788664,0.687715,-1293.772949,294.500488,0.000000
64.080002,65.251945,-1293.861938,-0.000354,0.002708,0.068772,290.255157,14.786302,0.687715,-1293.861938,294.500488,0.000000
64.090004,65.258278,-1293.861938,-0.000366,0.002708,0.068772,290.283325,14.787737,0.687715,-1293.861938,294.500488,0.000000
64.100006,65.253426,-1293.906372,-0.000349,0.002708,0.068772,290.261719,14.786638,0.687715,-1293.906372,294.500488,0.000000
64.110001,65.250832,-1293.950806,-0.000362,0.002708,0.068772,290.250183,14.786049,0.687715,-1293.950806,294.500488,0.000000
64.120003,65.257530,-1293.861938,-0.000341,0.002708,0.068772,290.279999,14.787567,0.687715,-1293.861938,294.500488,0.000000
64.130005,65.262367,-1293.906372,-0.000366,0.002708,0.068772,290.301514,14.788664,0.687715,-1293.906372,294.500488,0.000000
64.139999,65.263115,-1293.861938,-0.000358,0.002708,0.068772,290.304840,14.788833,0.687715,-1293.861938,294.500488,0.000000
64.150002,65.250832,-1293.817383,-0.000332,0.002708,0.068772,290.250183,14.786049,0.687715,-1293.817383,294.500488,0.000000
64.160004,65.247475,-1293.861938,-0.000349,0.002708,0.068772,290.235260,14.785289,0.687715,-1293.861938,294.500488,0.000000
64.170006,65.243752,-1293.861938,-0.000341,0.002708,0.068772,290.218689,14.784445,0.687715,-1293.861938,294.500488,0.000000
64.180000,65.244118,-1293.906372,-0.000336,0.002708,0.068772,290.220337,14.784528,0.687715,-1293.906372,294.500488,0.000000
64.190002,65.247841,-1293.817383,-0.000345,0.002708,0.068772,290.236877,14.785373,0.687715,-1293.817383,294.500488,0.000000
64.200005,65.254173,-1293.817383,-0.000349,0.002708,0.068772,290.265045,14.786807,0.687715,-1293.817383,294.500488,0.000000
64.210007,65.238914,-1293.906372,-0.000341,0.002708,0.068772,290.197174,14.783349,0.687715,-1293.906372,294.500488,0.000000
64.220001,65.243385,-1293.772949,-0.000354,0.002708,0.068772,290.217072,14.784363,0.687715,-1293.772949,294.500488,0.000000
64.230003,65.247841,-1293.817383,-0.000345,0.002708,0.068772,290.236877,14.785373,0.687715,-1293.817383,294.500488,0.000000
64.240005,65.254555,-1293.817383,-0.000354,0.002708,0.068772,290.266754,14.786894,0.687715,-1293.817383,294.500488,0.000000
64.250000,65.250832,-1293.772949,-0.000345,0.002708,0.068772,290.250183,14.786049,0.687715,-1293.772949,294.500488,0.000000
64.260002,65.245979,-1293.906372,-0.000349,0.002708,0.068772,290.228607,14.784950,0.687715,-1293.906372,294.500488,0.000000
64.270004,65.248970,-1293.817383,-0.000341,0.002708,0.068772,290.241913,14.785628,0.687715,-1293.817383,294.500488,0.000000
64.280006,65.243385,-1293.906372,-0.000362,0.002708,0.068772,290.217072,14.784363,0.687715,-1293.906372,294.500488,0.000000
64.290001,65.243004,-1293.861938,-0.000349,0.002708,0.068772,290.215363,14.784276,0.687715,-1293.861938,294.500488,0.000000
64.300003,65.237053,-1293.861938,-0.000341,0.002708,0.068772,290.188904,14.782928,0.687715,-1293.861938,294.500488,0.000000
64.310005,65.234444,-1293.906372,-0.000358,0.002708,0.068772,290.177307,14.782336,0.687715,-1293.906372,294.500488,0.000000
64.320000,65.232201,-1293.772949,-0.000345,0.002708,0.068772,290.167328,14.781828,0.687715,-1293.772949,294.500488,0.000000
64.330002,65.228859,-1293.817383,-0.000354,0.002708,0.068772,290.152466,14.781071,0.687715,-1293.817383,294.500488,0.000000
64.340004,65.227364,-1293.772949,-0.000358,0.002708,0.068772,290.145813,14.780732,0.687715,-1293.772949,294.500488,0.000000
64.350006,65.218437,-1293.817383,-0.000341,0.002708,0.068772,290.106110,14.778709,0.687715,-1293.817383,294.500488,0.000000
64.360001,65.230339,-1293.906372,-0.000362,0.002708,0.068772,290.159027,14.781406,0.687715,-1293.906372,294.500488,0.000000
64.370003,65.225136,-1293.861938,-0.000341,0.002708,0.068772,290.135895,14.780228,0.687715,-1293.861938,294.500488,0.000000
64.380005,65.214333,-1293.772949,-0.000336,0.002708,0.068772,290.087830,14.777779,0.687715,-1293.772949,294.500488,0.000000
64.389999,65.221413,-1293.817383,-0.000345,0.002708,0.068772,290.119324,14.779383,0.687715,-1293.817383,294.500488,0.000000
64.400002,65.221031,-1293.817383,-0.000349,0.002708,0.068772,290.117645,14.779297,0.687715,-1293.817383,294.500488,0.000000
64.410004,65.218056,-1293.906372,-0.000354,0.002708,0.068772,290.104401,14.778623,0.687715,-1293.906372,294.500488,0.000000
64.420006,65.221031,-1293.817383,-0.000362,0.002708,0.068772,290.117645,14.779297,0.687715,-1293.817383,294.500488,0.000000
64.430000,65.211357,-1293.906372,-0.000349,0.002708,0.068772,290.074615,14.777104,0.687715,-1293.906372,294.500488,0.000000
64.440002,65.210609,-1293.861938,-0.000358,0.002708,0.068772,290.071289,14.776936,0.687715,-1293.861938,294.500488,0.000000
64.450005,65.206886,-1293.817383,-0.000336,0.002708,0.068779,290.054718,14.776092,0.687791,-1293.817383,294.500488,0.000000
64.460007,65.212105,-1293.861938,-0.000358,0.002708,0.068779,290.077942,14.777274,0.687791,-1293.861938,294.500488,0.000000
64.470001,65.205025,-1293.817383,-0.000349,0.002708,0.068779,290.046448,14.775670,0.687791,-1293.817383,294.500488,0.000000
64.480003,65.191612,-1293.950806,-0.000345,0.002708,0.068779,289.986786,14.772631,0.687791,-1293.950806,294.500488,0.000000
64.490005,65.201302,-1293.861938,-0.000345,0.002708,0.068779,290.029877,14.774826,0.687791,-1293.861938,294.500488,0.000000
64.500000,65.194969,-1293.772949,-0.000345,0.002708,0.068779,290.001709,14.773392,0.687791,-1293.772949,294.500488,0.000000
64.510002,65.189018,-1293.906372,-0.000354,0.002708,0.068788,289.975250,14.772042,0.687882,-1293.906372,294.500488,0.000000
64.520004,65.191246,-1293.861938,-0.000354,0.002708,0.068788,289.985138,14.772547,0.687882,-1293.861938,294.500488,0.000000
64.530006,65.193108,-1293.817383,-0.000362,0.002708,0.068788,289.993439,14.772969,0.687882,-1293.817383,294.500488,0.000000
64.540001,65.193855,-1293.817383,-0.000354,0.002708,0.068788,289.996765,14.773139,0.687882,-1293.817383,294.500488,0.000000
64.550003,65.196083,-1293.772949,-0.000349,0.002708,0.068788,290.006653,14.773643,0.687882,-1293.772949,294.500488,0.000000
64.560005,65.192360,-1293.906372,-0.000354,0.002708,0.068788,289.990112,14.772799,0.687882,-1293.906372,294.500488,0.000000
64.570000,65.179329,-1293.817383,-0.000336,0.002708,0.068788,289.932129,14.769847,0.687882,-1293.817383,294.500488,0.000000
64.580002,65.183434,-1293.861938,-0.000341,0.002709,0.068797,289.950378,14.770777,0.687973,-1293.861938,294.500488,0.000000
64.590004,65.193855,-1293.817383,-0.000349,0.002709,0.068797,289.996765,14.773139,0.687973,-1293.817383,294.500488,0.000000
64.600006,65.191612,-1293.861938,-0.000349,0.002709,0.068797,289.986786,14.772631,0.687973,-1293.861938,294.500488,0.000000
64.610001,65.183052,-1293.906372,-0.000354,0.002709,0.068797,289.948700,14.770691,0.687973,-1293.906372,294.500488,0.000000
64.620003,65.180077,-1293.861938,-0.000345,0.002709,0.068806,289.935455,14.770016,0.688064,-1293.861938,294.500488,0.000000
64.630005,65.181572,-1293.861938,-0.000354,0.002709,0.068806,289.942108,14.770355,0.688064,-1293.861938,294.500488,0.000000
64.639999,65.184166,-1293.817383,-0.000358,0.002709,0.068806,289.953644,14.770943,0.688064,-1293.817383,294.500488,0.000000
64.650002,65.183434,-1293.772949,-0.000332,0.002709,0.068814,289.950378,14.770777,0.688139,-1293.772949,294.500488,0.000000
64.660004,65.200188,-1293.906372,-0.000362,0.002709,0.068814,290.024933,14.774573,0.688139,-1293.906372,294.500488,0.000000
64.670006,65.200935,-1293.861938,-0.000345,0.002709,0.068814,290.028259,14.774743,0.688139,-1293.861938,294.500488,0.000000
64.680000,65.205391,-1293.861938,-0.000354,0.002709,0.068814,290.048065,14.775753,0.688139,-1293.861938,294.500488,0.000000
64.690002,65.191612,-1293.817383,-0.000358,0.002709,0.068814,289.986786,14.772631,0.688139,-1293.817383,294.500488,0.000000
64.700005,65.187157,-1293.861938,-0.000349,0.002709,0.068814,289.966949,14.771621,0.688139,-1293.861938,294.500488,0.000000
64.710007,65.188271,-1293.861938,-0.000354,0.002709,0.068814,289.971924,14.771873,0.688139,-1293.861938,294.500488,0.000000
64.720001,65.208000,-1293.772949,-0.000366,0.002709,0.068814,290.059662,14.776343,0.688139,-1293.772949,294.500488,0.000000
64.730003,65.218056,-1293.950806,-0.000358,0.002709,0.068814,290.104401,14.778623,0.688139,-1293.950806,294.500488,0.000000
64.740005,65.202797,-1293.861938,-0.000362,0.002709,0.068814,290.036530,14.775166,0.688139,-1293.861938,294.500488,0.000000
64.750000,65.206886,-1293.817383,-0.000354,0.002709,0.068814,290.054718,14.776092,0.688139,-1293.817383,294.500488,0.000000
64.760002,65.205391,-1293.906372,-0.000349,0.002709,0.068814,290.048065,14.775753,0.688139,-1293.906372,294.500488,0.000000
64.770004,65.208000,-1293.861938,-0.000341,0.002709,0.068814,290.059662,14.776343,0.688139,-1293.861938,294.500488,0.000000
64.780006,65.210243,-1293.906372,-0.000362,0.002709,0.068814,290.069641,14.776852,0.688139,-1293.906372,294.500488,0.000000
64.790001,65.215446,-1293.817383,-0.000345,0.002709,0.068814,290.092804,14.778031,0.688139,-1293.817383,294.500488,0.000000
64.800003,65.211723,-1293.861938,-0.000341,0.002709,0.068814,290.076233,14.777188,0.688139,-1293.861938,294.500488,0.000000
64.810005,65.208000,-1293.861938,-0.000349,0.002709,0.068814,290.059662,14.776343,0.688139,-1293.861938,294.500488,0.000000
64.820000,65.206520,-1293.817383,-0.000336,0.002709,0.068814,290.053101,14.776009,0.688139,-1293.817383,294.500488,0.000000
64.830002,65.203911,-1293.861938,-0.000341,0.002709,0.068814,290.041473,14.775417,0.688139,-1293.861938,294.500488,0.000000
64.840004,65.203911,-1293.817383,-0.000345,0.002709,0.068814,290.041473,14.775417,0.688139,-1293.817383,294.500488,0.000000
64.850006,65.205391,-1293.861938,-0.000349,0.002709,0.068814,290.048065,14.775753,0.688139,-1293.861938,294.500488,0.000000
64.860001,65.206139,-1293.861938,-0.000354,0.002710,0.068823,290.051392,14.775923,0.688230,-1293.861938,294.500488,0.000000
64.870003,65.205025,-1293.772949,-0.000349,0.002710,0.068823,290.046448,14.775670,0.688230,-1293.772949,294.500488,0.000000
64.880005,65.205025,-1293.817383,-0.000349,0.002710,0.068823,290.046448,14.775670,0.688230,-1293.817383,294.500488,0.000000
64.889999,65.205772,-1293.817383,-0.000354,0.002710,0.068823,290.049774,14.775839,0.688230,-1293.817383,294.500488,0.000000
64.900002,65.215080,-1293.861938,-0.000354,0.002710,0.068823,290.091156,14.777948,0.688230,-1293.861938,294.500488,0.000000
64.910004,65.200554,-1293.906372,-0.000336,0.002710,0.068823,290.026550,14.774657,0.688230,-1293.906372,294.500488,0.000000
64.920006,65.200935,-1293.861938,-0.000332,0.002710,0.068823,290.028259,14.774743,0.688230,-1293.861938,294.500488,0.000000
64.930000,65.191612,-1293.817383,-0.000341,0.002710,0.068823,289.986786,14.772631,0.688230,-1293.817383,294.500488,0.000000
64.940002,65.200935,-1293.817383,-0.000345,0.002710,0.068832,290.028259,14.774743,0.688321,-1293.817383,294.500488,0.000000
64.950005,65.206886,-1293.817383,-0.000345,0.002710,0.068832,290.054718,14.776092,0.688321,-1293.817383,294.500488,0.000000
64.960007,65.208000,-1293.861938,-0.000354,0.002710,0.068832,290.059662,14.776343,0.688321,-1293.861938,294.500488,0.000000
64.970001,65.197578,-1293.906372,-0.000349,0.002710,0.068832,290.013306,14.773982,0.688321,-1293.906372,294.500488,0.000000
64.980003,65.190498,-1293.906372,-0.000354,0.002710,0.068832,289.981812,14.772378,0.688321,-1293.906372,294.500488,0.000000
64.990005,65.186775,-1293.772949,-0.000345,0.002710,0.068832,289.965271,14.771534,0.688321,-1293.772949,294.500488,0.000000
65.000000,65.203529,-1293.906372,-0.000341,0.002710,0.068840,290.039795,14.775331,0.688397,-1293.906372,294.500488,0.000000
65.010002,65.203911,-1293.861938,-0.000349,0.002710,0.068840,290.041473,14.775417,0.688397,-1293.861938,294.500488,0.000000
65.020004,65.208748,-1293.817383,-0.000341,0.002711,0.068849,290.062988,14.776513,0.688488,-1293.817383,294.500488,0.000000
65.030006,65.191994,-1293.906372,-0.000354,0.002711,0.068858,289.988464,14.772717,0.688578,-1293.906372,294.500488,0.000000
65.040001,65.197945,-1293.861938,-0.000362,0.002712,0.068874,290.014954,14.774065,0.688745,-1293.861938,294.500488,0.000000
65.050003,65.220665,-1293.906372,-0.000341,0.002712,0.068893,290.115997,14.779214,0.688927,-1293.906372,294.500488,0.000000
65.060005,65.243752,-1293.906372,-0.000358,0.002712,0.068893,290.218689,14.784445,0.688927,-1293.906372,294.500488,0.000000
65.070000,65.275780,-1293.861938,-0.000349,0.002713,0.068902,290.361176,14.791703,0.689017,-1293.861938,294.500488,0.000000
65.080002,65.299614,-1293.906372,-0.000354,0.002713,0.068902,290.467194,14.797104,0.689017,-1293.906372,294.500488,0.000000
65.090004,65.313393,-1293.817383,-0.000354,0.002713,0.068902,290.528473,14.800226,0.689017,-1293.817383,294.500488,0.000000
65.100006,65.311897,-1293.906372,-0.000349,0.002713,0.068902,290.521820,14.799888,0.689017,-1293.906372,294.500488,0.000000
65.110001,65.315620,-1293.861938,-0.000349,0.002713,0.068902,290.538391,14.800731,0.689017,-1293.861938,294.500488,0.000000
65.120003,65.316368,-1293.861938,-0.000328,0.002713,0.068902,290.541718,14.800900,0.689017,-1293.861938,294.500488,0.000000
65.130005,65.334236,-1293.861938,-0.000354,0.002713,0.068902,290.621185,14.804950,0.689017,-1293.861938,294.500488,0.000000
65.139999,65.344658,-1293.861938,-0.000349,0.002713,0.068902,290.667542,14.807311,0.689017,-1293.861938,294.500488,0.000000
65.150002,65.340569,-1293.817383,-0.000349,0.002713,0.068902,290.649353,14.806384,0.689017,-1293.817383,294.500488,0.000000
65.160004,65.346153,-1293.817383,-0.000341,0.002713,0.068902,290.674194,14.807650,0.689017,-1293.817383,294.500488,0.000000
65.170006,65.340935,-1293.772949,-0.000345,0.002713,0.068902,290.651001,14.806468,0.689017,-1293.772949,294.500488,0.000000
65.180000,65.335732,-1293.906372,-0.000341,0.002713,0.068902,290.627838,14.805288,0.689017,-1293.906372,294.500488,0.000000
65.190002,65.338707,-1293.861938,-0.000341,0.002713,0.068902,290.641083,14.805963,0.689017,-1293.861938,294.500488,0.000000
65.200005,65.337593,-1293.861938,-0.000354,0.002713,0.068902,290.636139,14.805711,0.689017,-1293.861938,294.500488,0.000000
65.210007,65.346519,-1293.861938,-0.000358,0.002713,0.068902,290.675842,14.807734,0.689017,-1293.861938,294.500488,0.000000
65.220001,65.354347,-1293.861938,-0.000345,0.002713,0.068902,290.710663,14.809507,0.689017,-1293.861938,294.500488,0.000000
65.230003,65.356209,-1293.861938,-0.000341,0.002713,0.068902,290.718933,14.809928,0.689017,-1293.861938,294.500488,0.000000
65.240005,65.335350,-1293.906372,-0.000341,0.002713,0.068902,290.626160,14.805202,0.689017,-1293.906372,294.500488,0.000000
65.250000,65.344292,-1293.906372,-0.000336,0.002713,0.068902,290.665924,14.807228,0.689017,-1293.906372,294.500488,0.000000
65.260002,65.349129,-1293.817383,-0.000349,0.002713,0.068902,290.687439,14.808324,0.689017,-1293.817383,294.500488,0.000000
65.270004,65.361794,-1293.906372,-0.000341,0.002713,0.068902,290.743774,14.811193,0.689017,-1293.906372,294.500488,0.000000
65.280006,65.356956,-1293.817383,-0.000345,0.002713,0.068902,290.722260,14.810098,0.689017,-1293.817383,294.500488,0.000000
65.290001,65.352119,-1293.817383,-0.000345,0.002713,0.068902,290.700745,14.809002,0.689017,-1293.817383,294.500488,0.000000
65.300003,65.347267,-1293.817383,-0.000349,0.002713,0.068902,290.679169,14.807902,0.689017,-1293.817383,294.500488,0.000000
65.310005,65.345406,-1293.861938,-0.000358,0.002713,0.068902,290.670868,14.807481,0.689017,-1293.861938,294.500488,0.000000
65.320000,65.355095,-1293.772949,-0.000349,0.002713,0.068902,290.713989,14.809676,0.689017,-1293.772949,294.500488,0.000000
65.330002,65.349876,-1293.950806,-0.000349,0.002713,0.068902,290.690765,14.808494,0.689017,-1293.950806,294.500488,0.000000
65.340004,65.345787,-1293.817383,-0.000345,0.002713,0.068902,290.672577,14.807567,0.689017,-1293.817383,294.500488,0.000000
65.350006,65.349129,-1293.772949,-0.000341,0.002713,0.068902,290.687439,14.808324,0.689017,-1293.772949,294.500488,0.000000
65.360001,65.360298,-1293.817383,-0.000349,0.002713,0.068902,290.737122,14.810856,0.689017,-1293.817383,294.500488,0.000000
65.370003,65.352486,-1293.861938,-0.000336,0.002713,0.068902,290.702362,14.809085,0.689017,-1293.861938,294.500488,0.000000
65.380005,65.338341,-1293.861938,-0.000332,0.002713,0.068902,290.639465,14.805880,0.689017,-1293.861938,294.500488,0.000000
65.389999,65.325294,-1293.817383,-0.000345,0.002713,0.068902,290.581421,14.802923,0.689017,-1293.817383,294.500488,0.000000
65.400002,65.338707,-1293.861938,-0.000336,0.002713,0.068902,290.641083,14.805963,0.689017,-1293.861938,294.500488,0.000000
65.410004,65.352119,-1293.906372,-0.000354,0.002713,0.068902,290.700745,14.809002,0.689017,-1293.906372,294.500488,0.000000
65.420006,65.352852,-1293.817383,-0.000349,0.002713,0.068902,290.704010,14.809168,0.689017,-1293.817383,294.500488,0.000000
65.430000,65.342064,-1293.861938,-0.000345,0.002713,0.068902,290.656006,14.806724,0.689017,-1293.861938,294.500488,0.000000
65.440002,65.337959,-1293.906372,-0.000345,0.002713,0.068902,290.637756,14.805793,0.689017,-1293.906372,294.500488,0.000000
65.450005,65.345039,-1293.861938,-0.000362,0.002713,0.068902,290.669250,14.807397,0.689017,-1293.861938,294.500488,0.000000
65.460007,65.331627,-1293.906372,-0.000341,0.002713,0.068902,290.609589,14.804358,0.689017,-1293.906372,294.500488,0.000000
65.470001,65.339073,-1293.861938,-0.000345,0.002713,0.068902,290.642700,14.806046,0.689017,-1293.861938,294.500488,0.000000
65.480003,65.338341,-1293.861938,-0.000345,0.002713,0.068902,290.639465,14.805880,0.689017,-1293.861938,294.500488,0.000000
65.490005,65.342430,-1293.861938,-0.000349,0.002713,0.068902,290.657654,14.806807,0.689017,-1293.861938,294.500488,0.000000
65.500000,65.339821,-1293.906372,-0.000341,0.002713,0.068902,290.646027,14.806215,0.689017,-1293.906372,294.500488,0.000000
65.510002,65.337212,-1293.906372,-0.000358,0.002713,0.068902,290.634430,14.805623,0.689017,-1293.906372,294.500488,0.000000
65.520004,65.318596,-1293.772949,-0.000349,0.002713,0.068902,290.551636,14.801406,0.689017,-1293.772949,294.500488,0.000000
65.530006,65.326042,-1293.861938,-0.000345,0.002713,0.068902,290.584747,14.803092,0.689017,-1293.861938,294.500488,0.000000
65.540001,65.328285,-1293.817383,-0.000349,0.002713,0.068902,290.594727,14.803600,0.689017,-1293.817383,294.500488,0.000000
65.550003,65.326042,-1293.817383,-0.000332,0.002713,0.068902,290.584747,14.803092,0.689017,-1293.817383,294.500488,0.000000
65.560005,65.333488,-1293.950806,-0.000354,0.002713,0.068902,290.617859,14.804780,0.689017,-1293.950806,294.500488,0.000000
65.570000,65.326042,-1293.861938,-0.000341,0.002713,0.068902,290.584747,14.803092,0.689017,-1293.861938,294.500488,0.000000
65.580002,65.317482,-1293.817383,-0.000349,0.002713,0.068902,290.546661,14.801153,0.689017,-1293.817383,294.500488,0.000000
65.590004,65.317482,-1293.817383,-0.000354,0.002713,0.068902,290.546661,14.801153,0.689017,-1293.817383,294.500488,0.000000
65.600006,65.315987,-1293.906372,-0.000345,0.002713,0.068902,290.540009,14.800814,0.689017,-1293.906372,294.500488,0.000000
65.610001,65.310036,-1293.906372,-0.000354,0.002713,0.068902,290.513550,14.799465,0.689017,-1293.906372,294.500488,0.000000
65.620003,65.328651,-1293.817383,-0.000345,0.002713,0.068902,290.596344,14.803684,0.689017,-1293.817383,294.500488,0.000000
65.630005,65.320457,-1293.861938,-0.000354,0.002713,0.068902,290.559906,14.801826,0.689017,-1293.861938,294.500488,0.000000
65.639999,65.316368,-1293.861938,-0.000354,0.002713,0.068902,290.541718,14.800900,0.689017,-1293.861938,294.500488,0.000000
65.650002,65.306679,-1293.861938,-0.000345,0.002713,0.068902,290.498627,14.798705,0.689017,-1293.861938,294.500488,0.000000
65.660004,65.310036,-1293.950806,-0.000358,0.002713,0.068902,290.513550,14.799465,0.689017,-1293.950806,294.500488,0.000000
65.670006,65.310402,-1293.861938,-0.000336,0.002713,0.068902,290.515167,14.799548,0.689017,-1293.861938,294.500488,0.000000
65.680000,65.308174,-1293.817383,-0.000345,0.002713,0.068902,290.505280,14.799045,0.689017,-1293.817383,294.500488,0.000000
65.690002,65.310402,-1293.817383,-0.000345,0.002713,0.068902,290.515167,14.799548,0.689017,-1293.817383,294.500488,0.000000
65.700005,65.304070,-1293.861938,-0.000332,0.002713,0.068902,290.487000,14.798114,0.689017,-1293.861938,294.500488,0.000000
65.710007,65.305565,-1293.861938,-0.000349,0.002713,0.068902,290.493652,14.798452,0.689017,-1293.861938,294.500488,0.000000
65.720001,65.305931,-1293.817383,-0.000349,0.002713,0.068902,290.495300,14.798535,0.689017,-1293.817383,294.500488,0.000000
65.730003,65.307426,-1293.950806,-0.000336,0.002713,0.068902,290.501953,14.798875,0.689017,-1293.950806,294.500488,0.000000
65.740005,65.304451,-1293.861938,-0.000336,0.002713,0.068902,290.488708,14.798200,0.689017,-1293.861938,294.500488,0.000000
65.750000,65.294762,-1293.906372,-0.000345,0.002713,0.068902,290.445618,14.796005,0.689017,-1293.906372,294.500488,0.000000
65.760002,65.294029,-1293.906372,-0.000345,0.002713,0.068902,290.442352,14.795838,0.689017,-1293.906372,294.500488,0.000000
65.770004,65.299614,-1293.817383,-0.000349,0.002713,0.068902,290.467194,14.797104,0.689017,-1293.817383,294.500488,0.000000
65.780006,65.295509,-1293.950806,-0.000341,0.002713,0.068902,290.448944,14.796174,0.689017,-1293.950806,294.500488,0.000000
65.790001,65.287315,-1293.950806,-0.000354,0.002713,0.068902,290.412476,14.794317,0.689017,-1293.950806,294.500488,0.000000
65.800003,65.291039,-1293.950806,-0.000354,0.002713,0.068902,290.429047,14.795160,0.689017,-1293.950806,294.500488,0.000000
65.810005,65.296257,-1293.861938,-0.000354,0.002713,0.068902,290.452271,14.796344,0.689017,-1293.861938,294.500488,0.000000
65.820000,65.293648,-1293.817383,-0.000354,0.002713,0.068902,290.440643,14.795753,0.689017,-1293.817383,294.500488,0.000000
65.830002,65.291786,-1293.906372,-0.000349,0.002713,0.068902,290.432373,14.795330,0.689017,-1293.906372,294.500488,0.000000
65.840004,65.275780,-1293.861938,-0.000345,0.002713,0.068902,290.361176,14.791703,0.689017,-1293.861938,294.500488,0.000000
65.850006,65.283592,-1293.861938,-0.000349,0.002713,0.068902,290.395935,14.793474,0.689017,-1293.861938,294.500488,0.000000
65.860001,65.284340,-1293.906372,-0.000362,0.002713,0.068902,290.399261,14.793643,0.689017,-1293.906372,294.500488,0.000000
65.870003,65.284340,-1293.861938,-0.000349,0.002713,0.068902,290.399261,14.793643,0.689017,-1293.861938,294.500488,0.000000
65.880005,65.275780,-1293.906372,-0.000349,0.002713,0.068902,290.361176,14.791703,0.689017,-1293.906372,294.500488,0.000000
65.889999,65.275032,-1293.861938,-0.000349,0.002713,0.068902,290.357849,14.791533,0.689017,-1293.861938,294.500488,0.000000
65.900002,65.288429,-1293.861938,-0.000349,0.002713,0.068902,290.417450,14.794570,0.689017,-1293.861938,294.500488,0.000000
65.910004,65.285454,-1293.861938,-0.000358,0.002713,0.068902,290.404205,14.793895,0.689017,-1293.861938,294.500488,0.000000
65.920006,65.275398,-1293.817383,-0.000341,0.002713,0.068902,290.359467,14.791616,0.689017,-1293.817383,294.500488,0.000000
65.930000,65.266472,-1293.906372,-0.000341,0.002713,0.068902,290.319763,14.789594,0.689017,-1293.906372,294.500488,0.000000
65.940002,65.275398,-1293.861938,-0.000341,0.002713,0.068902,290.359467,14.791616,0.689017,-1293.861938,294.500488,0.000000
65.950005,65.279503,-1293.906372,-0.000341,0.002713,0.068902,290.377716,14.792547,0.689017,-1293.906372,294.500488,0.000000
65.960007,65.269814,-1293.861938,-0.000349,0.002713,0.068902,290.334625,14.790351,0.689017,-1293.861938,294.500488,0.000000
65.970001,65.261620,-1293.817383,-0.000336,0.002713,0.068902,290.298187,14.788494,0.689017,-1293.817383,294.500488,0.000000
65.980003,65.262367,-1293.772949,-0.000349,0.002713,0.068909,290.301514,14.788664,0.689093,-1293.772949,294.500488,0.000000
65.990005,65.263481,-1293.861938,-0.000362,0.002713,0.068909,290.306458,14.788917,0.689093,-1293.861938,294.500488,0.000000
66.000000,65.257896,-1293.861938,-0.000345,0.002713,0.068909,290.281616,14.787651,0.689093,-1293.861938,294.500488,0.000000
66.010002,65.260887,-1293.861938,-0.000349,0.002713,0.068909,290.294922,14.788328,0.689093,-1293.861938,294.500488,0.000000
66.020004,65.256035,-1293.817383,-0.000345,0.002713,0.068909,290.273346,14.787229,0.689093,-1293.817383,294.500488,0.000000
66.030006,65.259392,-1293.906372,-0.000336,0.002713,0.068909,290.288269,14.787990,0.689093,-1293.906372,294.500488,0.000000
66.040001,65.263481,-1293.817383,-0.000362,0.002713,0.068909,290.306458,14.788917,0.689093,-1293.817383,294.500488,0.000000
66.050003,65.257896,-1293.817383,-0.000349,0.002713,0.068909,290.281616,14.787651,0.689093,-1293.817383,294.500488,0.000000
66.060005,65.253807,-1293.861938,-0.000341,0.002713,0.068909,290.263428,14.786724,0.689093,-1293.861938,294.500488,0.000000
66.070000,65.255302,-1293.861938,-0.000341,0.002713,0.068909,290.270081,14.787063,0.689093,-1293.861938,294.500488,0.000000
66.080002,65.258278,-1293.861938,-0.000345,0.002713,0.068909,290.283325,14.787737,0.689093,-1293.861938,294.500488,0.000000
66.090004,65.247841,-1293.817383,-0.000345,0.002713,0.068909,290.236877,14.785373,0.689093,-1293.817383,294.500488,0.000000
66.100006,65.248222,-1293.861938,-0.000341,0.002713,0.068909,290.238586,14.785459,0.689093,-1293.861938,294.500488,0.000000
66.110001,65.245979,-1293.861938,-0.000349,0.002713,0.068918,290.228607,14.784950,0.689184,-1293.861938,294.500488,0.000000
66.120003,65.255669,-1293.772949,-0.000336,0.002713,0.068918,290.271698,14.787147,0.689184,-1293.772949,294.500488,0.000000
66.130005,65.237801,-1293.906372,-0.000332,0.002713,0.068918,290.192230,14.783097,0.689184,-1293.906372,294.500488,0.000000
66.139999,65.233330,-1293.817383,-0.000341,0.002713,0.068918,290.172333,14.782084,0.689184,-1293.817383,294.500488,0.000000
66.150002,65.240776,-1293.772949,-0.000332,0.002713,0.068918,290.205475,14.783772,0.689184,-1293.772949,294.500488,0.000000
66.160004,65.249702,-1293.906372,-0.000341,0.002713,0.068918,290.245178,14.785793,0.689184,-1293.906372,294.500488,0.000000
66.170006,65.250832,-1293.861938,-0.000341,0.002713,0.068918,290.250183,14.786049,0.689184,-1293.861938,294.500488,0.000000
66.180000,65.249702,-1293.906372,-0.000328,0.002713,0.068918,290.245178,14.785793,0.689184,-1293.906372,294.500488,0.000000
66.190002,65.244118,-1293.772949,-0.000332,0.002713,0.068918,290.220337,14.784528,0.689184,-1293.772949,294.500488,0.000000
66.200005,65.244118,-1293.906372,-0.000332,0.002713,0.068918,290.220337,14.784528,0.689184,-1293.906372,294.500488,0.000000
66.210007,65.250084,-1293.861938,-0.000345,0.002714,0.068927,290.246857,14.785880,0.689275,-1293.861938,294.500488,0.000000
66.220001,65.248970,-1293.817383,-0.000349,0.002714,0.068927,290.241913,14.785628,0.689275,-1293.817383,294.500488,0.000000
66.230003,65.248222,-1293.861938,-0.000362,0.002714,0.068927,290.238586,14.785459,0.689275,-1293.861938,294.500488,0.000000
66.240005,65.257164,-1293.772949,-0.000341,0.002714,0.068927,290.278351,14.787484,0.689275,-1293.772949,294.500488,0.000000
66.250000,65.247108,-1293.906372,-0.000336,0.002714,0.068927,290.233643,14.785206,0.689275,-1293.906372,294.500488,0.000000
66.260002,65.244499,-1293.861938,-0.000345,0.002714,0.068927,290.222015,14.784615,0.689275,-1293.861938,294.500488,0.000000
66.270004,65.246727,-1293.772949,-0.000341,0.002714,0.068927,290.231934,14.785120,0.689275,-1293.772949,294.500488,0.000000
66.280006,65.236671,-1293.906372,-0.000341,0.002714,0.068927,290.187195,14.782842,0.689275,-1293.906372,294.500488,0.000000
66.290001,65.240028,-1293.861938,-0.000336,0.002714,0.068927,290.202148,14.783602,0.689275,-1293.861938,294.500488,0.000000
66.300003,65.252693,-1293.861938,-0.000341,0.002714,0.068927,290.258484,14.786471,0.689275,-1293.861938,294.500488,0.000000
66.310005,65.243752,-1293.906372,-0.000358,0.002714,0.068935,290.218689,14.784445,0.689350,-1293.906372,294.500488,0.000000
66.320000,65.239662,-1293.861938,-0.000354,0.002714,0.068935,290.200500,14.783519,0.689350,-1293.861938,294.500488,0.000000
66.330002,65.236671,-1293.861938,-0.000345,0.002714,0.068935,290.187195,14.782842,0.689350,-1293.861938,294.500488,0.000000
66.340004,65.244865,-1293.861938,-0.000349,0.002714,0.068935,290.223663,14.784698,0.689350,-1293.861938,294.500488,0.000000
66.350006,65.235558,-1293.861938,-0.000341,0.002714,0.068935,290.182251,14.782589,0.689350,-1293.861938,294.500488,0.000000
66.360001,65.235191,-1293.906372,-0.000336,0.002714,0.068935,290.180634,14.782506,0.689350,-1293.906372,294.500488,0.000000
66.370003,65.235191,-1293.817383,-0.000323,0.002714,0.068935,290.180634,14.782506,0.689350,-1293.817383,294.500488,0.000000
66.380005,65.244499,-1293.861938,-0.000341,0.002714,0.068935,290.222015,14.784615,0.689350,-1293.861938,294.500488,0.000000
66.389999,65.233330,-1293.817383,-0.000349,0.002714,0.068935,290.172333,14.782084,0.689350,-1293.817383,294.500488,0.000000
66.400002,65.238914,-1293.861938,-0.000341,0.002714,0.068935,290.197174,14.783349,0.689350,-1293.861938,294.500488,0.000000
66.410004,65.244865,-1293.861938,-0.000341,0.002714,0.068935,290.223663,14.784698,0.689350,-1293.861938,294.500488,0.000000
66.420006,65.243004,-1293.817383,-0.000336,0.002714,0.068935,290.215363,14.784276,0.689350,-1293.817383,294.500488,0.000000
66.430000,65.238167,-1293.861938,-0.000341,0.002714,0.068935,290.193848,14.783179,0.689350,-1293.861938,294.500488,0.000000
66.440002,65.250832,-1293.772949,-0.000354,0.002714,0.068935,290.250183,14.786049,0.689350,-1293.772949,294.500488,0.000000
66.450005,65.242256,-1293.906372,-0.000345,0.002714,0.068935,290.212036,14.784107,0.689350,-1293.906372,294.500488,0.000000
66.460007,65.231468,-1293.861938,-0.000341,0.002714,0.068935,290.164062,14.781662,0.689350,-1293.861938,294.500488,0.000000
66.470001,65.226616,-1293.817383,-0.000349,0.002714,0.068935,290.142487,14.780562,0.689350,-1293.817383,294.500488,0.000000
66.480003,65.229607,-1293.861938,-0.000341,0.002714,0.068944,290.155792,14.781240,0.689441,-1293.861938,294.500488,0.000000
66.490005,65.236305,-1293.728516,-0.000336,0.002714,0.068944,290.185577,14.782759,0.689441,-1293.728516,294.500488,0.000000
66.500000,65.241524,-1293.861938,-0.000349,0.002714,0.068944,290.208801,14.783940,0.689441,-1293.861938,294.500488,0.000000
66.510002,65.228477,-1293.861938,-0.000349,0.002714,0.068944,290.150757,14.780985,0.689441,-1293.861938,294.500488,0.000000
66.520004,65.229607,-1293.861938,-0.000336,0.002714,0.068944,290.155792,14.781240,0.689441,-1293.861938,294.500488,0.000000
66.530006,65.234810,-1293.861938,-0.000345,0.002714,0.068944,290.178925,14.782419,0.689441,-1293.861938,294.500488,0.000000
66.540001,65.235191,-1293.817383,-0.000345,0.002714,0.068944,290.180634,14.782506,0.689441,-1293.817383,294.500488,0.000000
66.550003,65.231468,-1293.906372,-0.000336,0.002714,0.068944,290.164062,14.781662,0.689441,-1293.906372,294.500488,0.000000
66.560005,65.228859,-1293.861938,-0.000345,0.002714,0.068944,290.152466,14.781071,0.689441,-1293.861938,294.500488,0.000000
66.570000,65.238914,-1293.817383,-0.000345,0.002714,0.068944,290.197174,14.783349,0.689441,-1293.817383,294.500488,0.000000
66.580002,65.230721,-1293.906372,-0.000341,0.002714,0.068944,290.160736,14.781493,0.689441,-1293.906372,294.500488,0.000000
66.590004,65.225883,-1293.861938,-0.000349,0.002714,0.068944,290.139221,14.780396,0.689441,-1293.861938,294.500488,0.000000
66.600006,65.212105,-1293.906372,-0.000345,0.002714,0.068944,290.077942,14.777274,0.689441,-1293.906372,294.500488,0.000000
66.610001,65.212471,-1293.861938,-0.000349,0.002714,0.068944,290.079559,14.777357,0.689441,-1293.861938,294.500488,0.000000
66.620003,65.217308,-1293.772949,-0.000332,0.002714,0.068944,290.101074,14.778454,0.689441,-1293.772949,294.500488,0.000000
66.630005,65.224022,-1293.906372,-0.000336,0.002714,0.068944,290.130951,14.779975,0.689441,-1293.906372,294.500488,0.000000
66.639999,65.227745,-1293.861938,-0.000336,0.002714,0.068944,290.147491,14.780818,0.689441,-1293.861938,294.500488,0.000000
66.650002,65.218437,-1293.906372,-0.000328,0.002714,0.068944,290.106110,14.778709,0.689441,-1293.906372,294.500488,0.000000
66.660004,65.225502,-1293.861938,-0.000349,0.002714,0.068944,290.137512,14.780310,0.689441,-1293.861938,294.500488,0.000000
66.670006,65.221413,-1293.861938,-0.000341,0.002714,0.068944,290.119324,14.779383,0.689441,-1293.861938,294.500488,0.000000
66.680000,65.221779,-1293.906372,-0.000336,0.002714,0.068944,290.120972,14.779467,0.689441,-1293.906372,294.500488,0.000000
66.690002,65.212471,-1293.817383,-0.000349,0.002714,0.068944,290.079559,14.777357,0.689441,-1293.817383,294.500488,0.000000
66.700005,65.214333,-1293.817383,-0.000341,0.002714,0.068944,290.087830,14.777779,0.689441,-1293.817383,294.500488,0.000000
66.710007,65.215446,-1293.861938,-0.000336,0.002714,0.068944,290.092804,14.778031,0.689441,-1293.861938,294.500488,0.000000
66.720001,65.216942,-1293.817383,-0.000349,0.002714,0.068944,290.099457,14.778370,0.689441,-1293.817383,294.500488,0.000000
66.730003,65.212105,-1293.906372,-0.000345,0.002714,0.068944,290.077942,14.777274,0.689441,-1293.906372,294.500488,0.000000
66.740005,65.205772,-1293.817383,-0.000354,0.002714,0.068944,290.049774,14.775839,0.689441,-1293.817383,294.500488,0.000000
66.750000,65.205772,-1293.861938,-0.000345,0.002714,0.068944,290.049774,14.775839,0.689441,-1293.861938,294.500488,0.000000
66.760002,65.205391,-1293.817383,-0.000345,0.002714,0.068944,290.048065,14.775753,0.689441,-1293.817383,294.500488,0.000000
66.770004,65.210609,-1293.772949,-0.000341,0.002714,0.068944,290.071289,14.776936,0.689441,-1293.772949,294.500488,0.000000
66.780006,65.207253,-1293.906372,-0.000332,0.002714,0.068944,290.056335,14.776175,0.689441,-1293.906372,294.500488,0.000000
66.790001,65.213219,-1293.817383,-0.000345,0.002714,0.068944,290.082886,14.777527,0.689441,-1293.817383,294.500488,0.000000
66.800003,65.204659,-1293.906372,-0.000341,0.002714,0.068944,290.044800,14.775586,0.689441,-1293.906372,294.500488,0.000000
66.810005,65.205025,-1293.906372,-0.000341,0.002714,0.068944,290.046448,14.775670,0.689441,-1293.906372,294.500488,0.000000
66.820000,65.198326,-1293.906372,-0.000332,0.002714,0.068944,290.016632,14.774152,0.689441,-1293.906372,294.500488,0.000000
66.830002,65.192360,-1293.950806,-0.000345,0.002714,0.068944,289.990112,14.772799,0.689441,-1293.950806,294.500488,0.000000
66.840004,65.197212,-1293.861938,-0.000332,0.002714,0.068944,290.011688,14.773900,0.689441,-1293.861938,294.500488,0.000000
66.850006,65.205025,-1293.906372,-0.000345,0.002714,0.068944,290.046448,14.775670,0.689441,-1293.906372,294.500488,0.000000
66.860001,65.193474,-1293.861938,-0.000341,0.002714,0.068944,289.995056,14.773052,0.689441,-1293.861938,294.500488,0.000000
66.870003,65.181190,-1293.817383,-0.000336,0.002714,0.068944,289.940430,14.770268,0.689441,-1293.817383,294.500488,0.000000
66.880005,65.186775,-1293.906372,-0.000328,0.002715,0.068953,289.965271,14.771534,0.689532,-1293.906372,294.500488,0.000000
66.889999,65.194221,-1293.906372,-0.000354,0.002715,0.068953,289.998383,14.773222,0.689532,-1293.906372,294.500488,0.000000
66.900002,65.194221,-1293.906372,-0.000323,0.002715,0.068953,289.998383,14.773222,0.689532,-1293.906372,294.500488,0.000000
66.910004,65.186409,-1293.772949,-0.000349,0.002715,0.068962,289.963623,14.771451,0.689623,-1293.772949,294.500488,0.000000
66.920006,65.192741,-1293.817383,-0.000332,0.002715,0.068962,289.991791,14.772886,0.689623,-1293.817383,294.500488,0.000000
66.930000,65.193855,-1293.950806,-0.000341,0.002715,0.068962,289.996765,14.773139,0.689623,-1293.950806,294.500488,0.000000
66.940002,65.198326,-1293.817383,-0.000336,0.002715,0.068970,290.016632,14.774152,0.689699,-1293.817383,294.500488,0.000000
66.950005,65.187523,-1293.861938,-0.000336,0.002716,0.068979,289.968597,14.771704,0.689790,-1293.861938,294.500488,0.000000
66.960007,65.186775,-1293.817383,-0.000341,0.002716,0.068979,289.965271,14.771534,0.689790,-1293.817383,294.500488,0.000000
66.970001,65.198692,-1293.817383,-0.000332,0.002716,0.068988,290.018280,14.774235,0.689880,-1293.817383,294.500488,0.000000
66.980003,65.206886,-1293.861938,-0.000332,0.002716,0.068997,290.054718,14.776092,0.689971,-1293.861938,294.500488,0.000000
66.990005,65.223274,-1293.817383,-0.000341,0.002716,0.068997,290.127625,14.779805,0.689971,-1293.817383,294.500488,0.000000
67.000000,65.234810,-1293.906372,-0.000332,0.002716,0.068997,290.178925,14.782419,0.689971,-1293.906372,294.500488,0.000000
67.010002,65.238533,-1293.817383,-0.000349,0.002717,0.069005,290.195496,14.783262,0.690047,-1293.817383,294.500488,0.000000
67.020004,65.247108,-1293.861938,-0.000345,0.002717,0.069005,290.233643,14.785206,0.690047,-1293.861938,294.500488,0.000000
67.030006,65.255302,-1293.906372,-0.000349,0.002717,0.069005,290.270081,14.787063,0.690047,-1293.906372,294.500488,0.000000
67.040001,65.258278,-1293.817383,-0.000345,0.002717,0.069005,290.283325,14.787737,0.690047,-1293.817383,294.500488,0.000000
67.050003,65.262749,-1293.950806,-0.000349,0.002717,0.069005,290.303192,14.788750,0.690047,-1293.950806,294.500488,0.000000
67.060005,65.267586,-1293.861938,-0.000349,0.002717,0.069005,290.324707,14.789846,0.690047,-1293.861938,294.500488,0.000000
67.070000,65.272057,-1293.817383,-0.000332,0.002717,0.069005,290.344604,14.790859,0.690047,-1293.817383,294.500488,0.000000
67.080002,65.267952,-1293.861938,-0.000341,0.002717,0.069005,290.326355,14.789929,0.690047,-1293.861938,294.500488,0.000000
67.090004,65.264977,-1293.728516,-0.000332,0.002717,0.069005,290.313110,14.789255,0.690047,-1293.728516,294.500488,0.000000
67.100006,65.270195,-1293.906372,-0.000336,0.002717,0.069005,290.336334,14.790438,0.690047,-1293.906372,294.500488,0.000000
67.110001,65.279503,-1293.861938,-0.000345,0.002717,0.069005,290.377716,14.792547,0.690047,-1293.861938,294.500488,0.000000
67.120003,65.284706,-1293.861938,-0.000345,0.002717,0.069005,290.400879,14.793726,0.690047,-1293.861938,294.500488,0.000000
67.130005,65.275032,-1293.861938,-0.000341,0.002717,0.069005,290.357849,14.791533,0.690047,-1293.861938,294.500488,0.000000
67.139999,65.273170,-1293.861938,-0.000341,0.002717,0.069005,290.349548,14.791112,0.690047,-1293.861938,294.500488,0.000000
67.150002,65.272789,-1293.861938,-0.000332,0.002717,0.069005,290.347870,14.791025,0.690047,-1293.861938,294.500488,0.000000
67.160004,65.276146,-1293.861938,-0.000354,0.002717,0.069005,290.362793,14.791786,0.690047,-1293.861938,294.500488,0.000000
67.170006,65.277260,-1293.817383,-0.000328,0.002717,0.069005,290.367767,14.792039,0.690047,-1293.817383,294.500488,0.000000
67.180000,65.270561,-1293.906372,-0.000341,0.002717,0.069005,290.337952,14.790521,0.690047,-1293.906372,294.500488,0.000000
67.190002,65.282845,-1293.861938,-0.000336,0.002717,0.069005,290.392609,14.793304,0.690047,-1293.861938,294.500488,0.000000
67.200005,65.272789,-1293.861938,-0.000336,0.002717,0.069005,290.347870,14.791025,0.690047,-1293.861938,294.500488,0.000000
67.210007,65.278008,-1293.817383,-0.000345,0.002717,0.069005,290.371094,14.792209,0.690047,-1293.817383,294.500488,0.000000
67.220001,65.270927,-1293.861938,-0.000341,0.002717,0.069005,290.339600,14.790604,0.690047,-1293.861938,294.500488,0.000000
67.230003,65.272057,-1293.950806,-0.000349,0.002717,0.069005,290.344604,14.790859,0.690047,-1293.950806,294.500488,0.000000
67.240005,65.276146,-1293.817383,-0.000336,0.002717,0.069005,290.362793,14.791786,0.690047,-1293.817383,294.500488,0.000000
67.250000,65.275398,-1293.906372,-0.000341,0.002717,0.069005,290.359467,14.791616,0.690047,-1293.906372,294.500488,0.000000
67.260002,65.270927,-1293.861938,-0.000349,0.002717,0.069005,290.339600,14.790604,0.690047,-1293.861938,294.500488,0.000000
67.270004,65.271675,-1293.817383,-0.000323,0.002717,0.069005,290.342926,14.790773,0.690047,-1293.817383,294.500488,0.000000
67.280006,65.281364,-1293.906372,-0.000341,0.002717,0.069005,290.386017,14.792969,0.690047,-1293.906372,294.500488,0.000000
67.290001,65.284340,-1293.817383,-0.000328,0.002717,0.069005,290.399261,14.793643,0.690047,-1293.817383,294.500488,0.000000
67.300003,65.283226,-1293.906372,-0.000341,0.002717,0.069005,290.394287,14.793390,0.690047,-1293.906372,294.500488,0.000000
67.310005,65.275032,-1293.817383,-0.000345,0.002717,0.069005,290.357849,14.791533,0.690047,-1293.817383,294.500488,0.000000
67.320000,65.265724,-1293.817383,-0.000341,0.002717,0.069005,290.316437,14.789425,0.690047,-1293.817383,294.500488,0.000000
67.330002,65.272423,-1293.906372,-0.000336,0.002717,0.069005,290.346252,14.790943,0.690047,-1293.906372,294.500488,0.000000
67.340004,65.282112,-1293.906372,-0.000349,0.002717,0.069005,290.389343,14.793138,0.690047,-1293.906372,294.500488,0.000000
67.350006,65.269447,-1293.906372,-0.000332,0.002717,0.069005,290.333008,14.790268,0.690047,-1293.906372,294.500488,0.000000
67.360001,65.265343,-1293.861938,-0.000341,0.002717,0.069005,290.314758,14.789338,0.690047,-1293.861938,294.500488,0.000000
67.370003,65.261620,-1293.861938,-0.000336,0.002717,0.069005,290.298187,14.788494,0.690047,-1293.861938,294.500488,0.000000
67.380005,65.269447,-1293.906372,-0.000336,0.002717,0.069005,290.333008,14.790268,0.690047,-1293.906372,294.500488,0.000000
67.389999,65.270561,-1293.817383,-0.000341,0.002717,0.069005,290.337952,14.790521,0.690047,-1293.817383,294.500488,0.000000
67.400002,65.270195,-1293.861938,-0.000354,0.002717,0.069005,290.336334,14.790438,0.690047,-1293.861938,294.500488,0.000000
67.410004,65.270927,-1293.861938,-0.000332,0.002717,0.069005,290.339600,14.790604,0.690047,-1293.861938,294.500488,0.000000
67.420006,65.266838,-1293.817383,-0.000336,0.002717,0.069005,290.321381,14.789678,0.690047,-1293.817383,294.500488,0.000000
67.430000,65.269447,-1293.861938,-0.000345,0.002717,0.069005,290.333008,14.790268,0.690047,-1293.861938,294.500488,0.000000
67.440002,65.259758,-1293.772949,-0.000349,0.002717,0.069005,290.289886,14.788073,0.690047,-1293.772949,294.500488,0.000000
67.450005,65.263481,-1293.817383,-0.000332,0.002717,0.069005,290.306458,14.788917,0.690047,-1293.817383,294.500488,0.000000
67.460007,65.262749,-1293.861938,-0.000336,0.002717,0.069005,290.303192,14.788750,0.690047,-1293.861938,294.500488,0.000000
67.470001,65.262367,-1293.817383,-0.000332,0.002717,0.069005,290.301514,14.788664,0.690047,-1293.817383,294.500488,0.000000
67.480003,65.270561,-1293.906372,-0.000341,0.002717,0.069005,290.337952,14.790521,0.690047,-1293.906372,294.500488,0.000000
67.490005,65.273918,-1293.817383,-0.000349,0.002717,0.069005,290.352875,14.791282,0.690047,-1293.817383,294.500488,0.000000
67.500000,65.259392,-1293.906372,-0.000345,0.002717,0.069005,290.288269,14.787990,0.690047,-1293.906372,294.500488,0.000000
67.510002,65.254555,-1293.817383,-0.000336,0.002717,0.069005,290.266754,14.786894,0.690047,-1293.817383,294.500488,0.000000
67.520004,65.259026,-1293.817383,-0.000341,0.002717,0.069005,290.286652,14.787907,0.690047,-1293.817383,294.500488,0.000000
67.530006,65.260887,-1293.906372,-0.000341,0.002717,0.069005,290.294922,14.788328,0.690047,-1293.906372,294.500488,0.000000
67.540001,65.268333,-1293.861938,-0.000328,0.002717,0.069005,290.328033,14.790016,0.690047,-1293.861938,294.500488,0.000000
67.550003,65.263115,-1293.861938,-0.000332,0.002717,0.069005,290.304840,14.788833,0.690047,-1293.861938,294.500488,0.000000
67.560005,65.253426,-1293.861938,-0.000332,0.002717,0.069005,290.261719,14.786638,0.690047,-1293.861938,294.500488,0.000000
67.570000,65.256783,-1293.817383,-0.000332,0.002717,0.069005,290.276672,14.787398,0.690047,-1293.817383,294.500488,0.000000
67.580002,65.243752,-1293.861938,-0.000341,0.002717,0.069005,290.218689,14.784445,0.690047,-1293.861938,294.500488,0.000000
67.590004,65.236671,-1293.861938,-0.000336,0.002717,0.069005,290.187195,14.782842,0.690047,-1293.861938,294.500488,0.000000
67.600006,65.231834,-1293.906372,-0.000328,0.002717,0.069005,290.165680,14.781745,0.690047,-1293.906372,294.500488,0.000000
67.610001,65.247108,-1293.906372,-0.000332,0.002717,0.069005,290.233643,14.785206,0.690047,-1293.906372,294.500488,0.000000
67.620003,65.255302,-1293.906372,-0.000323,0.002717,0.069005,290.270081,14.787063,0.690047,-1293.906372,294.500488,0.000000
67.630005,65.240028,-1293.950806,-0.000341,0.002717,0.069005,290.202148,14.783602,0.690047,-1293.950806,294.500488,0.000000
67.640007,65.241890,-1293.861938,-0.000332,0.002717,0.069005,290.210419,14.784024,0.690047,-1293.861938,294.500488,0.000000
67.650002,65.235558,-1293.817383,-0.000336,0.002717,0.069005,290.182251,14.782589,0.690047,-1293.817383,294.500488,0.000000
67.660004,65.234444,-1293.861938,-0.000345,0.002717,0.069005,290.177307,14.782336,0.690047,-1293.861938,294.500488,0.000000
67.670006,65.231087,-1293.772949,-0.000328,0.002717,0.069005,290.162354,14.781575,0.690047,-1293.772949,294.500488,0.000000
67.680000,65.234062,-1293.861938,-0.000336,0.002717,0.069005,290.175598,14.782249,0.690047,-1293.861938,294.500488,0.000000
67.690002,65.228111,-1293.861938,-0.000332,0.002717,0.069005,290.149139,14.780901,0.690047,-1293.861938,294.500488,0.000000
67.700005,65.228111,-1293.861938,-0.000341,0.002717,0.069005,290.149139,14.780901,0.690047,-1293.861938,294.500488,0.000000
67.710007,65.227745,-1293.861938,-0.000341,0.002717,0.069005,290.147491,14.780818,0.690047,-1293.861938,294.500488,0.000000
67.720001,65.218803,-1293.817383,-0.000345,0.002717,0.069005,290.107727,14.778792,0.690047,-1293.817383,294.500488,0.000000
67.730003,65.209114,-1293.906372,-0.000345,0.002717,0.069005,290.064636,14.776596,0.690047,-1293.906372,294.500488,0.000000
67.740005,65.221779,-1293.817383,-0.000336,0.002717,0.069005,290.120972,14.779467,0.690047,-1293.817383,294.500488,0.000000
67.750000,65.229225,-1293.906372,-0.000341,0.002717,0.069005,290.154083,14.781154,0.690047,-1293.906372,294.500488,0.000000
67.760002,65.233330,-1293.906372,-0.000336,0.002717,0.069005,290.172333,14.782084,0.690047,-1293.906372,294.500488,0.000000
67.770004,65.223640,-1293.817383,-0.000345,0.002717,0.069005,290.129242,14.779888,0.690047,-1293.817383,294.500488,0.000000
67.780006,65.210609,-1293.861938,-0.000341,0.002717,0.069005,290.071289,14.776936,0.690047,-1293.861938,294.500488,0.000000
67.790001,65.213219,-1293.817383,-0.000319,0.002717,0.069005,290.082886,14.777527,0.690047,-1293.817383,294.500488,0.000000
67.800003,65.223640,-1293.906372,-0.000341,0.002717,0.069005,290.129242,14.779888,0.690047,-1293.906372,294.500488,0.000000
67.810005,65.212105,-1293.861938,-0.000332,0.002717,0.069014,290.077942,14.777274,0.690138,-1293.861938,294.500488,0.000000
67.820000,65.202049,-1293.817383,-0.000336,0.002717,0.069014,290.033203,14.774996,0.690138,-1293.817383,294.500488,0.000000
67.830002,65.203911,-1293.817383,-0.000349,0.002717,0.069014,290.041473,14.775417,0.690138,-1293.817383,294.500488,0.000000
67.840004,65.211723,-1293.772949,-0.000336,0.002717,0.069014,290.076233,14.777188,0.690138,-1293.772949,294.500488,0.000000
67.850006,65.207253,-1293.906372,-0.000332,0.002717,0.069014,290.056335,14.776175,0.690138,-1293.906372,294.500488,0.000000
67.860001,65.205772,-1293.772949,-0.000332,0.002717,0.069014,290.049774,14.775839,0.690138,-1293.772949,294.500488,0.000000
67.870003,65.195717,-1293.861938,-0.000332,0.002717,0.069014,290.005035,14.773561,0.690138,-1293.861938,294.500488,0.000000
67.880005,65.198692,-1293.906372,-0.000336,0.002717,0.069014,290.018280,14.774235,0.690138,-1293.906372,294.500488,0.000000
67.890007,65.199806,-1293.861938,-0.000349,0.002717,0.069014,290.023224,14.774487,0.690138,-1293.861938,294.500488,0.000000
67.900002,65.205025,-1293.906372,-0.000349,0.002717,0.069014,290.046448,14.775670,0.690138,-1293.906372,294.500488,0.000000
67.910004,65.201668,-1293.861938,-0.000336,0.002717,0.069014,290.031494,14.774909,0.690138,-1293.861938,294.500488,0.000000
67.920006,65.197945,-1293.861938,-0.000323,0.002717,0.069014,290.014954,14.774065,0.690138,-1293.861938,294.500488,0.000000
67.930000,65.191994,-1293.861938,-0.000332,0.002717,0.069014,289.988464,14.772717,0.690138,-1293.861938,294.500488,0.000000
67.940002,65.196831,-1293.861938,-0.000336,0.002717,0.069014,290.009979,14.773812,0.690138,-1293.861938,294.500488,0.000000
67.950005,65.191994,-1293.906372,-0.000332,0.002717,0.069014,289.988464,14.772717,0.690138,-1293.906372,294.500488,0.000000
67.960007,65.189384,-1293.861938,-0.000341,0.002717,0.069023,289.976868,14.772126,0.690229,-1293.861938,294.500488,0.000000
67.970001,65.187889,-1293.817383,-0.000319,0.002717,0.069023,289.970215,14.771787,0.690229,-1293.817383,294.500488,0.000000
67.980003,65.191994,-1293.861938,-0.000345,0.002717,0.069023,289.988464,14.772717,0.690229,-1293.861938,294.500488,0.000000
67.990005,65.189384,-1293.817383,-0.000332,0.002717,0.069023,289.976868,14.772126,0.690229,-1293.817383,294.500488,0.000000
68.000000,65.185295,-1293.906372,-0.000341,0.002717,0.069023,289.958679,14.771199,0.690229,-1293.906372,294.500488,0.000000
68.010002,65.176353,-1293.906372,-0.000349,0.002717,0.069023,289.918915,14.769173,0.690229,-1293.906372,294.500488,0.000000
68.020004,65.185661,-1293.906372,-0.000323,0.002717,0.069023,289.960297,14.771281,0.690229,-1293.906372,294.500488,0.000000
68.030006,65.196831,-1293.950806,-0.000341,0.002717,0.069023,290.009979,14.773812,0.690229,-1293.950806,294.500488,0.000000
68.040001,65.192360,-1293.817383,-0.000341,0.002717,0.069023,289.990112,14.772799,0.690229,-1293.817383,294.500488,0.000000
68.050003,65.171516,-1293.950806,-0.000345,0.002717,0.069023,289.897369,14.768077,0.690229,-1293.950806,294.500488,0.000000
68.060005,65.183052,-1293.817383,-0.000336,0.002717,0.069023,289.948700,14.770691,0.690229,-1293.817383,294.500488,0.000000
68.070000,65.189384,-1293.861938,-0.000341,0.002717,0.069023,289.976868,14.772126,0.690229,-1293.861938,294.500488,0.000000
68.080002,65.189751,-1293.861938,-0.000345,0.002717,0.069023,289.978485,14.772208,0.690229,-1293.861938,294.500488,0.000000
68.090004,65.188271,-1293.861938,-0.000341,0.002717,0.069023,289.971924,14.771873,0.690229,-1293.861938,294.500488,0.000000
68.100006,65.187157,-1293.906372,-0.000323,0.002717,0.069023,289.966949,14.771621,0.690229,-1293.906372,294.500488,0.000000
68.110001,65.184547,-1293.861938,-0.000349,0.002717,0.069023,289.955353,14.771029,0.690229,-1293.861938,294.500488,0.000000
68.120003,65.182686,-1293.772949,-0.000349,0.002717,0.069023,289.947083,14.770608,0.690229,-1293.772949,294.500488,0.000000
68.130005,65.170769,-1293.906372,-0.000328,0.002717,0.069023,289.894043,14.767907,0.690229,-1293.906372,294.500488,0.000000
68.140007,65.173744,-1293.817383,-0.000332,0.002717,0.069023,289.907288,14.768581,0.690229,-1293.817383,294.500488,0.000000
68.150002,65.178963,-1293.861938,-0.000336,0.002717,0.069023,289.930511,14.769765,0.690229,-1293.861938,294.500488,0.000000
68.160004,65.184547,-1293.861938,-0.000332,0.002717,0.069023,289.955353,14.771029,0.690229,-1293.861938,294.500488,0.000000
68.170006,65.176353,-1293.817383,-0.000328,0.002717,0.069023,289.918915,14.769173,0.690229,-1293.817383,294.500488,0.000000
68.180000,65.157738,-1293.906372,-0.000332,0.002717,0.069023,289.836090,14.764955,0.690229,-1293.906372,294.500488,0.000000
68.190002,65.158104,-1293.817383,-0.000336,0.002717,0.069023,289.837708,14.765038,0.690229,-1293.817383,294.500488,0.000000
68.200005,65.158485,-1293.906372,-0.000345,0.002717,0.069023,289.839417,14.765123,0.690229,-1293.906372,294.500488,0.000000
68.210007,65.168526,-1293.950806,-0.000345,0.002717,0.069023,289.884094,14.767399,0.690229,-1293.950806,294.500488,0.000000
68.220001,65.156990,-1293.906372,-0.000336,0.002717,0.069023,289.832764,14.764785,0.690229,-1293.906372,294.500488,0.000000
68.230003,65.149544,-1293.861938,-0.000349,0.002717,0.069023,289.799652,14.763098,0.690229,-1293.861938,294.500488,0.000000
68.240005,65.148048,-1293.817383,-0.000341,0.002717,0.069023,289.792999,14.762759,0.690229,-1293.817383,294.500488,0.000000
68.250000,65.148048,-1293.906372,-0.000328,0.002717,0.069023,289.792999,14.762759,0.690229,-1293.906372,294.500488,0.000000
68.260002,65.133904,-1293.861938,-0.000345,0.002718,0.069030,289.730072,14.759553,0.690304,-1293.861938,294.500488,0.000000
68.270004,65.130547,-1293.861938,-0.000349,0.002718,0.069040,289.715149,14.758793,0.690395,-1293.861938,294.500488,0.000000
68.280006,65.126457,-1293.861938,-0.000332,0.002719,0.069058,289.696960,14.757866,0.690577,-1293.861938,294.500488,0.000000
68.290001,65.144325,-1293.817383,-0.000341,0.002719,0.069074,289.776428,14.761915,0.690743,-1293.817383,294.500488,0.000000
68.300003,65.171883,-1293.950806,-0.000336,0.002719,0.069074,289.899017,14.768160,0.690743,-1293.950806,294.500488,0.000000
68.310005,65.183052,-1293.906372,-0.000345,0.002719,0.069074,289.948700,14.770691,0.690743,-1293.906372,294.500488,0.000000
68.320000,65.194969,-1293.906372,-0.000336,0.002719,0.069074,290.001709,14.773392,0.690743,-1293.906372,294.500488,0.000000
68.330002,65.205772,-1293.950806,-0.000336,0.002719,0.069074,290.049774,14.775839,0.690743,-1293.950806,294.500488,0.000000
68.340004,65.216194,-1293.817383,-0.000349,0.002719,0.069074,290.096130,14.778201,0.690743,-1293.817383,294.500488,0.000000
68.350006,65.219170,-1293.950806,-0.000336,0.002719,0.069074,290.109344,14.778874,0.690743,-1293.950806,294.500488,0.000000
68.360001,65.229225,-1293.906372,-0.000336,0.002719,0.069074,290.154083,14.781154,0.690743,-1293.906372,294.500488,0.000000
68.370003,65.227364,-1293.817383,-0.000332,0.002719,0.069074,290.145813,14.780732,0.690743,-1293.817383,294.500488,0.000000
68.380005,65.230721,-1293.906372,-0.000345,0.002719,0.069074,290.160736,14.781493,0.690743,-1293.906372,294.500488,0.000000
68.390007,65.235191,-1293.772949,-0.000341,0.002719,0.069074,290.180634,14.782506,0.690743,-1293.772949,294.500488,0.000000
68.400002,65.235558,-1293.950806,-0.000332,0.002719,0.069074,290.182251,14.782589,0.690743,-1293.950806,294.500488,0.000000
68.410004,65.238914,-1293.906372,-0.000328,0.002719,0.069074,290.197174,14.783349,0.690743,-1293.906372,294.500488,0.000000
68.420006,65.244118,-1293.950806,-0.000332,0.002719,0.069074,290.220337,14.784528,0.690743,-1293.950806,294.500488,0.000000
68.430000,65.243385,-1293.950806,-0.000349,0.002719,0.069074,290.217072,14.784363,0.690743,-1293.950806,294.500488,0.000000
68.440002,65.242256,-1293.772949,-0.000336,0.002719,0.069074,290.212036,14.784107,0.690743,-1293.772949,294.500488,0.000000
68.450005,65.237053,-1293.906372,-0.000332,0.002719,0.069074,290.188904,14.782928,0.690743,-1293.906372,294.500488,0.000000
68.460007,65.236305,-1293.861938,-0.000349,0.002719,0.069074,290.185577,14.782759,0.690743,-1293.861938,294.500488,0.000000
68.470001,65.245613,-1293.906372,-0.000328,0.002719,0.069074,290.226990,14.784867,0.690743,-1293.906372,294.500488,0.000000
68.480003,65.240776,-1293.906372,-0.000341,0.002719,0.069074,290.205475,14.783772,0.690743,-1293.906372,294.500488,0.000000
68.490005,65.247475,-1293.817383,-0.000345,0.002719,0.069074,290.235260,14.785289,0.690743,-1293.817383,294.500488,0.000000
68.500000,65.244499,-1293.906372,-0.000345,0.002719,0.069074,290.222015,14.784615,0.690743,-1293.906372,294.500488,0.000000
68.510002,65.238914,-1293.817383,-0.000341,0.002719,0.069074,290.197174,14.783349,0.690743,-1293.817383,294.500488,0.000000
68.520004,65.249336,-1293.861938,-0.000336,0.002719,0.069074,290.243530,14.785711,0.690743,-1293.861938,294.500488,0.000000
68.530006,65.238167,-1293.906372,-0.000332,0.002719,0.069074,290.193848,14.783179,0.690743,-1293.906372,294.500488,0.000000
68.540001,65.239662,-1293.817383,-0.000336,0.002719,0.069074,290.200500,14.783519,0.690743,-1293.817383,294.500488,0.000000
68.550003,65.247475,-1293.950806,-0.000328,0.002719,0.069074,290.235260,14.785289,0.690743,-1293.950806,294.500488,0.000000
68.560005,65.248222,-1293.861938,-0.000349,0.002719,0.069074,290.238586,14.785459,0.690743,-1293.861938,294.500488,0.000000
68.570000,65.245247,-1293.861938,-0.000336,0.002719,0.069074,290.225342,14.784784,0.690743,-1293.861938,294.500488,0.000000
68.580002,65.235558,-1293.906372,-0.000332,0.002719,0.069074,290.182251,14.782589,0.690743,-1293.906372,294.500488,0.000000
68.590004,65.242256,-1293.906372,-0.000332,0.002719,0.069074,290.212036,14.784107,0.690743,-1293.906372,294.500488,0.000000
68.600006,65.244499,-1293.906372,-0.000349,0.002719,0.069074,290.222015,14.784615,0.690743,-1293.906372,294.500488,0.000000
68.610001,65.246361,-1293.906372,-0.000332,0.002719,0.069074,290.230316,14.785036,0.690743,-1293.906372,294.500488,0.000000
68.620003,65.241142,-1293.817383,-0.000332,0.002719,0.069074,290.207092,14.783854,0.690743,-1293.817383,294.500488,0.000000
68.630005,65.233330,-1293.817383,-0.000336,0.002719,0.069074,290.172333,14.782084,0.690743,-1293.817383,294.500488,0.000000
68.640007,65.233696,-1293.861938,-0.000328,0.002719,0.069074,290.173981,14.782166,0.690743,-1293.861938,294.500488,0.000000
68.650002,65.234810,-1293.861938,-0.000341,0.002719,0.069074,290.178925,14.782419,0.690743,-1293.861938,294.500488,0.000000
68.660004,65.232201,-1293.861938,-0.000341,0.002719,0.069074,290.167328,14.781828,0.690743,-1293.861938,294.500488,0.000000
68.670006,65.234444,-1293.861938,-0.000323,0.002719,0.069074,290.177307,14.782336,0.690743,-1293.861938,294.500488,0.000000
68.680000,65.226616,-1293.906372,-0.000341,0.002719,0.069074,290.142487,14.780562,0.690743,-1293.906372,294.500488,0.000000
68.690002,65.229607,-1293.817383,-0.000349,0.002719,0.069074,290.155792,14.781240,0.690743,-1293.817383,294.500488,0.000000
68.700005,65.234810,-1293.861938,-0.000336,0.002719,0.069074,290.178925,14.782419,0.690743,-1293.861938,294.500488,0.000000
68.710007,65.235191,-1293.861938,-0.000349,0.002719,0.069074,290.180634,14.782506,0.690743,-1293.861938,294.500488,0.000000
68.720001,65.231087,-1293.906372,-0.000341,0.002719,0.069074,290.162354,14.781575,0.690743,-1293.906372,294.500488,0.000000
68.730003,65.228477,-1293.906372,-0.000341,0.002719,0.069074,290.150757,14.780985,0.690743,-1293.906372,294.500488,0.000000
68.740005,65.233696,-1293.861938,-0.000336,0.002719,0.069074,290.173981,14.782166,0.690743,-1293.861938,294.500488,0.000000
68.750000,65.221779,-1293.906372,-0.000332,0.002719,0.069074,290.120972,14.779467,0.690743,-1293.906372,294.500488,0.000000
68.760002,65.209496,-1293.817383,-0.000332,0.002719,0.069074,290.066315,14.776683,0.690743,-1293.817383,294.500488,0.000000
68.770004,65.222160,-1293.906372,-0.000323,0.002719,0.069074,290.122650,14.779552,0.690743,-1293.906372,294.500488,0.000000
68.780006,65.214333,-1293.906372,-0.000323,0.002719,0.069074,290.087830,14.777779,0.690743,-1293.906372,294.500488,0.000000
68.790001,65.222893,-1293.861938,-0.000332,0.002719,0.069074,290.125916,14.779719,0.690743,-1293.861938,294.500488,0.000000
68.800003,65.224388,-1293.861938,-0.000332,0.002719,0.069074,290.132568,14.780058,0.690743,-1293.861938,294.500488,0.000000
68.810005,65.219170,-1293.906372,-0.000323,0.002719,0.069074,290.109344,14.778874,0.690743,-1293.906372,294.500488,0.000000
68.820000,65.206520,-1293.861938,-0.000328,0.002719,0.069074,290.053101,14.776009,0.690743,-1293.861938,294.500488,0.000000
68.830002,65.224022,-1293.906372,-0.000336,0.002719,0.069074,290.130951,14.779975,0.690743,-1293.906372,294.500488,0.000000
68.840004,65.211357,-1293.861938,-0.000336,0.002719,0.069074,290.074615,14.777104,0.690743,-1293.861938,294.500488,0.000000
68.850006,65.205772,-1293.861938,-0.000332,0.002719,0.069074,290.049774,14.775839,0.690743,-1293.861938,294.500488,0.000000
68.860001,65.208000,-1293.906372,-0.000341,0.002719,0.069074,290.059662,14.776343,0.690743,-1293.906372,294.500488,0.000000
68.870003,65.206886,-1293.817383,-0.000341,0.002719,0.069074,290.054718,14.776092,0.690743,-1293.817383,294.500488,0.000000
68.880005,65.212471,-1293.906372,-0.000323,0.002719,0.069074,290.079559,14.777357,0.690743,-1293.906372,294.500488,0.000000
68.890007,65.206139,-1293.861938,-0.000336,0.002719,0.069074,290.051392,14.775923,0.690743,-1293.861938,294.500488,0.000000
68.900002,65.200935,-1293.906372,-0.000345,0.002719,0.069074,290.028259,14.774743,0.690743,-1293.906372,294.500488,0.000000
68.910004,65.197578,-1293.817383,-0.000354,0.002719,0.069074,290.013306,14.773982,0.690743,-1293.817383,294.500488,0.000000
68.920006,65.204277,-1293.861938,-0.000332,0.002719,0.069074,290.043121,14.775500,0.690743,-1293.861938,294.500488,0.000000
68.930000,65.197212,-1293.950806,-0.000341,0.002719,0.069074,290.011688,14.773900,0.690743,-1293.950806,294.500488,0.000000
68.940002,65.193474,-1293.906372,-0.000341,0.002719,0.069074,289.995056,14.773052,0.690743,-1293.906372,294.500488,0.000000
68.950005,65.189018,-1293.950806,-0.000332,0.002719,0.069074,289.975250,14.772042,0.690743,-1293.950806,294.500488,0.000000
68.960007,65.191612,-1293.817383,-0.000341,0.002719,0.069074,289.986786,14.772631,0.690743,-1293.817383,294.500488,0.000000
68.970001,65.189751,-1293.861938,-0.000341,0.002719,0.069074,289.978485,14.772208,0.690743,-1293.861938,294.500488,0.000000
68.980003,65.196083,-1293.861938,-0.000354,0.002719,0.069074,290.006653,14.773643,0.690743,-1293.861938,294.500488,0.000000
68.990005,65.190132,-1293.817383,-0.000332,0.002719,0.069074,289.980194,14.772295,0.690743,-1293.817383,294.500488,0.000000
69.000000,65.186028,-1293.906372,-0.000323,0.002719,0.069074,289.961945,14.771365,0.690743,-1293.906372,294.500488,0.000000
69.010002,65.190498,-1293.906372,-0.000345,0.002719,0.069074,289.981812,14.772378,0.690743,-1293.906372,294.500488,0.000000
69.020004,65.197212,-1293.861938,-0.000328,0.002719,0.069074,290.011688,14.773900,0.690743,-1293.861938,294.500488,0.000000
69.030006,65.183800,-1293.861938,-0.000332,0.002720,0.069083,289.952026,14.770861,0.690834,-1293.861938,294.500488,0.000000
69.040001,65.171516,-1293.906372,-0.000332,0.002720,0.069083,289.897369,14.768077,0.690834,-1293.906372,294.500488,0.000000
69.050003,65.169655,-1293.906372,-0.000345,0.002720,0.069083,289.889099,14.767654,0.690834,-1293.906372,294.500488,0.000000
69.060005,65.171516,-1293.861938,-0.000349,0.002720,0.069092,289.897369,14.768077,0.690925,-1293.861938,294.500488,0.000000
69.070000,65.171516,-1293.861938,-0.000328,0.002720,0.069100,289.897369,14.768077,0.691001,-1293.861938,294.500488,0.000000
69.080002,65.169655,-1293.861938,-0.000332,0.002721,0.069118,289.889099,14.767654,0.691182,-1293.861938,294.500488,0.000000
69.090004,65.180443,-1293.906372,-0.000332,0.002722,0.069135,289.937103,14.770100,0.691349,-1293.906372,294.500488,0.000000
69.100006,65.189751,-1293.995361,-0.000341,0.002723,0.069153,289.978485,14.772208,0.691531,-1293.995361,294.500488,0.000000
69.110001,65.231087,-1293.817383,-0.000345,0.002723,0.069161,290.162354,14.781575,0.691606,-1293.817383,294.500488,0.000000
69.120003,65.266090,-1293.861938,-0.000328,0.002723,0.069161,290.318085,14.789508,0.691606,-1293.861938,294.500488,0.000000
69.130005,65.283974,-1293.995361,-0.000354,0.002723,0.069161,290.397614,14.793560,0.691606,-1293.995361,294.500488,0.000000
69.140007,65.301094,-1293.772949,-0.000336,0.002723,0.069161,290.473785,14.797440,0.691606,-1293.772949,294.500488,0.000000
69.150002,65.316734,-1293.950806,-0.000332,0.002723,0.069161,290.543335,14.800983,0.691606,-1293.950806,294.500488,0.000000
69.160004,65.315987,-1293.906372,-0.000341,0.002723,0.069161,290.540009,14.800814,0.691606,-1293.906372,294.500488,0.000000
69.170006,65.309654,-1293.906372,-0.000328,0.002723,0.069161,290.511841,14.799379,0.691606,-1293.906372,294.500488,0.000000
69.180000,65.323433,-1293.906372,-0.000336,0.002723,0.069161,290.573151,14.802502,0.691606,-1293.906372,294.500488,0.000000
69.190002,65.327156,-1293.772949,-0.000332,0.002723,0.069161,290.589691,14.803345,0.691606,-1293.772949,294.500488,0.000000
69.200005,65.328285,-1293.861938,-0.000323,0.002723,0.069161,290.594727,14.803600,0.691606,-1293.861938,294.500488,0.000000
69.210007,65.336479,-1293.817383,-0.000354,0.002723,0.069161,290.631165,14.805458,0.691606,-1293.817383,294.500488,0.000000
69.220001,65.333488,-1293.861938,-0.000323,0.002723,0.069161,290.617859,14.804780,0.691606,-1293.861938,294.500488,0.000000
69.230003,65.339821,-1293.906372,-0.000332,0.002723,0.069161,290.646027,14.806215,0.691606,-1293.906372,294.500488,0.000000
69.240005,65.348381,-1293.861938,-0.000328,0.002723,0.069161,290.684113,14.808154,0.691606,-1293.861938,294.500488,0.000000
69.250000,65.343178,-1293.906372,-0.000336,0.002723,0.069161,290.660980,14.806976,0.691606,-1293.906372,294.500488,0.000000
69.260002,65.339821,-1293.817383,-0.000341,0.002723,0.069161,290.646027,14.806215,0.691606,-1293.817383,294.500488,0.000000
69.270004,65.349129,-1293.817383,-0.000328,0.002723,0.069161,290.687439,14.808324,0.691606,-1293.817383,294.500488,0.000000
69.280006,65.350243,-1293.861938,-0.000332,0.002723,0.069161,290.692383,14.808577,0.691606,-1293.861938,294.500488,0.000000
69.290001,65.356209,-1293.861938,-0.000345,0.002723,0.069161,290.718933,14.809928,0.691606,-1293.861938,294.500488,0.000000
69.300003,65.341682,-1293.906372,-0.000341,0.002723,0.069161,290.654327,14.806637,0.691606,-1293.906372,294.500488,0.000000
69.310005,65.351372,-1293.861938,-0.000345,0.002723,0.069161,290.697418,14.808832,0.691606,-1293.861938,294.500488,0.000000
69.320000,65.355843,-1293.817383,-0.000323,0.002723,0.069161,290.717316,14.809846,0.691606,-1293.817383,294.500488,0.000000
69.330002,65.347267,-1293.861938,-0.000341,0.002723,0.069161,290.679169,14.807902,0.691606,-1293.861938,294.500488,0.000000
69.340004,65.358437,-1293.861938,-0.000336,0.002723,0.069161,290.728851,14.810433,0.691606,-1293.861938,294.500488,0.000000
69.350006,65.354347,-1293.950806,-0.000332,0.002723,0.069161,290.710663,14.809507,0.691606,-1293.950806,294.500488,0.000000
69.360001,65.355461,-1293.861938,-0.000332,0.002723,0.069161,290.715607,14.809759,0.691606,-1293.861938,294.500488,0.000000
69.370003,65.358818,-1293.906372,-0.000332,0.002723,0.069161,290.730530,14.810520,0.691606,-1293.906372,294.500488,0.000000
69.380005,65.357323,-1293.906372,-0.000336,0.002723,0.069161,290.723877,14.810181,0.691606,-1293.906372,294.500488,0.000000
69.390007,65.352852,-1293.861938,-0.000341,0.002723,0.069161,290.704010,14.809168,0.691606,-1293.861938,294.500488,0.000000
69.400002,65.352852,-1293.906372,-0.000341,0.002723,0.069161,290.704010,14.809168,0.691606,-1293.906372,294.500488,0.000000
69.410004,65.351738,-1293.906372,-0.000345,0.002723,0.069161,290.699036,14.808915,0.691606,-1293.906372,294.500488,0.000000
69.420006,65.361427,-1293.861938,-0.000336,0.002723,0.069161,290.742157,14.811111,0.691606,-1293.861938,294.500488,0.000000
69.430000,65.355461,-1293.950806,-0.000341,0.002723,0.069161,290.715607,14.809759,0.691606,-1293.950806,294.500488,0.000000
69.440002,65.351738,-1293.817383,-0.000332,0.002723,0.069161,290.699036,14.808915,0.691606,-1293.817383,294.500488,0.000000
69.450005,65.357323,-1293.950806,-0.000332,0.002723,0.069161,290.723877,14.810181,0.691606,-1293.950806,294.500488,0.000000
69.460007,65.353600,-1293.817383,-0.000332,0.002723,0.069161,290.707336,14.809338,0.691606,-1293.817383,294.500488,0.000000
69.470001,65.352119,-1293.861938,-0.000328,0.002723,0.069161,290.700745,14.809002,0.691606,-1293.861938,294.500488,0.000000
69.480003,65.349510,-1293.906372,-0.000332,0.002723,0.069161,290.689148,14.808411,0.691606,-1293.906372,294.500488,0.000000
69.490005,65.341682,-1293.861938,-0.000336,0.002723,0.069161,290.654327,14.806637,0.691606,-1293.861938,294.500488,0.000000
69.500000,65.351738,-1293.861938,-0.000336,0.002723,0.069161,290.699036,14.808915,0.691606,-1293.861938,294.500488,0.000000
69.510002,65.350624,-1293.817383,-0.000332,0.002723,0.069161,290.694092,14.808662,0.691606,-1293.817383,294.500488,0.000000
69.520004,65.348763,-1293.906372,-0.000336,0.002723,0.069161,290.685822,14.808242,0.691606,-1293.906372,294.500488,0.000000
69.530006,65.345039,-1293.861938,-0.000345,0.002723,0.069161,290.669250,14.807397,0.691606,-1293.861938,294.500488,0.000000
69.540001,65.342430,-1293.861938,-0.000341,0.002723,0.069161,290.657654,14.806807,0.691606,-1293.861938,294.500488,0.000000
69.550003,65.350243,-1293.906372,-0.000332,0.002723,0.069161,290.692383,14.808577,0.691606,-1293.906372,294.500488,0.000000
69.560005,65.358070,-1293.861938,-0.000345,0.002723,0.069161,290.727203,14.810350,0.691606,-1293.861938,294.500488,0.000000
69.570000,65.356209,-1293.906372,-0.000323,0.002723,0.069161,290.718933,14.809928,0.691606,-1293.906372,294.500488,0.000000
69.580002,65.343544,-1293.906372,-0.000332,0.002723,0.069161,290.662598,14.807058,0.691606,-1293.906372,294.500488,0.000000
69.590004,65.343544,-1293.861938,-0.000323,0.002723,0.069161,290.662598,14.807058,0.691606,-1293.861938,294.500488,0.000000
69.600006,65.336479,-1293.950806,-0.000323,0.002723,0.069161,290.631165,14.805458,0.691606,-1293.950806,294.500488,0.000000
69.610001,65.345787,-1293.861938,-0.000336,0.002723,0.069161,290.672577,14.807567,0.691606,-1293.861938,294.500488,0.000000
69.620003,65.345787,-1293.817383,-0.000323,0.002723,0.069161,290.672577,14.807567,0.691606,-1293.817383,294.500488,0.000000
69.630005,65.345406,-1293.906372,-0.000328,0.002723,0.069161,290.670868,14.807481,0.691606,-1293.906372,294.500488,0.000000
69.640007,65.347649,-1293.906372,-0.000328,0.002723,0.069161,290.680847,14.807989,0.691606,-1293.906372,294.500488,0.000000
69.650002,65.346153,-1293.861938,-0.000345,0.002723,0.069161,290.674194,14.807650,0.691606,-1293.861938,294.500488,0.000000
69.660004,65.327156,-1293.861938,-0.000323,0.002723,0.069161,290.589691,14.803345,0.691606,-1293.861938,294.500488,0.000000
69.670006,65.333870,-1293.906372,-0.000332,0.002723,0.069161,290.619568,14.804866,0.691606,-1293.906372,294.500488,0.000000
69.680000,65.340569,-1293.906372,-0.000349,0.002723,0.069161,290.649353,14.806384,0.691606,-1293.906372,294.500488,0.000000
69.690002,65.340935,-1293.817383,-0.000345,0.002723,0.069161,290.651001,14.806468,0.691606,-1293.817383,294.500488,0.000000
69.700005,65.328651,-1293.906372,-0.000341,0.002723,0.069161,290.596344,14.803684,0.691606,-1293.906372,294.500488,0.000000
69.710007,65.325294,-1293.861938,-0.000341,0.002723,0.069161,290.581421,14.802923,0.691606,-1293.861938,294.500488,0.000000
69.720001,65.327156,-1293.906372,-0.000328,0.002723,0.069161,290.589691,14.803345,0.691606,-1293.906372,294.500488,0.000000
69.730003,65.331627,-1293.906372,-0.000328,0.002723,0.069161,290.609589,14.804358,0.691606,-1293.906372,294.500488,0.000000
69.740005,65.339821,-1293.817383,-0.000328,0.002723,0.069161,290.646027,14.806215,0.691606,-1293.817383,294.500488,0.000000
69.750000,65.329765,-1293.950806,-0.000345,0.002723,0.069161,290.601318,14.803937,0.691606,-1293.950806,294.500488,0.000000
69.760002,65.320091,-1293.861938,-0.000336,0.002723,0.069161,290.558289,14.801744,0.691606,-1293.861938,294.500488,0.000000
69.770004,65.323067,-1293.950806,-0.000319,0.002723,0.069161,290.571503,14.802419,0.691606,-1293.950806,294.500488,0.000000
69.780006,65.328285,-1293.906372,-0.000341,0.002723,0.069161,290.594727,14.803600,0.691606,-1293.906372,294.500488,0.000000
69.790001,65.331627,-1293.861938,-0.000336,0.002723,0.069161,290.609589,14.804358,0.691606,-1293.861938,294.500488,0.000000
69.800003,65.321571,-1293.950806,-0.000332,0.002723,0.069161,290.564850,14.802079,0.691606,-1293.950806,294.500488,0.000000
69.810005,65.321953,-1293.906372,-0.000341,0.002723,0.069161,290.566559,14.802166,0.691606,-1293.906372,294.500488,0.000000
69.820000,65.331627,-1293.772949,-0.000332,0.002723,0.069161,290.609589,14.804358,0.691606,-1293.772949,294.500488,0.000000
69.830002,65.311516,-1293.906372,-0.000332,0.002723,0.069161,290.520142,14.799801,0.691606,-1293.906372,294.500488,0.000000
69.840004,65.312263,-1293.861938,-0.000345,0.002723,0.069161,290.523468,14.799971,0.691606,-1293.861938,294.500488,0.000000
69.850006,65.313759,-1293.906372,-0.000336,0.002723,0.069161,290.530121,14.800309,0.691606,-1293.906372,294.500488,0.000000
69.860001,65.315620,-1293.906372,-0.000345,0.002723,0.069161,290.538391,14.800731,0.691606,-1293.906372,294.500488,0.000000
69.870003,65.333122,-1293.817383,-0.000328,0.002723,0.069161,290.616241,14.804697,0.691606,-1293.817383,294.500488,0.000000
69.880005,65.317848,-1293.906372,-0.000332,0.002723,0.069161,290.548309,14.801236,0.691606,-1293.906372,294.500488,0.000000
69.890007,65.314125,-1293.817383,-0.000328,0.002723,0.069161,290.531738,14.800392,0.691606,-1293.817383,294.500488,0.000000
69.900002,65.314507,-1293.861938,-0.000336,0.002723,0.069161,290.533447,14.800479,0.691606,-1293.861938,294.500488,0.000000
69.910004,65.324181,-1293.906372,-0.000336,0.002723,0.069161,290.576477,14.802671,0.691606,-1293.906372,294.500488,0.000000
69.920006,65.310783,-1293.906372,-0.000328,0.002723,0.069161,290.516876,14.799635,0.691606,-1293.906372,294.500488,0.000000
69.930000,65.303337,-1293.906372,-0.000332,0.002723,0.069161,290.483765,14.797948,0.691606,-1293.906372,294.500488,0.000000
69.940002,65.310036,-1293.861938,-0.000315,0.002723,0.069161,290.513550,14.799465,0.691606,-1293.861938,294.500488,0.000000
69.950005,65.315620,-1293.950806,-0.000328,0.002723,0.069161,290.538391,14.800731,0.691606,-1293.950806,294.500488,0.000000
69.960007,65.311150,-1293.817383,-0.000336,0.002723,0.069161,290.518494,14.799718,0.691606,-1293.817383,294.500488,0.000000
69.970001,65.301094,-1293.950806,-0.000323,0.002723,0.069170,290.473785,14.797440,0.691697,-1293.950806,294.500488,0.000000
69.980003,65.294762,-1293.950806,-0.000328,0.002723,0.069170,290.445618,14.796005,0.691697,-1293.950806,294.500488,0.000000
69.990005,65.317482,-1293.861938,-0.000341,0.002723,0.069170,290.546661,14.801153,0.691697,-1293.861938,294.500488,0.000000
70.000000,65.310783,-1293.950806,-0.000341,0.002723,0.069170,290.516876,14.799635,0.691697,-1293.950806,294.500488,0.000000
70.010002,65.312645,-1293.861938,-0.000349,0.002723,0.069170,290.525146,14.800056,0.691697,-1293.861938,294.500488,0.000000
70.020004,65.317482,-1293.950806,-0.000336,0.002723,0.069170,290.546661,14.801153,0.691697,-1293.950806,294.500488,0.000000
70.030006,65.307426,-1293.950806,-0.000349,0.002723,0.069170,290.501953,14.798875,0.691697,-1293.950806,294.500488,0.000000
70.040001,65.308540,-1293.861938,-0.000328,0.002723,0.069170,290.506897,14.799127,0.691697,-1293.861938,294.500488,0.000000
70.050003,65.309288,-1293.817383,-0.000336,0.002723,0.069170,290.510223,14.799295,0.691697,-1293.817383,294.500488,0.000000
70.060005,65.304451,-1293.817383,-0.000332,0.002723,0.069170,290.488708,14.798200,0.691697,-1293.817383,294.500488,0.000000
70.070000,65.297752,-1293.906372,-0.000323,0.002723,0.069170,290.458923,14.796682,0.691697,-1293.906372,294.500488,0.000000
70.080002,65.300728,-1293.861938,-0.000328,0.002724,0.069179,290.472137,14.797357,0.691788,-1293.861938,294.500488,0.000000
70.090004,65.301094,-1293.861938,-0.000328,0.002724,0.069179,290.473785,14.797440,0.691788,-1293.861938,294.500488,0.000000
70.100006,65.296257,-1293.861938,-0.000336,0.002724,0.069179,290.452271,14.796344,0.691788,-1293.861938,294.500488,0.000000
70.110001,65.288063,-1293.861938,-0.000323,0.002724,0.069179,290.415802,14.794487,0.691788,-1293.861938,294.500488,0.000000
70.120003,65.297752,-1293.906372,-0.000332,0.002724,0.069179,290.458923,14.796682,0.691788,-1293.906372,294.500488,0.000000
70.130005,65.299232,-1293.906372,-0.000328,0.002724,0.069179,290.465485,14.797018,0.691788,-1293.906372,294.500488,0.000000
70.140007,65.299980,-1293.817383,-0.000336,0.002724,0.069179,290.468811,14.797187,0.691788,-1293.817383,294.500488,0.000000
70.150002,65.294762,-1293.861938,-0.000354,0.002724,0.069179,290.445618,14.796005,0.691788,-1293.861938,294.500488,0.000000
70.160004,65.300346,-1293.861938,-0.000349,0.002724,0.069179,290.470459,14.797271,0.691788,-1293.861938,294.500488,0.000000
70.170006,65.297005,-1293.861938,-0.000323,0.002724,0.069179,290.455597,14.796514,0.691788,-1293.861938,294.500488,0.000000
70.180000,65.299614,-1293.906372,-0.000332,0.002724,0.069179,290.467194,14.797104,0.691788,-1293.906372,294.500488,0.000000
70.190002,65.299614,-1293.861938,-0.000323,0.002724,0.069179,290.467194,14.797104,0.691788,-1293.861938,294.500488,0.000000
70.200005,65.293648,-1293.950806,-0.000341,0.002724,0.069179,290.440643,14.795753,0.691788,-1293.950806,294.500488,0.000000
70.210007,65.291039,-1293.817383,-0.000332,0.002724,0.069179,290.429047,14.795160,0.691788,-1293.817383,294.500488,0.000000
70.220001,65.298866,-1293.861938,-0.000332,0.002724,0.069179,290.463867,14.796934,0.691788,-1293.861938,294.500488,0.000000
70.230003,65.291786,-1293.950806,-0.000349,0.002724,0.069179,290.432373,14.795330,0.691788,-1293.950806,294.500488,0.000000
70.240005,65.285454,-1293.906372,-0.000341,0.002724,0.069179,290.404205,14.793895,0.691788,-1293.906372,294.500488,0.000000
70.250000,65.283226,-1293.906372,-0.000341,0.002724,0.069179,290.394287,14.793390,0.691788,-1293.906372,294.500488,0.000000
70.260002,65.291039,-1293.861938,-0.000341,0.002724,0.069179,290.429047,14.795160,0.691788,-1293.861938,294.500488,0.000000
70.270004,65.304817,-1293.861938,-0.000328,0.002724,0.069179,290.490326,14.798283,0.691788,-1293.861938,294.500488,0.000000
70.280006,65.292900,-1293.950806,-0.000345,0.002724,0.069179,290.437317,14.795583,0.691788,-1293.950806,294.500488,0.000000
70.290001,65.285088,-1293.861938,-0.000341,0.002724,0.069179,290.402588,14.793813,0.691788,-1293.861938,294.500488,0.000000
70.300003,65.284706,-1293.906372,-0.000349,0.002724,0.069179,290.400879,14.793726,0.691788,-1293.906372,294.500488,0.000000
70.310005,65.287315,-1293.861938,-0.000336,0.002724,0.069179,290.412476,14.794317,0.691788,-1293.861938,294.500488,0.000000
70.320000,65.275398,-1293.906372,-0.000336,0.002724,0.069179,290.359467,14.791616,0.691788,-1293.906372,294.500488,0.000000
70.330002,65.273537,-1293.906372,-0.000332,0.002724,0.069179,290.351196,14.791195,0.691788,-1293.906372,294.500488,0.000000
70.340004,65.275398,-1293.906372,-0.000332,0.002724,0.069179,290.359467,14.791616,0.691788,-1293.906372,294.500488,0.000000
70.350006,65.286201,-1293.861938,-0.000332,0.002724,0.069179,290.407532,14.794065,0.691788,-1293.861938,294.500488,0.000000
70.360001,65.282112,-1293.817383,-0.000341,0.002724,0.069179,290.389343,14.793138,0.691788,-1293.817383,294.500488,0.000000
70.370003,65.283226,-1293.861938,-0.000319,0.002724,0.069179,290.394287,14.793390,0.691788,-1293.861938,294.500488,0.000000
70.380005,65.267586,-1293.906372,-0.000336,0.002724,0.069179,290.324707,14.789846,0.691788,-1293.906372,294.500488,0.000000
70.390007,65.265343,-1293.906372,-0.000332,0.002724,0.069179,290.314758,14.789338,0.691788,-1293.906372,294.500488,0.000000
70.400002,65.282478,-1293.906372,-0.000341,0.002724,0.069179,290.390961,14.793221,0.691788,-1293.906372,294.500488,0.000000
70.410004,65.282112,-1293.817383,-0.000323,0.002724,0.069179,290.389343,14.793138,0.691788,-1293.817383,294.500488,0.000000
70.420006,65.275032,-1293.861938,-0.000336,0.002724,0.069179,290.357849,14.791533,0.691788,-1293.861938,294.500488,0.000000
70.430000,65.266090,-1293.906372,-0.000328,0.002724,0.069179,290.318085,14.789508,0.691788,-1293.906372,294.500488,0.000000
70.440002,65.269066,-1293.772949,-0.000345,0.002724,0.069179,290.331299,14.790182,0.691788,-1293.772949,294.500488,0.000000
70.450005,65.266838,-1293.906372,-0.000323,0.002724,0.069179,290.321381,14.789678,0.691788,-1293.906372,294.500488,0.000000
70.460007,65.266838,-1293.861938,-0.000341,0.002724,0.069179,290.321381,14.789678,0.691788,-1293.861938,294.500488,0.000000
70.470001,65.268700,-1293.861938,-0.000323,0.002724,0.069179,290.329681,14.790098,0.691788,-1293.861938,294.500488,0.000000
70.480003,65.260506,-1293.906372,-0.000332,0.002724,0.069179,290.293213,14.788242,0.691788,-1293.906372,294.500488,0.000000
70.490005,65.277260,-1293.817383,-0.000323,0.002724,0.069179,290.367767,14.792039,0.691788,-1293.817383,294.500488,0.000000
70.500000,65.267204,-1293.861938,-0.000332,0.002724,0.069188,290.323029,14.789760,0.691879,-1293.861938,294.500488,0.000000
70.510002,65.264610,-1293.861938,-0.000341,0.002724,0.069188,290.311493,14.789172,0.691879,-1293.861938,294.500488,0.000000
70.520004,65.252312,-1293.906372,-0.000323,0.002724,0.069188,290.256775,14.786386,0.691879,-1293.906372,294.500488,0.000000
70.530006,65.253807,-1293.906372,-0.000323,0.002724,0.069188,290.263428,14.786724,0.691879,-1293.906372,294.500488,0.000000
70.540001,65.263481,-1293.817383,-0.000336,0.002724,0.069188,290.306458,14.788917,0.691879,-1293.817383,294.500488,0.000000
70.550003,65.259392,-1293.950806,-0.000328,0.002724,0.069188,290.288269,14.787990,0.691879,-1293.950806,294.500488,0.000000
70.560005,65.251198,-1293.906372,-0.000323,0.002724,0.069188,290.251831,14.786133,0.691879,-1293.906372,294.500488,0.000000
70.570000,65.255669,-1293.950806,-0.000336,0.002724,0.069188,290.271698,14.787147,0.691879,-1293.950806,294.500488,0.000000
70.580002,65.260506,-1293.906372,-0.000323,0.002724,0.069188,290.293213,14.788242,0.691879,-1293.906372,294.500488,0.000000
70.590004,65.254555,-1293.817383,-0.000341,0.002724,0.069188,290.266754,14.786894,0.691879,-1293.817383,294.500488,0.000000
70.600006,65.262749,-1293.950806,-0.000332,0.002724,0.069188,290.303192,14.788750,0.691879,-1293.950806,294.500488,0.000000
70.610001,65.255669,-1293.817383,-0.000336,0.002724,0.069188,290.271698,14.787147,0.691879,-1293.817383,294.500488,0.000000
70.620003,65.260139,-1293.906372,-0.000332,0.002724,0.069195,290.291595,14.788159,0.691954,-1293.906372,294.500488,0.000000
70.630005,65.263115,-1293.906372,-0.000341,0.002724,0.069195,290.304840,14.788833,0.691954,-1293.906372,294.500488,0.000000
70.640007,65.256035,-1293.861938,-0.000323,0.002724,0.069195,290.273346,14.787229,0.691954,-1293.861938,294.500488,0.000000
70.650002,65.240776,-1293.906372,-0.000332,0.002724,0.069195,290.205475,14.783772,0.691954,-1293.906372,294.500488,0.000000
70.660004,65.247108,-1293.817383,-0.000341,0.002724,0.069195,290.233643,14.785206,0.691954,-1293.817383,294.500488,0.000000
70.670006,65.257896,-1293.817383,-0.000328,0.002724,0.069195,290.281616,14.787651,0.691954,-1293.817383,294.500488,0.000000
70.680000,65.264229,-1293.861938,-0.000332,0.002725,0.069205,290.309784,14.789085,0.692045,-1293.861938,294.500488,0.000000
70.690002,65.257164,-1293.906372,-0.000328,0.002725,0.069205,290.278351,14.787484,0.692045,-1293.906372,294.500488,0.000000
70.700005,65.254555,-1293.906372,-0.000332,0.002725,0.069205,290.266754,14.786894,0.692045,-1293.906372,294.500488,0.000000
70.710007,65.267204,-1293.950806,-0.000332,0.002725,0.069205,290.323029,14.789760,0.692045,-1293.950806,294.500488,0.000000
70.720001,65.265343,-1293.817383,-0.000323,0.002725,0.069205,290.314758,14.789338,0.692045,-1293.817383,294.500488,0.000000
70.730003,65.269066,-1293.861938,-0.000336,0.002725,0.069205,290.331299,14.790182,0.692045,-1293.861938,294.500488,0.000000
70.740005,65.257896,-1293.861938,-0.000323,0.002725,0.069205,290.281616,14.787651,0.692045,-1293.861938,294.500488,0.000000
70.750000,65.262001,-1293.861938,-0.000332,0.002725,0.069205,290.299866,14.788581,0.692045,-1293.861938,294.500488,0.000000
70.760002,65.259392,-1293.817383,-0.000319,0.002725,0.069205,290.288269,14.787990,0.692045,-1293.817383,294.500488,0.000000
70.770004,65.261253,-1293.861938,-0.000323,0.002725,0.069214,290.296539,14.788412,0.692136,-1293.861938,294.500488,0.000000
70.780006,65.256035,-1293.906372,-0.000332,0.002725,0.069214,290.273346,14.787229,0.692136,-1293.906372,294.500488,0.000000
70.790001,65.259026,-1293.906372,-0.000328,0.002725,0.069214,290.286652,14.787907,0.692136,-1293.906372,294.500488,0.000000
70.800003,65.258644,-1293.906372,-0.000332,0.002725,0.069214,290.284943,14.787820,0.692136,-1293.906372,294.500488,0.000000
70.810005,65.266090,-1293.817383,-0.000323,0.002725,0.069214,290.318085,14.789508,0.692136,-1293.817383,294.500488,0.000000
70.820000,65.264229,-1293.861938,-0.000341,0.002725,0.069214,290.309784,14.789085,0.692136,-1293.861938,294.500488,0.000000
70.830002,65.265343,-1293.817383,-0.000349,0.002725,0.069214,290.314758,14.789338,0.692136,-1293.817383,294.500488,0.000000
70.840004,65.266090,-1293.906372,-0.000341,0.002725,0.069214,290.318085,14.789508,0.692136,-1293.906372,294.500488,0.000000
70.850006,65.257530,-1293.906372,-0.000332,0.002725,0.069214,290.279999,14.787567,0.692136,-1293.906372,294.500488,0.000000
70.860001,65.270561,-1293.906372,-0.000323,0.002725,0.069214,290.337952,14.790521,0.692136,-1293.906372,294.500488,0.000000
70.870003,65.273918,-1293.906372,-0.000328,0.002725,0.069214,290.352875,14.791282,0.692136,-1293.906372,294.500488,0.000000
70.880005,65.255302,-1293.906372,-0.000328,0.002725,0.069214,290.270081,14.787063,0.692136,-1293.906372,294.500488,0.000000
70.890007,65.272057,-1293.861938,-0.000323,0.002725,0.069214,290.344604,14.790859,0.692136,-1293.861938,294.500488,0.000000
70.900002,65.280983,-1293.906372,-0.000328,0.002725,0.069214,290.384308,14.792882,0.692136,-1293.906372,294.500488,0.000000
70.910004,65.272423,-1293.861938,-0.000332,0.002725,0.069214,290.346252,14.790943,0.692136,-1293.861938,294.500488,0.000000
70.920006,65.259392,-1293.861938,-0.000341,0.002725,0.069214,290.288269,14.787990,0.692136,-1293.861938,294.500488,0.000000
70.930000,65.264977,-1293.906372,-0.000336,0.002725,0.069214,290.313110,14.789255,0.692136,-1293.906372,294.500488,0.000000
70.940002,65.276894,-1293.861938,-0.000328,0.002725,0.069214,290.366119,14.791956,0.692136,-1293.861938,294.500488,0.000000
70.950005,65.272057,-1293.906372,-0.000345,0.002725,0.069214,290.344604,14.790859,0.692136,-1293.906372,294.500488,0.000000
70.960007,65.273537,-1293.817383,-0.000332,0.002725,0.069214,290.351196,14.791195,0.692136,-1293.817383,294.500488,0.000000
70.970001,65.264977,-1293.906372,-0.000323,0.002725,0.069214,290.313110,14.789255,0.692136,-1293.906372,294.500488,0.000000
70.980003,65.269066,-1293.950806,-0.000341,0.002725,0.069214,290.331299,14.790182,0.692136,-1293.950806,294.500488,0.000000
70.990005,65.275032,-1293.861938,-0.000323,0.002725,0.069214,290.357849,14.791533,0.692136,-1293.861938,294.500488,0.000000
71.000000,65.270927,-1293.950806,-0.000328,0.002725,0.069214,290.339600,14.790604,0.692136,-1293.950806,294.500488,0.000000
71.010002,65.270561,-1293.817383,-0.000341,0.002725,0.069214,290.337952,14.790521,0.692136,-1293.817383,294.500488,0.000000
71.020004,65.263115,-1293.950806,-0.000328,0.002725,0.069214,290.304840,14.788833,0.692136,-1293.950806,294.500488,0.000000
71.030006,65.264610,-1293.906372,-0.000341,0.002725,0.069214,290.311493,14.789172,0.692136,-1293.906372,294.500488,0.000000
71.040001,65.273170,-1293.861938,-0.000336,0.002725,0.069214,290.349548,14.791112,0.692136,-1293.861938,294.500488,0.000000
71.050003,65.278389,-1293.906372,-0.000345,0.002725,0.069214,290.372772,14.792295,0.692136,-1293.906372,294.500488,0.000000
71.060005,65.260506,-1293.906372,-0.000328,0.002725,0.069214,290.293213,14.788242,0.692136,-1293.906372,294.500488,0.000000
71.070000,65.264229,-1293.861938,-0.000319,0.002725,0.069214,290.309784,14.789085,0.692136,-1293.861938,294.500488,0.000000
71.080002,65.269447,-1293.906372,-0.000336,0.002725,0.069214,290.333008,14.790268,0.692136,-1293.906372,294.500488,0.000000
71.090004,65.276146,-1293.861938,-0.000332,0.002725,0.069214,290.362793,14.791786,0.692136,-1293.861938,294.500488,0.000000
71.100006,65.269447,-1293.906372,-0.000332,0.002725,0.069214,290.333008,14.790268,0.692136,-1293.906372,294.500488,0.000000
71.110001,65.259392,-1293.861938,-0.000323,0.002725,0.069214,290.288269,14.787990,0.692136,-1293.861938,294.500488,0.000000
71.120003,65.262367,-1293.861938,-0.000328,0.002725,0.069214,290.301514,14.788664,0.692136,-1293.861938,294.500488,0.000000
71.130005,65.268700,-1293.906372,-0.000349,0.002725,0.069214,290.329681,14.790098,0.692136,-1293.906372,294.500488,0.000000
71.140007,65.256783,-1293.906372,-0.000323,0.002725,0.069214,290.276672,14.787398,0.692136,-1293.906372,294.500488,0.000000
71.150002,65.249336,-1293.906372,-0.000332,0.002725,0.069214,290.243530,14.785711,0.692136,-1293.906372,294.500488,0.000000
71.160004,65.260887,-1293.906372,-0.000328,0.002725,0.069214,290.294922,14.788328,0.692136,-1293.906372,294.500488,0.000000
71.170006,65.263863,-1293.906372,-0.000323,0.002725,0.069214,290.308167,14.789002,0.692136,-1293.906372,294.500488,0.000000
71.180000,65.254921,-1293.906372,-0.000345,0.002725,0.069214,290.268372,14.786977,0.692136,-1293.906372,294.500488,0.000000
71.190002,65.257530,-1293.861938,-0.000323,0.002725,0.069214,290.279999,14.787567,0.692136,-1293.861938,294.500488,0.000000
71.200005,65.251564,-1293.950806,-0.000323,0.002725,0.069214,290.253448,14.786216,0.692136,-1293.950806,294.500488,0.000000
71.210007,65.257896,-1293.950806,-0.000328,0.002725,0.069214,290.281616,14.787651,0.692136,-1293.950806,294.500488,0.000000
71.220001,65.254921,-1293.950806,-0.000315,0.002725,0.069214,290.268372,14.786977,0.692136,-1293.950806,294.500488,0.000000
71.230003,65.235558,-1293.906372,-0.000323,0.002725,0.069221,290.182251,14.782589,0.692212,-1293.906372,294.500488,0.000000
71.240005,65.240776,-1293.906372,-0.000328,0.002725,0.069221,290.205475,14.783772,0.692212,-1293.906372,294.500488,0.000000
71.250000,65.238167,-1293.906372,-0.000341,0.002725,0.069221,290.193848,14.783179,0.692212,-1293.906372,294.500488,0.000000
71.260002,65.250832,-1293.861938,-0.000328,0.002726,0.069230,290.250183,14.786049,0.692303,-1293.861938,294.500488,0.000000
71.270004,65.251564,-1293.950806,-0.000332,0.002726,0.069230,290.253448,14.786216,0.692303,-1293.950806,294.500488,0.000000
71.280006,65.240776,-1293.861938,-0.000328,0.002726,0.069230,290.205475,14.783772,0.692303,-1293.861938,294.500488,0.000000
71.290001,65.257164,-1293.861938,-0.000319,0.002726,0.069239,290.278351,14.787484,0.692394,-1293.861938,294.500488,0.000000
71.300003,65.247841,-1293.950806,-0.000332,0.002726,0.069239,290.236877,14.785373,0.692394,-1293.950806,294.500488,0.000000
71.310005,65.253807,-1293.861938,-0.000328,0.002726,0.069239,290.263428,14.786724,0.692394,-1293.861938,294.500488,0.000000
71.320000,65.260139,-1293.906372,-0.000332,0.002726,0.069239,290.291595,14.788159,0.692394,-1293.906372,294.500488,0.000000
71.330002,65.252312,-1293.906372,-0.000341,0.002726,0.069239,290.256775,14.786386,0.692394,-1293.906372,294.500488,0.000000
71.340004,65.260506,-1293.906372,-0.000323,0.002726,0.069239,290.293213,14.788242,0.692394,-1293.906372,294.500488,0.000000
71.350006,65.265724,-1293.906372,-0.000332,0.002726,0.069239,290.316437,14.789425,0.692394,-1293.906372,294.500488,0.000000
71.360001,65.253807,-1293.861938,-0.000323,0.002726,0.069239,290.263428,14.786724,0.692394,-1293.861938,294.500488,0.000000
71.370003,65.253426,-1293.861938,-0.000315,0.002726,0.069239,290.261719,14.786638,0.692394,-1293.861938,294.500488,0.000000
71.380005,65.251198,-1293.906372,-0.000336,0.002726,0.069239,290.251831,14.786133,0.692394,-1293.906372,294.500488,0.000000
71.390007,65.265724,-1293.861938,-0.000332,0.002726,0.069239,290.316437,14.789425,0.692394,-1293.861938,294.500488,0.000000
71.400002,65.268333,-1293.861938,-0.000319,0.002726,0.069239,290.328033,14.790016,0.692394,-1293.861938,294.500488,0.000000
71.410004,65.255302,-1293.817383,-0.000332,0.002726,0.069239,290.270081,14.787063,0.692394,-1293.817383,294.500488,0.000000
71.420006,65.253059,-1293.861938,-0.000332,0.002726,0.069239,290.260101,14.786554,0.692394,-1293.861938,294.500488,0.000000
71.430000,65.250832,-1293.950806,-0.000332,0.002726,0.069239,290.250183,14.786049,0.692394,-1293.950806,294.500488,0.000000
71.440002,65.254921,-1293.861938,-0.000336,0.002726,0.069239,290.268372,14.786977,0.692394,-1293.861938,294.500488,0.000000
71.450005,65.266838,-1293.995361,-0.000319,0.002726,0.069248,290.321381,14.789678,0.692484,-1293.995361,294.500488,0.000000
71.460007,65.260139,-1293.861938,-0.000328,0.002726,0.069248,290.291595,14.788159,0.692484,-1293.861938,294.500488,0.000000
71.470001,65.250450,-1293.817383,-0.000310,0.002726,0.069248,290.248505,14.785963,0.692484,-1293.817383,294.500488,0.000000
71.480003,65.254555,-1293.950806,-0.000345,0.002726,0.069248,290.266754,14.786894,0.692484,-1293.950806,294.500488,0.000000
71.490005,65.253059,-1293.861938,-0.000341,0.002726,0.069248,290.260101,14.786554,0.692484,-1293.861938,294.500488,0.000000
71.500000,65.260887,-1293.950806,-0.000328,0.002726,0.069248,290.294922,14.788328,0.692484,-1293.950806,294.500488,0.000000
71.510002,65.260506,-1293.861938,-0.000349,0.002726,0.069248,290.293213,14.788242,0.692484,-1293.861938,294.500488,0.000000
71.520004,65.259392,-1293.906372,-0.000328,0.002726,0.069248,290.288269,14.787990,0.692484,-1293.906372,294.500488,0.000000
71.530006,65.257896,-1293.861938,-0.000336,0.002726,0.069248,290.281616,14.787651,0.692484,-1293.861938,294.500488,0.000000
71.540001,65.261620,-1293.861938,-0.000328,0.002726,0.069248,290.298187,14.788494,0.692484,-1293.861938,294.500488,0.000000
71.550003,65.258278,-1293.906372,-0.000332,0.002726,0.069248,290.283325,14.787737,0.692484,-1293.906372,294.500488,0.000000
71.560005,65.259758,-1293.906372,-0.000345,0.002726,0.069248,290.289886,14.788073,0.692484,-1293.906372,294.500488,0.000000
71.570000,65.270927,-1293.861938,-0.000328,0.002726,0.069248,290.339600,14.790604,0.692484,-1293.861938,294.500488,0.000000
71.580002,65.266090,-1293.906372,-0.000332,0.002726,0.069248,290.318085,14.789508,0.692484,-1293.906372,294.500488,0.000000
71.590004,65.256416,-1293.906372,-0.000332,0.002726,0.069248,290.275024,14.787314,0.692484,-1293.906372,294.500488,0.000000
71.600006,65.253426,-1293.861938,-0.000323,0.002726,0.069248,290.261719,14.786638,0.692484,-1293.861938,294.500488,0.000000
71.610001,65.255302,-1293.906372,-0.000341,0.002726,0.069248,290.270081,14.787063,0.692484,-1293.906372,294.500488,0.000000
71.620003,65.258644,-1293.861938,-0.000328,0.002726,0.069248,290.284943,14.787820,0.692484,-1293.861938,294.500488,0.000000
71.630005,65.261620,-1293.906372,-0.000336,0.002726,0.069248,290.298187,14.788494,0.692484,-1293.906372,294.500488,0.000000
71.640007,65.247475,-1293.906372,-0.000328,0.002726,0.069248,290.235260,14.785289,0.692484,-1293.906372,294.500488,0.000000
71.650002,65.241142,-1293.906372,-0.000323,0.002726,0.069248,290.207092,14.783854,0.692484,-1293.906372,294.500488,0.000000
71.660004,65.253059,-1293.906372,-0.000328,0.002726,0.069248,290.260101,14.786554,0.692484,-1293.906372,294.500488,0.000000
71.670006,65.250832,-1293.906372,-0.000323,0.002726,0.069248,290.250183,14.786049,0.692484,-1293.906372,294.500488,0.000000
71.680000,65.257896,-1293.906372,-0.000328,0.002726,0.069248,290.281616,14.787651,0.692484,-1293.906372,294.500488,0.000000
71.690002,65.255669,-1293.906372,-0.000323,0.002726,0.069248,290.271698,14.787147,0.692484,-1293.906372,294.500488,0.000000
71.700005,65.250832,-1293.950806,-0.000332,0.002726,0.069248,290.250183,14.786049,0.692484,-1293.950806,294.500488,0.000000
71.710007,65.253807,-1293.861938,-0.000328,0.002726,0.069248,290.263428,14.786724,0.692484,-1293.861938,294.500488,0.000000
71.720001,65.253807,-1293.950806,-0.000328,0.002726,0.069248,290.263428,14.786724,0.692484,-1293.950806,294.500488,0.000000
71.730003,65.242256,-1293.861938,-0.000336,0.002726,0.069248,290.212036,14.784107,0.692484,-1293.861938,294.500488,0.000000
71.740005,65.247475,-1293.861938,-0.000323,0.002726,0.069248,290.235260,14.785289,0.692484,-1293.861938,294.500488,0.000000
71.750000,65.257530,-1293.906372,-0.000328,0.002726,0.069248,290.279999,14.787567,0.692484,-1293.906372,294.500488,0.000000
71.760002,65.252312,-1293.817383,-0.000328,0.002726,0.069248,290.256775,14.786386,0.692484,-1293.817383,294.500488,0.000000
71.770004,65.250450,-1293.861938,-0.000328,0.002726,0.069248,290.248505,14.785963,0.692484,-1293.861938,294.500488,0.000000
71.780006,65.254555,-1293.906372,-0.000332,0.002726,0.069248,290.266754,14.786894,0.692484,-1293.906372,294.500488,0.000000
71.790001,65.247108,-1293.817383,-0.000336,0.002726,0.069248,290.233643,14.785206,0.692484,-1293.817383,294.500488,0.000000
71.800003,65.257164,-1293.906372,-0.000336,0.002726,0.069248,290.278351,14.787484,0.692484,-1293.906372,294.500488,0.000000
71.810005,65.250084,-1293.861938,-0.000332,0.002726,0.069248,290.246857,14.785880,0.692484,-1293.861938,294.500488,0.000000
71.820000,65.246727,-1293.861938,-0.000323,0.002726,0.069248,290.231934,14.785120,0.692484,-1293.861938,294.500488,0.000000
71.830002,65.244499,-1293.906372,-0.000336,0.002726,0.069248,290.222015,14.784615,0.692484,-1293.906372,294.500488,0.000000
71.840004,65.241890,-1293.817383,-0.000328,0.002726,0.069248,290.210419,14.784024,0.692484,-1293.817383,294.500488,0.000000
71.850006,65.243752,-1293.950806,-0.000341,0.002726,0.069248,290.218689,14.784445,0.692484,-1293.950806,294.500488,0.000000
71.860001,65.247108,-1293.906372,-0.000341,0.002727,0.069256,290.233643,14.785206,0.692560,-1293.906372,294.500488,0.000000
71.870003,65.246727,-1293.906372,-0.000332,0.002727,0.069256,290.231934,14.785120,0.692560,-1293.906372,294.500488,0.000000
71.880005,65.240395,-1293.995361,-0.000319,0.002727,0.069256,290.203766,14.783685,0.692560,-1293.995361,294.500488,0.000000
71.890007,65.239281,-1293.906372,-0.000319,0.002727,0.069256,290.198822,14.783432,0.692560,-1293.906372,294.500488,0.000000
71.900002,65.240028,-1293.950806,-0.000336,0.002727,0.069256,290.202148,14.783602,0.692560,-1293.950806,294.500488,0.000000
71.910004,65.241524,-1293.817383,-0.000328,0.002727,0.069256,290.208801,14.783940,0.692560,-1293.817383,294.500488,0.000000
71.920006,65.235558,-1293.906372,-0.000328,0.002727,0.069256,290.182251,14.782589,0.692560,-1293.906372,294.500488,0.000000
71.930000,65.239281,-1293.906372,-0.000328,0.002727,0.069256,290.198822,14.783432,0.692560,-1293.906372,294.500488,0.000000
71.940002,65.236305,-1293.861938,-0.000315,0.002727,0.069256,290.185577,14.782759,0.692560,-1293.861938,294.500488,0.000000
71.950005,65.232201,-1293.906372,-0.000323,0.002727,0.069256,290.167328,14.781828,0.692560,-1293.906372,294.500488,0.000000
71.960007,65.235558,-1293.906372,-0.000332,0.002727,0.069256,290.182251,14.782589,0.692560,-1293.906372,294.500488,0.000000
71.970001,65.232948,-1293.906372,-0.000332,0.002727,0.069256,290.170654,14.781998,0.692560,-1293.906372,294.500488,0.000000
71.980003,65.240776,-1293.817383,-0.000319,0.002727,0.069265,290.205475,14.783772,0.692651,-1293.817383,294.500488,0.000000
71.990005,65.241142,-1293.772949,-0.000336,0.002727,0.069265,290.207092,14.783854,0.692651,-1293.772949,294.500488,0.000000
72.000000,65.230339,-1293.950806,-0.000332,0.002727,0.069265,290.159027,14.781406,0.692651,-1293.950806,294.500488,0.000000
72.010002,65.234444,-1293.861938,-0.000332,0.002727,0.069265,290.177307,14.782336,0.692651,-1293.861938,294.500488,0.000000
72.020004,65.240776,-1293.906372,-0.000328,0.002727,0.069265,290.205475,14.783772,0.692651,-1293.906372,294.500488,0.000000
72.030006,65.247475,-1293.861938,-0.000323,0.002727,0.069265,290.235260,14.785289,0.692651,-1293.861938,294.500488,0.000000
72.040001,65.234810,-1293.861938,-0.000328,0.002727,0.069265,290.178925,14.782419,0.692651,-1293.861938,294.500488,0.000000
72.050003,65.227745,-1293.906372,-0.000341,0.002727,0.069265,290.147491,14.780818,0.692651,-1293.906372,294.500488,0.000000
72.060005,65.245613,-1293.906372,-0.000341,0.002727,0.069265,290.226990,14.784867,0.692651,-1293.906372,294.500488,0.000000
72.070000,65.238167,-1293.906372,-0.000319,0.002727,0.069265,290.193848,14.783179,0.692651,-1293.906372,294.500488,0.000000
72.080002,65.227745,-1293.861938,-0.000332,0.002727,0.069265,290.147491,14.780818,0.692651,-1293.861938,294.500488,0.000000
72.090004,65.231087,-1293.817383,-0.000323,0.002727,0.069265,290.162354,14.781575,0.692651,-1293.817383,294.500488,0.000000
72.100006,65.235558,-1293.950806,-0.000336,0.002727,0.069265,290.182251,14.782589,0.692651,-1293.950806,294.500488,0.000000
72.110001,65.250832,-1293.772949,-0.000315,0.002727,0.069265,290.250183,14.786049,0.692651,-1293.772949,294.500488,0.000000
72.120003,65.246361,-1293.906372,-0.000336,0.002727,0.069265,290.230316,14.785036,0.692651,-1293.906372,294.500488,0.000000
72.130005,65.230721,-1293.950806,-0.000332,0.002727,0.069265,290.160736,14.781493,0.692651,-1293.950806,294.500488,0.000000
72.140007,65.229973,-1293.950806,-0.000319,0.002727,0.069265,290.157410,14.781323,0.692651,-1293.950806,294.500488,0.000000
72.150002,65.226997,-1293.861938,-0.000345,0.002727,0.069265,290.144165,14.780648,0.692651,-1293.861938,294.500488,0.000000
72.160004,65.247841,-1293.861938,-0.000328,0.002727,0.069265,290.236877,14.785373,0.692651,-1293.861938,294.500488,0.000000
72.170006,65.244865,-1293.906372,-0.000319,0.002727,0.069265,290.223663,14.784698,0.692651,-1293.906372,294.500488,0.000000
72.180000,65.237053,-1293.861938,-0.000332,0.002727,0.069265,290.188904,14.782928,0.692651,-1293.861938,294.500488,0.000000
72.190002,65.238914,-1293.861938,-0.000332,0.002727,0.069265,290.197174,14.783349,0.692651,-1293.861938,294.500488,0.000000
72.200005,65.232948,-1293.906372,-0.000332,0.002727,0.069265,290.170654,14.781998,0.692651,-1293.906372,294.500488,0.000000
72.210007,65.235558,-1293.950806,-0.000315,0.002727,0.069265,290.182251,14.782589,0.692651,-1293.950806,294.500488,0.000000
72.220001,65.225502,-1293.861938,-0.000328,0.002727,0.069265,290.137512,14.780310,0.692651,-1293.861938,294.500488,0.000000
72.230003,65.230721,-1293.861938,-0.000336,0.002727,0.069265,290.160736,14.781493,0.692651,-1293.861938,294.500488,0.000000
72.240005,65.234810,-1293.906372,-0.000319,0.002727,0.069265,290.178925,14.782419,0.692651,-1293.906372,294.500488,0.000000
72.250000,65.231834,-1293.906372,-0.000328,0.002727,0.069265,290.165680,14.781745,0.692651,-1293.906372,294.500488,0.000000
72.260002,65.233696,-1293.817383,-0.000328,0.002727,0.069265,290.173981,14.782166,0.692651,-1293.817383,294.500488,0.000000
72.270004,65.224022,-1293.906372,-0.000328,0.002727,0.069265,290.130951,14.779975,0.692651,-1293.906372,294.500488,0.000000
72.280006,65.222893,-1293.861938,-0.000341,0.002727,0.069265,290.125916,14.779719,0.692651,-1293.861938,294.500488,0.000000
72.290001,65.230339,-1293.861938,-0.000332,0.002727,0.069265,290.159027,14.781406,0.692651,-1293.861938,294.500488,0.000000
72.300003,65.230339,-1293.861938,-0.000323,0.002727,0.069265,290.159027,14.781406,0.692651,-1293.861938,294.500488,0.000000
72.310005,65.221413,-1293.861938,-0.000336,0.002727,0.069265,290.119324,14.779383,0.692651,-1293.861938,294.500488,0.000000
72.320000,65.218056,-1293.906372,-0.000328,0.002727,0.069265,290.104401,14.778623,0.692651,-1293.906372,294.500488,0.000000
72.330002,65.224388,-1293.861938,-0.000341,0.002727,0.069265,290.132568,14.780058,0.692651,-1293.861938,294.500488,0.000000
72.340004,65.225136,-1293.817383,-0.000319,0.002727,0.069265,290.135895,14.780228,0.692651,-1293.817383,294.500488,0.000000
72.350006,65.221779,-1293.950806,-0.000332,0.002727,0.069265,290.120972,14.779467,0.692651,-1293.950806,294.500488,0.000000
72.360001,65.216942,-1293.861938,-0.000328,0.002727,0.069265,290.099457,14.778370,0.692651,-1293.861938,294.500488,0.000000
72.370003,65.224754,-1293.906372,-0.000328,0.002727,0.069265,290.134186,14.780140,0.692651,-1293.906372,294.500488,0.000000
72.380005,65.226616,-1293.861938,-0.000336,0.002727,0.069265,290.142487,14.780562,0.692651,-1293.861938,294.500488,0.000000
72.390007,65.212471,-1293.906372,-0.000332,0.002727,0.069265,290.079559,14.777357,0.692651,-1293.906372,294.500488,0.000000
72.400002,65.206520,-1293.906372,-0.000328,0.002727,0.069265,290.053101,14.776009,0.692651,-1293.906372,294.500488,0.000000
72.410004,65.208000,-1293.817383,-0.000319,0.002727,0.069265,290.059662,14.776343,0.692651,-1293.817383,294.500488,0.000000
72.420006,65.213966,-1293.906372,-0.000341,0.002727,0.069265,290.086212,14.777697,0.692651,-1293.906372,294.500488,0.000000
72.430000,65.215080,-1293.906372,-0.000341,0.002727,0.069274,290.091156,14.777948,0.692742,-1293.906372,294.500488,0.000000
72.440002,65.206139,-1293.861938,-0.000323,0.002727,0.069274,290.051392,14.775923,0.692742,-1293.861938,294.500488,0.000000
72.450005,65.203163,-1293.950806,-0.000328,0.002727,0.069274,290.038147,14.775248,0.692742,-1293.950806,294.500488,0.000000
72.460007,65.206520,-1293.861938,-0.000332,0.002727,0.069274,290.053101,14.776009,0.692742,-1293.861938,294.500488,0.000000
72.470001,65.210243,-1293.861938,-0.000319,0.002727,0.069274,290.069641,14.776852,0.692742,-1293.861938,294.500488,0.000000
72.480003,65.218437,-1293.950806,-0.000332,0.002727,0.069274,290.106110,14.778709,0.692742,-1293.950806,294.500488,0.000000
72.490005,65.202415,-1293.861938,-0.000315,0.002727,0.069274,290.034821,14.775078,0.692742,-1293.861938,294.500488,0.000000
72.500000,65.198692,-1293.861938,-0.000323,0.002727,0.069274,290.018280,14.774235,0.692742,-1293.861938,294.500488,0.000000
72.510002,65.215828,-1293.861938,-0.000328,0.002727,0.069274,290.094482,14.778117,0.692742,-1293.861938,294.500488,0.000000
72.520004,65.203163,-1293.950806,-0.000332,0.002727,0.069274,290.038147,14.775248,0.692742,-1293.950806,294.500488,0.000000
72.530006,65.204659,-1293.950806,-0.000336,0.002727,0.069274,290.044800,14.775586,0.692742,-1293.950806,294.500488,0.000000
72.540001,65.200935,-1293.861938,-0.000319,0.002727,0.069274,290.028259,14.774743,0.692742,-1293.861938,294.500488,0.000000
72.550003,65.195351,-1293.950806,-0.000332,0.002727,0.069274,290.003418,14.773478,0.692742,-1293.950806,294.500488,0.000000
72.560005,65.206139,-1293.861938,-0.000328,0.002727,0.069274,290.051392,14.775923,0.692742,-1293.861938,294.500488,0.000000
72.570000,65.199806,-1293.906372,-0.000323,0.002727,0.069274,290.023224,14.774487,0.692742,-1293.906372,294.500488,0.000000
72.580002,65.202797,-1293.906372,-0.000328,0.002727,0.069274,290.036530,14.775166,0.692742,-1293.906372,294.500488,0.000000
72.590004,65.205025,-1293.906372,-0.000323,0.002727,0.069274,290.046448,14.775670,0.692742,-1293.906372,294.500488,0.000000
72.600006,65.206139,-1293.906372,-0.000332,0.002727,0.069274,290.051392,14.775923,0.692742,-1293.906372,294.500488,0.000000
72.610001,65.192741,-1293.906372,-0.000332,0.002727,0.069274,289.991791,14.772886,0.692742,-1293.906372,294.500488,0.000000
72.620003,65.192360,-1293.861938,-0.000323,0.002727,0.069274,289.990112,14.772799,0.692742,-1293.861938,294.500488,0.000000
72.630005,65.187889,-1293.861938,-0.000332,0.002727,0.069274,289.970215,14.771787,0.692742,-1293.861938,294.500488,0.000000
72.640007,65.200935,-1293.861938,-0.000332,0.002727,0.069274,290.028259,14.774743,0.692742,-1293.861938,294.500488,0.000000
72.650002,65.194603,-1293.906372,-0.000323,0.002727,0.069274,290.000092,14.773308,0.692742,-1293.906372,294.500488,0.000000
72.660004,65.199440,-1293.906372,-0.000323,0.002728,0.069283,290.021606,14.774405,0.692833,-1293.906372,294.500488,0.000000
72.670006,65.192360,-1293.861938,-0.000323,0.002728,0.069283,289.990112,14.772799,0.692833,-1293.861938,294.500488,0.000000
72.680000,65.189751,-1293.861938,-0.000323,0.002728,0.069283,289.978485,14.772208,0.692833,-1293.861938,294.500488,0.000000
72.690002,65.190498,-1293.817383,-0.000323,0.002728,0.069283,289.981812,14.772378,0.692833,-1293.817383,294.500488,0.000000
72.700005,65.184914,-1293.861938,-0.000328,0.002728,0.069283,289.956970,14.771112,0.692833,-1293.861938,294.500488,0.000000
72.710007,65.183052,-1293.817383,-0.000319,0.002728,0.069283,289.948700,14.770691,0.692833,-1293.817383,294.500488,0.000000
72.720001,65.184914,-1293.950806,-0.000336,0.002728,0.069283,289.956970,14.771112,0.692833,-1293.950806,294.500488,0.000000
72.730003,65.199440,-1293.861938,-0.000328,0.002728,0.069283,290.021606,14.774405,0.692833,-1293.861938,294.500488,0.000000
72.740005,65.195717,-1293.861938,-0.000315,0.002728,0.069283,290.005035,14.773561,0.692833,-1293.861938,294.500488,0.000000
72.750000,65.184547,-1293.906372,-0.000328,0.002728,0.069283,289.955353,14.771029,0.692833,-1293.906372,294.500488,0.000000
72.760002,65.181572,-1293.861938,-0.000315,0.002728,0.069283,289.942108,14.770355,0.692833,-1293.861938,294.500488,0.000000
72.770004,65.178963,-1293.906372,-0.000336,0.002728,0.069283,289.930511,14.769765,0.692833,-1293.906372,294.500488,0.000000
72.780006,65.170769,-1293.772949,-0.000319,0.002728,0.069283,289.894043,14.767907,0.692833,-1293.772949,294.500488,0.000000
72.790001,65.178963,-1293.861938,-0.000328,0.002728,0.069283,289.930511,14.769765,0.692833,-1293.861938,294.500488,0.000000
72.800003,65.180077,-1293.906372,-0.000319,0.002728,0.069283,289.935455,14.770016,0.692833,-1293.906372,294.500488,0.000000
72.810005,65.183434,-1293.817383,-0.000328,0.002728,0.069283,289.950378,14.770777,0.692833,-1293.817383,294.500488,0.000000
72.820000,65.185295,-1293.950806,-0.000328,0.002728,0.069283,289.958679,14.771199,0.692833,-1293.950806,294.500488,0.000000
72.830002,65.177101,-1293.906372,-0.000323,0.002728,0.069283,289.922211,14.769342,0.692833,-1293.906372,294.500488,0.000000
72.840004,65.174858,-1293.861938,-0.000328,0.002728,0.069291,289.912262,14.768834,0.692908,-1293.861938,294.500488,0.000000
72.850006,65.161827,-1293.995361,-0.000345,0.002728,0.069291,289.854279,14.765881,0.692908,-1293.995361,294.500488,0.000000
72.860001,65.158104,-1293.861938,-0.000341,0.002728,0.069300,289.837708,14.765038,0.692999,-1293.861938,294.500488,0.000000
72.870003,65.180077,-1293.950806,-0.000328,0.002729,0.069317,289.935455,14.770016,0.693166,-1293.950806,294.500488,0.000000
72.880005,65.195351,-1293.906372,-0.000328,0.002729,0.069326,290.003418,14.773478,0.693256,-1293.906372,294.500488,0.000000
72.890007,65.198326,-1293.817383,-0.000323,0.002729,0.069326,290.016632,14.774152,0.693256,-1293.817383,294.500488,0.000000
72.900002,65.197945,-1293.906372,-0.000336,0.002729,0.069326,290.014954,14.774065,0.693256,-1293.906372,294.500488,0.000000
72.910004,65.212471,-1293.861938,-0.000323,0.002729,0.069326,290.079559,14.777357,0.693256,-1293.861938,294.500488,0.000000
72.920006,65.221779,-1293.950806,-0.000328,0.002730,0.069335,290.120972,14.779467,0.693347,-1293.950806,294.500488,0.000000
72.930000,65.230339,-1293.861938,-0.000336,0.002730,0.069335,290.159027,14.781406,0.693347,-1293.861938,294.500488,0.000000
72.940002,65.247475,-1293.861938,-0.000323,0.002730,0.069335,290.235260,14.785289,0.693347,-1293.861938,294.500488,0.000000
72.950005,65.262367,-1293.995361,-0.000319,0.002730,0.069335,290.301514,14.788664,0.693347,-1293.995361,294.500488,0.000000
72.960007,65.261620,-1293.906372,-0.000336,0.002730,0.069335,290.298187,14.788494,0.693347,-1293.906372,294.500488,0.000000
72.970001,65.257530,-1293.950806,-0.000328,0.002730,0.069335,290.279999,14.787567,0.693347,-1293.950806,294.500488,0.000000
72.980003,65.258278,-1293.906372,-0.000328,0.002730,0.069335,290.283325,14.787737,0.693347,-1293.906372,294.500488,0.000000
72.990005,65.250832,-1293.861938,-0.000328,0.002730,0.069335,290.250183,14.786049,0.693347,-1293.861938,294.500488,0.000000
73.000000,65.253059,-1293.950806,-0.000319,0.002730,0.069335,290.260101,14.786554,0.693347,-1293.950806,294.500488,0.000000
73.010002,65.268700,-1293.861938,-0.000323,0.002730,0.069335,290.329681,14.790098,0.693347,-1293.861938,294.500488,0.000000
73.020004,65.273537,-1293.906372,-0.000332,0.002730,0.069335,290.351196,14.791195,0.693347,-1293.906372,294.500488,0.000000
73.030006,65.275398,-1293.906372,-0.000323,0.002730,0.069335,290.359467,14.791616,0.693347,-1293.906372,294.500488,0.000000
73.040001,65.270195,-1293.861938,-0.000315,0.002730,0.069335,290.336334,14.790438,0.693347,-1293.861938,294.500488,0.000000
73.050003,65.267204,-1293.950806,-0.000323,0.002730,0.069335,290.323029,14.789760,0.693347,-1293.950806,294.500488,0.000000
73.060005,65.262749,-1293.772949,-0.000323,0.002730,0.069335,290.303192,14.788750,0.693347,-1293.772949,294.500488,0.000000
73.070000,65.270561,-1293.950806,-0.000323,0.002730,0.069335,290.337952,14.790521,0.693347,-1293.950806,294.500488,0.000000
73.080002,65.277641,-1293.861938,-0.000332,0.002730,0.069335,290.369446,14.792125,0.693347,-1293.861938,294.500488,0.000000
73.090004,65.281731,-1293.861938,-0.000323,0.002730,0.069335,290.387634,14.793052,0.693347,-1293.861938,294.500488,0.000000
73.100006,65.270927,-1293.950806,-0.000328,0.002730,0.069335,290.339600,14.790604,0.693347,-1293.950806,294.500488,0.000000
73.110001,65.266090,-1293.861938,-0.000328,0.002730,0.069335,290.318085,14.789508,0.693347,-1293.861938,294.500488,0.000000
73.120003,65.273170,-1293.950806,-0.000323,0.002730,0.069335,290.349548,14.791112,0.693347,-1293.950806,294.500488,0.000000
73.130005,65.262749,-1293.861938,-0.000332,0.002730,0.069335,290.303192,14.788750,0.693347,-1293.861938,294.500488,0.000000
73.140007,65.278008,-1293.906372,-0.000323,0.002730,0.069335,290.371094,14.792209,0.693347,-1293.906372,294.500488,0.000000
73.150002,65.285454,-1293.906372,-0.000323,0.002730,0.069335,290.404205,14.793895,0.693347,-1293.906372,294.500488,0.000000
73.160004,65.277260,-1293.861938,-0.000315,0.002730,0.069335,290.367767,14.792039,0.693347,-1293.861938,294.500488,0.000000
73.170006,65.266838,-1293.950806,-0.000315,0.002730,0.069335,290.321381,14.789678,0.693347,-1293.950806,294.500488,0.000000
73.180000,65.268333,-1293.906372,-0.000323,0.002730,0.069335,290.328033,14.790016,0.693347,-1293.906372,294.500488,0.000000
73.190002,65.272057,-1293.861938,-0.000328,0.002730,0.069335,290.344604,14.790859,0.693347,-1293.861938,294.500488,0.000000
73.200005,65.269066,-1293.906372,-0.000336,0.002730,0.069335,290.331299,14.790182,0.693347,-1293.906372,294.500488,0.000000
73.210007,65.275398,-1293.861938,-0.000332,0.002730,0.069335,290.359467,14.791616,0.693347,-1293.861938,294.500488,0.000000
73.220001,65.281731,-1293.906372,-0.000332,0.002730,0.069335,290.387634,14.793052,0.693347,-1293.906372,294.500488,0.000000
73.230003,65.285088,-1293.906372,-0.000332,0.002730,0.069335,290.402588,14.793813,0.693347,-1293.906372,294.500488,0.000000
73.240005,65.288063,-1293.906372,-0.000323,0.002730,0.069335,290.415802,14.794487,0.693347,-1293.906372,294.500488,0.000000
73.250000,65.275780,-1293.950806,-0.000323,0.002730,0.069335,290.361176,14.791703,0.693347,-1293.950806,294.500488,0.000000
73.260002,65.265343,-1293.817383,-0.000336,0.002730,0.069335,290.314758,14.789338,0.693347,-1293.817383,294.500488,0.000000
73.270004,65.271675,-1293.861938,-0.000315,0.002730,0.069335,290.342926,14.790773,0.693347,-1293.861938,294.500488,0.000000
73.280006,65.272423,-1293.861938,-0.000336,0.002730,0.069335,290.346252,14.790943,0.693347,-1293.861938,294.500488,0.000000
73.290001,65.275032,-1293.861938,-0.000328,0.002730,0.069335,290.357849,14.791533,0.693347,-1293.861938,294.500488,0.000000
73.300003,65.274284,-1293.906372,-0.000323,0.002730,0.069335,290.354523,14.791364,0.693347,-1293.906372,294.500488,0.000000
73.310005,65.276527,-1293.861938,-0.000328,0.002730,0.069335,290.364502,14.791872,0.693347,-1293.861938,294.500488,0.000000
73.320000,65.264229,-1293.950806,-0.000310,0.002730,0.069335,290.309784,14.789085,0.693347,-1293.950806,294.500488,0.000000
73.330002,65.266838,-1293.861938,-0.000336,0.002730,0.069335,290.321381,14.789678,0.693347,-1293.861938,294.500488,0.000000
73.340004,65.276894,-1293.906372,-0.000319,0.002730,0.069335,290.366119,14.791956,0.693347,-1293.906372,294.500488,0.000000
73.350006,65.265343,-1293.950806,-0.000332,0.002730,0.069335,290.314758,14.789338,0.693347,-1293.950806,294.500488,0.000000
73.360001,65.264610,-1293.906372,-0.000328,0.002730,0.069335,290.311493,14.789172,0.693347,-1293.906372,294.500488,0.000000
73.370003,65.273918,-1293.861938,-0.000332,0.002730,0.069335,290.352875,14.791282,0.693347,-1293.861938,294.500488,0.000000
73.380005,65.268333,-1293.861938,-0.000315,0.002730,0.069335,290.328033,14.790016,0.693347,-1293.861938,294.500488,0.000000
73.390007,65.257896,-1293.906372,-0.000328,0.002730,0.069335,290.281616,14.787651,0.693347,-1293.906372,294.500488,0.000000
73.400002,65.259392,-1293.906372,-0.000323,0.002730,0.069335,290.288269,14.787990,0.693347,-1293.906372,294.500488,0.000000
73.410004,65.263115,-1293.817383,-0.000323,0.002730,0.069335,290.304840,14.788833,0.693347,-1293.817383,294.500488,0.000000
73.420006,65.264977,-1293.950806,-0.000323,0.002730,0.069335,290.313110,14.789255,0.693347,-1293.950806,294.500488,0.000000
73.430000,65.265724,-1293.906372,-0.000332,0.002730,0.069335,290.316437,14.789425,0.693347,-1293.906372,294.500488,0.000000
73.440002,65.262001,-1293.861938,-0.000336,0.002730,0.069335,290.299866,14.788581,0.693347,-1293.861938,294.500488,0.000000
73.450005,65.259392,-1293.906372,-0.000319,0.002730,0.069335,290.288269,14.787990,0.693347,-1293.906372,294.500488,0.000000
73.460007,65.257530,-1293.906372,-0.000319,0.002730,0.069335,290.279999,14.787567,0.693347,-1293.906372,294.500488,0.000000
73.470001,65.253807,-1293.950806,-0.000328,0.002730,0.069335,290.263428,14.786724,0.693347,-1293.950806,294.500488,0.000000
73.480003,65.244499,-1293.861938,-0.000319,0.002730,0.069335,290.222015,14.784615,0.693347,-1293.861938,294.500488,0.000000
73.490005,65.253807,-1293.861938,-0.000323,0.002730,0.069335,290.263428,14.786724,0.693347,-1293.861938,294.500488,0.000000
73.500000,65.253807,-1293.950806,-0.000319,0.002730,0.069335,290.263428,14.786724,0.693347,-1293.950806,294.500488,0.000000
73.510002,65.251198,-1293.861938,-0.000328,0.002730,0.069335,290.251831,14.786133,0.693347,-1293.861938,294.500488,0.000000
73.520004,65.252693,-1293.861938,-0.000336,0.002730,0.069335,290.258484,14.786471,0.693347,-1293.861938,294.500488,0.000000
73.530006,65.259392,-1293.950806,-0.000328,0.002730,0.069335,290.288269,14.787990,0.693347,-1293.950806,294.500488,0.000000
73.540001,65.259026,-1293.861938,-0.000332,0.002730,0.069335,290.286652,14.787907,0.693347,-1293.861938,294.500488,0.000000
73.550003,65.244865,-1293.950806,-0.000328,0.002730,0.069335,290.223663,14.784698,0.693347,-1293.950806,294.500488,0.000000
73.560005,65.248222,-1293.906372,-0.000315,0.002730,0.069335,290.238586,14.785459,0.693347,-1293.906372,294.500488,0.000000
73.570000,65.246727,-1293.950806,-0.000323,0.002730,0.069335,290.231934,14.785120,0.693347,-1293.950806,294.500488,0.000000
73.580002,65.253059,-1293.817383,-0.000328,0.002730,0.069335,290.260101,14.786554,0.693347,-1293.817383,294.500488,0.000000
73.590004,65.256035,-1293.861938,-0.000323,0.002730,0.069335,290.273346,14.787229,0.693347,-1293.861938,294.500488,0.000000
73.600006,65.244118,-1293.906372,-0.000336,0.002730,0.069335,290.220337,14.784528,0.693347,-1293.906372,294.500488,0.000000
73.610001,65.224388,-1293.861938,-0.000328,0.002730,0.069335,290.132568,14.780058,0.693347,-1293.861938,294.500488,0.000000
73.620003,65.237053,-1293.861938,-0.000319,0.002730,0.069335,290.188904,14.782928,0.693347,-1293.861938,294.500488,0.000000
73.630005,65.238167,-1293.906372,-0.000319,0.002730,0.069335,290.193848,14.783179,0.693347,-1293.906372,294.500488,0.000000
73.640007,65.243752,-1293.861938,-0.000328,0.002730,0.069335,290.218689,14.784445,0.693347,-1293.861938,294.500488,0.000000
73.650002,65.242256,-1293.861938,-0.000323,0.002730,0.069335,290.212036,14.784107,0.693347,-1293.861938,294.500488,0.000000
73.660004,65.228111,-1293.906372,-0.000323,0.002730,0.069335,290.149139,14.780901,0.693347,-1293.906372,294.500488,0.000000
73.670006,65.235558,-1293.906372,-0.000341,0.002730,0.069335,290.182251,14.782589,0.693347,-1293.906372,294.500488,0.000000
73.680000,65.235191,-1293.906372,-0.000323,0.002730,0.069335,290.180634,14.782506,0.693347,-1293.906372,294.500488,0.000000
73.690002,65.227745,-1293.906372,-0.000323,0.002730,0.069335,290.147491,14.780818,0.693347,-1293.906372,294.500488,0.000000
73.700005,65.231468,-1293.950806,-0.000319,0.002730,0.069344,290.164062,14.781662,0.693438,-1293.950806,294.500488,0.000000
73.710007,65.229607,-1293.861938,-0.000323,0.002730,0.069344,290.155792,14.781240,0.693438,-1293.861938,294.500488,0.000000
73.720001,65.233330,-1293.861938,-0.000328,0.002730,0.069344,290.172333,14.782084,0.693438,-1293.861938,294.500488,0.000000
73.730003,65.238167,-1293.906372,-0.000323,0.002730,0.069344,290.193848,14.783179,0.693438,-1293.906372,294.500488,0.000000
73.740005,65.235191,-1293.906372,-0.000315,0.002730,0.069344,290.180634,14.782506,0.693438,-1293.906372,294.500488,0.000000
73.750000,65.231087,-1293.995361,-0.000315,0.002730,0.069344,290.162354,14.781575,0.693438,-1293.995361,294.500488,0.000000
73.760002,65.236671,-1293.906372,-0.000319,0.002730,0.069344,290.187195,14.782842,0.693438,-1293.906372,294.500488,0.000000
73.770004,65.239281,-1293.950806,-0.000323,0.002730,0.069344,290.198822,14.783432,0.693438,-1293.950806,294.500488,0.000000
73.780006,65.238167,-1293.906372,-0.000328,0.002730,0.069344,290.193848,14.783179,0.693438,-1293.906372,294.500488,0.000000
73.790001,65.236671,-1293.906372,-0.000323,0.002730,0.069344,290.187195,14.782842,0.693438,-1293.906372,294.500488,0.000000
73.800003,65.225883,-1293.950806,-0.000319,0.002730,0.069344,290.139221,14.780396,0.693438,-1293.950806,294.500488,0.000000
73.810005,65.238167,-1293.861938,-0.000328,0.002730,0.069344,290.193848,14.783179,0.693438,-1293.861938,294.500488,0.000000
73.820000,65.231468,-1293.906372,-0.000328,0.002730,0.069344,290.164062,14.781662,0.693438,-1293.906372,294.500488,0.000000
73.830002,65.225136,-1293.861938,-0.000328,0.002730,0.069344,290.135895,14.780228,0.693438,-1293.861938,294.500488,0.000000
73.840004,65.225883,-1293.950806,-0.000332,0.002730,0.069344,290.139221,14.780396,0.693438,-1293.950806,294.500488,0.000000
73.850006,65.237053,-1293.950806,-0.000332,0.002730,0.069344,290.188904,14.782928,0.693438,-1293.950806,294.500488,0.000000
73.860001,65.237801,-1293.906372,-0.000319,0.002730,0.069344,290.192230,14.783097,0.693438,-1293.906372,294.500488,0.000000
73.870003,65.228859,-1293.906372,-0.000328,0.002730,0.069344,290.152466,14.781071,0.693438,-1293.906372,294.500488,0.000000
73.880005,65.227745,-1293.950806,-0.000323,0.002730,0.069344,290.147491,14.780818,0.693438,-1293.950806,294.500488,0.000000
73.890007,65.225502,-1293.861938,-0.000319,0.002730,0.069344,290.137512,14.780310,0.693438,-1293.861938,294.500488,0.000000
73.900002,65.234810,-1293.906372,-0.000319,0.002730,0.069344,290.178925,14.782419,0.693438,-1293.906372,294.500488,0.000000
73.910004,65.236305,-1293.861938,-0.000323,0.002730,0.069344,290.185577,14.782759,0.693438,-1293.861938,294.500488,0.000000
73.920006,65.238533,-1293.906372,-0.000323,0.002730,0.069344,290.195496,14.783262,0.693438,-1293.906372,294.500488,0.000000
73.930000,65.235558,-1293.817383,-0.000328,0.002730,0.069344,290.182251,14.782589,0.693438,-1293.817383,294.500488,0.000000
73.940002,65.227364,-1293.861938,-0.000328,0.002730,0.069344,290.145813,14.780732,0.693438,-1293.861938,294.500488,0.000000
73.950005,65.232948,-1293.950806,-0.000328,0.002730,0.069344,290.170654,14.781998,0.693438,-1293.950806,294.500488,0.000000
73.960007,65.222893,-1293.906372,-0.000336,0.002730,0.069344,290.125916,14.779719,0.693438,-1293.906372,294.500488,0.000000
73.970001,65.225502,-1293.950806,-0.000319,0.002730,0.069344,290.137512,14.780310,0.693438,-1293.950806,294.500488,0.000000
73.980003,65.231087,-1293.817383,-0.000332,0.002730,0.069344,290.162354,14.781575,0.693438,-1293.817383,294.500488,0.000000
73.990005,65.233696,-1293.817383,-0.000332,0.002730,0.069344,290.173981,14.782166,0.693438,-1293.817383,294.500488,0.000000
74.000000,65.222160,-1293.861938,-0.000328,0.002730,0.069344,290.122650,14.779552,0.693438,-1293.861938,294.500488,0.000000
74.010002,65.217690,-1293.861938,-0.000319,0.002730,0.069344,290.102783,14.778540,0.693438,-1293.861938,294.500488,0.000000
74.020004,65.221779,-1293.995361,-0.000315,0.002730,0.069344,290.120972,14.779467,0.693438,-1293.995361,294.500488,0.000000
74.030006,65.226616,-1293.906372,-0.000336,0.002730,0.069344,290.142487,14.780562,0.693438,-1293.906372,294.500488,0.000000
74.040001,65.222893,-1293.817383,-0.000315,0.002730,0.069344,290.125916,14.779719,0.693438,-1293.817383,294.500488,0.000000
74.050003,65.229225,-1293.861938,-0.000323,0.002730,0.069344,290.154083,14.781154,0.693438,-1293.861938,294.500488,0.000000
74.060005,65.224388,-1293.861938,-0.000315,0.002730,0.069344,290.132568,14.780058,0.693438,-1293.861938,294.500488,0.000000
74.070007,65.221413,-1293.950806,-0.000323,0.002730,0.069344,290.119324,14.779383,0.693438,-1293.950806,294.500488,0.000000
74.080002,65.208748,-1293.906372,-0.000315,0.002730,0.069344,290.062988,14.776513,0.693438,-1293.906372,294.500488,0.000000
74.090004,65.209862,-1293.906372,-0.000315,0.002730,0.069344,290.067963,14.776766,0.693438,-1293.906372,294.500488,0.000000
74.100006,65.205391,-1293.950806,-0.000319,0.002730,0.069344,290.048065,14.775753,0.693438,-1293.950806,294.500488,0.000000
74.110001,65.218056,-1293.861938,-0.000319,0.002730,0.069344,290.104401,14.778623,0.693438,-1293.861938,294.500488,0.000000
74.120003,65.222893,-1293.995361,-0.000315,0.002730,0.069344,290.125916,14.779719,0.693438,-1293.995361,294.500488,0.000000
74.130005,65.218803,-1293.861938,-0.000332,0.002730,0.069344,290.107727,14.778792,0.693438,-1293.861938,294.500488,0.000000
74.140007,65.213585,-1293.906372,-0.000315,0.002730,0.069344,290.084503,14.777609,0.693438,-1293.906372,294.500488,0.000000
74.150002,65.205391,-1293.950806,-0.000332,0.002730,0.069351,290.048065,14.775753,0.693514,-1293.950806,294.500488,0.000000
74.160004,65.201302,-1293.906372,-0.000315,0.002730,0.069351,290.029877,14.774826,0.693514,-1293.906372,294.500488,0.000000
74.170006,65.212471,-1293.995361,-0.000332,0.002730,0.069351,290.079559,14.777357,0.693514,-1293.995361,294.500488,0.000000
74.180000,65.208748,-1293.861938,-0.000315,0.002730,0.069351,290.062988,14.776513,0.693514,-1293.861938,294.500488,0.000000
74.190002,65.211723,-1293.861938,-0.000315,0.002730,0.069351,290.076233,14.777188,0.693514,-1293.861938,294.500488,0.000000
74.200005,65.205025,-1293.950806,-0.000332,0.002730,0.069351,290.046448,14.775670,0.693514,-1293.950806,294.500488,0.000000
74.210007,65.210243,-1293.861938,-0.000328,0.002730,0.069351,290.069641,14.776852,0.693514,-1293.861938,294.500488,0.000000
74.220001,65.202797,-1293.906372,-0.000328,0.002730,0.069351,290.036530,14.775166,0.693514,-1293.906372,294.500488,0.000000
74.230003,65.193855,-1293.906372,-0.000323,0.002731,0.069360,289.996765,14.773139,0.693605,-1293.906372,294.500488,0.000000
74.240005,65.182304,-1293.861938,-0.000319,0.002731,0.069370,289.945374,14.770521,0.693696,-1293.861938,294.500488,0.000000
74.250000,65.199440,-1293.950806,-0.000323,0.002731,0.069370,290.021606,14.774405,0.693696,-1293.950806,294.500488,0.000000
74.260002,65.218056,-1293.861938,-0.000319,0.002731,0.069370,290.104401,14.778623,0.693696,-1293.861938,294.500488,0.000000
74.270004,65.219551,-1293.906372,-0.000328,0.002731,0.069370,290.111053,14.778962,0.693696,-1293.906372,294.500488,0.000000
74.280006,65.211357,-1293.950806,-0.000345,0.002731,0.069370,290.074615,14.777104,0.693696,-1293.950806,294.500488,0.000000
74.290001,65.206886,-1293.861938,-0.000310,0.002731,0.069370,290.054718,14.776092,0.693696,-1293.861938,294.500488,0.000000
74.300003,65.217308,-1293.906372,-0.000332,0.002731,0.069370,290.101074,14.778454,0.693696,-1293.906372,294.500488,0.000000
74.310005,65.207253,-1293.861938,-0.000319,0.002731,0.069370,290.056335,14.776175,0.693696,-1293.861938,294.500488,0.000000
74.320007,65.215828,-1293.906372,-0.000315,0.002731,0.069370,290.094482,14.778117,0.693696,-1293.906372,294.500488,0.000000
74.330002,65.214714,-1293.861938,-0.000341,0.002731,0.069370,290.089539,14.777865,0.693696,-1293.861938,294.500488,0.000000
74.340004,65.213585,-1293.861938,-0.000323,0.002731,0.069370,290.084503,14.777609,0.693696,-1293.861938,294.500488,0.000000
74.350006,65.205772,-1293.950806,-0.000328,0.002731,0.069370,290.049774,14.775839,0.693696,-1293.950806,294.500488,0.000000
74.360001,65.201302,-1293.950806,-0.000341,0.002731,0.069370,290.029877,14.774826,0.693696,-1293.950806,294.500488,0.000000
74.370003,65.206520,-1293.906372,-0.000315,0.002731,0.069370,290.053101,14.776009,0.693696,-1293.906372,294.500488,0.000000
74.380005,65.211357,-1293.861938,-0.000328,0.002731,0.069370,290.074615,14.777104,0.693696,-1293.861938,294.500488,0.000000
74.390007,65.215828,-1293.861938,-0.000310,0.002731,0.069370,290.094482,14.778117,0.693696,-1293.861938,294.500488,0.000000
74.400002,65.205391,-1293.861938,-0.000323,0.002731,0.069370,290.048065,14.775753,0.693696,-1293.861938,294.500488,0.000000
74.410004,65.203163,-1293.906372,-0.000323,0.002731,0.069370,290.038147,14.775248,0.693696,-1293.906372,294.500488,0.000000
74.420006,65.202797,-1293.906372,-0.000315,0.002731,0.069370,290.036530,14.775166,0.693696,-1293.906372,294.500488,0.000000
74.430000,65.208382,-1293.906372,-0.000328,0.002731,0.069370,290.061371,14.776431,0.693696,-1293.906372,294.500488,0.000000
74.440002,65.212837,-1293.861938,-0.000328,0.002731,0.069370,290.081177,14.777440,0.693696,-1293.861938,294.500488,0.000000
74.450005,65.206139,-1293.906372,-0.000332,0.002731,0.069370,290.051392,14.775923,0.693696,-1293.906372,294.500488,0.000000
74.460007,65.205772,-1293.817383,-0.000319,0.002731,0.069370,290.049774,14.775839,0.693696,-1293.817383,294.500488,0.000000
74.470001,65.202797,-1293.906372,-0.000310,0.002731,0.069370,290.036530,14.775166,0.693696,-1293.906372,294.500488,0.000000
74.480003,65.203529,-1293.861938,-0.000323,0.002731,0.069370,290.039795,14.775331,0.693696,-1293.861938,294.500488,0.000000
74.490005,65.182686,-1293.906372,-0.000323,0.002731,0.069370,289.947083,14.770608,0.693696,-1293.906372,294.500488,0.000000
74.500000,65.184166,-1293.906372,-0.000319,0.002731,0.069370,289.953644,14.770943,0.693696,-1293.906372,294.500488,0.000000
74.510002,65.187523,-1293.861938,-0.000323,0.002731,0.069370,289.968597,14.771704,0.693696,-1293.861938,294.500488,0.000000
74.520004,65.194969,-1293.861938,-0.000315,0.002731,0.069370,290.001709,14.773392,0.693696,-1293.861938,294.500488,0.000000
74.530006,65.209496,-1293.861938,-0.000319,0.002731,0.069370,290.066315,14.776683,0.693696,-1293.861938,294.500488,0.000000
74.540001,65.188637,-1293.861938,-0.000319,0.002731,0.069370,289.973541,14.771956,0.693696,-1293.861938,294.500488,0.000000
74.550003,65.183052,-1293.950806,-0.000315,0.002731,0.069370,289.948700,14.770691,0.693696,-1293.950806,294.500488,0.000000
74.560005,65.187523,-1293.906372,-0.000328,0.002731,0.069370,289.968597,14.771704,0.693696,-1293.906372,294.500488,0.000000
74.570007,65.195351,-1293.906372,-0.000323,0.002731,0.069370,290.003418,14.773478,0.693696,-1293.906372,294.500488,0.000000
74.580002,65.193855,-1293.817383,-0.000336,0.002731,0.069370,289.996765,14.773139,0.693696,-1293.817383,294.500488,0.000000
74.590004,65.186775,-1293.906372,-0.000319,0.002731,0.069370,289.965271,14.771534,0.693696,-1293.906372,294.500488,0.000000
74.600006,65.187889,-1293.906372,-0.000328,0.002731,0.069370,289.970215,14.771787,0.693696,-1293.906372,294.500488,0.000000
74.610001,65.192360,-1293.817383,-0.000310,0.002731,0.069370,289.990112,14.772799,0.693696,-1293.817383,294.500488,0.000000
74.620003,65.181572,-1293.995361,-0.000319,0.002731,0.069370,289.942108,14.770355,0.693696,-1293.995361,294.500488,0.000000
74.630005,65.181572,-1293.861938,-0.000332,0.002731,0.069370,289.942108,14.770355,0.693696,-1293.861938,294.500488,0.000000
74.640007,65.175987,-1293.906372,-0.000315,0.002731,0.069370,289.917267,14.769090,0.693696,-1293.906372,294.500488,0.000000
74.650002,65.178215,-1293.906372,-0.000323,0.002731,0.069370,289.927185,14.769595,0.693696,-1293.906372,294.500488,0.000000
74.660004,65.180824,-1293.817383,-0.000341,0.002731,0.069370,289.938782,14.770185,0.693696,-1293.817383,294.500488,0.000000
74.670006,65.183800,-1293.995361,-0.000310,0.002731,0.069370,289.952026,14.770861,0.693696,-1293.995361,294.500488,0.000000
74.680000,65.176353,-1293.861938,-0.000319,0.002731,0.069370,289.918915,14.769173,0.693696,-1293.861938,294.500488,0.000000
74.690002,65.173378,-1293.906372,-0.000336,0.002731,0.069370,289.905670,14.768499,0.693696,-1293.906372,294.500488,0.000000
74.700005,65.165184,-1293.906372,-0.000336,0.002731,0.069370,289.869202,14.766642,0.693696,-1293.906372,294.500488,0.000000
74.710007,65.163322,-1293.861938,-0.000328,0.002731,0.069370,289.860931,14.766220,0.693696,-1293.861938,294.500488,0.000000
74.720001,65.166664,-1293.906372,-0.000332,0.002731,0.069370,289.875793,14.766976,0.693696,-1293.906372,294.500488,0.000000
74.730003,65.163322,-1293.861938,-0.000323,0.002731,0.069370,289.860931,14.766220,0.693696,-1293.861938,294.500488,0.000000
74.740005,65.164436,-1293.906372,-0.000306,0.002731,0.069370,289.865875,14.766473,0.693696,-1293.906372,294.500488,0.000000
74.750000,65.161827,-1293.950806,-0.000328,0.002731,0.069379,289.854279,14.765881,0.693786,-1293.950806,294.500488,0.000000
74.760002,65.169273,-1293.817383,-0.000315,0.002732,0.069386,289.887421,14.767569,0.693862,-1293.817383,294.500488,0.000000
74.770004,65.155495,-1293.906372,-0.000315,0.002732,0.069404,289.826111,14.764446,0.694044,-1293.906372,294.500488,0.000000
74.780006,65.160713,-1293.861938,-0.000315,0.002734,0.069439,289.849335,14.765629,0.694392,-1293.861938,294.500488,0.000000
74.790001,65.193474,-1293.861938,-0.000328,0.002735,0.069465,289.995056,14.773052,0.694649,-1293.861938,294.500488,0.000000
74.800003,65.266472,-1293.950806,-0.000332,0.002735,0.069474,290.319763,14.789594,0.694740,-1293.950806,294.500488,0.000000
74.810005,65.327156,-1293.861938,-0.000323,0.002735,0.069474,290.589691,14.803345,0.694740,-1293.861938,294.500488,0.000000
74.820007,65.333122,-1293.906372,-0.000319,0.002735,0.069474,290.616241,14.804697,0.694740,-1293.906372,294.500488,0.000000
74.830002,65.352852,-1293.950806,-0.000319,0.002735,0.069474,290.704010,14.809168,0.694740,-1293.950806,294.500488,0.000000
74.840004,65.365883,-1293.950806,-0.000323,0.002735,0.069474,290.761963,14.812121,0.694740,-1293.950806,294.500488,0.000000
74.850006,65.380791,-1293.861938,-0.000315,0.002735,0.069474,290.828278,14.815498,0.694740,-1293.861938,294.500488,0.000000
74.860001,65.396049,-1293.861938,-0.000328,0.002735,0.069474,290.896149,14.818957,0.694740,-1293.861938,294.500488,0.000000
74.870003,65.407219,-1293.950806,-0.000328,0.002735,0.069474,290.945831,14.821488,0.694740,-1293.950806,294.500488,0.000000
74.880005,65.423973,-1293.861938,-0.000332,0.002735,0.069474,291.020355,14.825285,0.694740,-1293.861938,294.500488,0.000000
74.890007,65.420250,-1293.906372,-0.000319,0.002735,0.069474,291.003815,14.824440,0.694740,-1293.906372,294.500488,0.000000
74.900002,65.426964,-1293.906372,-0.000310,0.002735,0.069474,291.033661,14.825962,0.694740,-1293.906372,294.500488,0.000000
74.910004,65.439613,-1293.861938,-0.000323,0.002735,0.069474,291.089935,14.828828,0.694740,-1293.861938,294.500488,0.000000
74.920006,65.457497,-1293.950806,-0.000319,0.002735,0.069474,291.169495,14.832880,0.694740,-1293.950806,294.500488,0.000000
74.930000,65.473503,-1293.906372,-0.000336,0.002735,0.069474,291.240692,14.836508,0.694740,-1293.906372,294.500488,0.000000
74.940002,65.465309,-1293.906372,-0.000328,0.002735,0.069474,291.204224,14.834651,0.694740,-1293.906372,294.500488,0.000000
74.950005,65.471275,-1293.906372,-0.000336,0.002735,0.069474,291.230774,14.836003,0.694740,-1293.906372,294.500488,0.000000
74.960007,65.475746,-1293.861938,-0.000328,0.002735,0.069474,291.250671,14.837016,0.694740,-1293.861938,294.500488,0.000000
74.970001,65.489143,-1293.950806,-0.000323,0.002735,0.069474,291.310272,14.840053,0.694740,-1293.950806,294.500488,0.000000
74.980003,65.486534,-1293.817383,-0.000319,0.002735,0.069474,291.298645,14.839460,0.694740,-1293.817383,294.500488,0.000000
74.990005,65.486534,-1293.906372,-0.000315,0.002735,0.069474,291.298645,14.839460,0.694740,-1293.906372,294.500488,0.000000
75.000000,65.488029,-1293.906372,-0.000332,0.002735,0.069474,291.305298,14.839800,0.694740,-1293.906372,294.500488,0.000000
75.010002,65.488396,-1293.906372,-0.000315,0.002735,0.069474,291.306946,14.839883,0.694740,-1293.906372,294.500488,0.000000
75.020004,65.492119,-1293.950806,-0.000332,0.002735,0.069474,291.323486,14.840726,0.694740,-1293.950806,294.500488,0.000000
75.030006,65.498833,-1293.817383,-0.000323,0.002735,0.069474,291.353363,14.842247,0.694740,-1293.817383,294.500488,0.000000
75.040001,65.491005,-1293.906372,-0.000315,0.002735,0.069474,291.318542,14.840473,0.694740,-1293.906372,294.500488,0.000000
75.050003,65.498451,-1293.861938,-0.000341,0.002735,0.069474,291.351654,14.842161,0.694740,-1293.861938,294.500488,0.000000
75.060005,65.499565,-1293.861938,-0.000315,0.002735,0.069474,291.356628,14.842414,0.694740,-1293.861938,294.500488,0.000000
75.070007,65.496971,-1293.906372,-0.000315,0.002735,0.069474,291.345093,14.841826,0.694740,-1293.906372,294.500488,0.000000
75.080002,65.495476,-1293.817383,-0.000328,0.002735,0.069474,291.338440,14.841487,0.694740,-1293.817383,294.500488,0.000000
75.090004,65.510002,-1293.950806,-0.000310,0.002735,0.069474,291.403046,14.844778,0.694740,-1293.950806,294.500488,0.000000
75.100006,65.505898,-1293.950806,-0.000332,0.002735,0.069474,291.384796,14.843848,0.694740,-1293.950806,294.500488,0.000000
75.110001,65.501808,-1293.950806,-0.000323,0.002735,0.069474,291.366608,14.842922,0.694740,-1293.950806,294.500488,0.000000
75.120003,65.498451,-1294.039795,-0.000328,0.002735,0.069474,291.351654,14.842161,0.694740,-1294.039795,294.500488,0.000000
75.130005,65.493614,-1293.906372,-0.000328,0.002735,0.069474,291.330139,14.841065,0.694740,-1293.906372,294.500488,0.000000
75.140007,65.501427,-1293.906372,-0.000323,0.002735,0.069474,291.364899,14.842835,0.694740,-1293.906372,294.500488,0.000000
75.150002,65.499565,-1293.906372,-0.000323,0.002735,0.069474,291.356628,14.842414,0.694740,-1293.906372,294.500488,0.000000
75.160004,65.505150,-1293.861938,-0.000319,0.002735,0.069474,291.381470,14.843679,0.694740,-1293.861938,294.500488,0.000000
75.170006,65.490639,-1293.950806,-0.000323,0.002735,0.069474,291.316925,14.840391,0.694740,-1293.950806,294.500488,0.000000
75.180000,65.490639,-1293.906372,-0.000323,0.002735,0.069474,291.316925,14.840391,0.694740,-1293.906372,294.500488,0.000000
75.190002,65.503670,-1293.950806,-0.000306,0.002735,0.069474,291.374878,14.843344,0.694740,-1293.950806,294.500488,0.000000
75.200005,65.507759,-1293.906372,-0.000323,0.002735,0.069474,291.393066,14.844271,0.694740,-1293.906372,294.500488,0.000000
75.210007,65.507759,-1293.861938,-0.000315,0.002735,0.069474,291.393066,14.844271,0.694740,-1293.861938,294.500488,0.000000
75.220001,65.496223,-1293.861938,-0.000319,0.002735,0.069474,291.341766,14.841657,0.694740,-1293.861938,294.500488,0.000000
75.230003,65.495110,-1293.861938,-0.000315,0.002735,0.069474,291.336792,14.841404,0.694740,-1293.861938,294.500488,0.000000
75.240005,65.498451,-1293.950806,-0.000310,0.002735,0.069474,291.351654,14.842161,0.694740,-1293.950806,294.500488,0.000000
75.250000,65.492867,-1293.906372,-0.000323,0.002735,0.069474,291.326813,14.840896,0.694740,-1293.906372,294.500488,0.000000
75.260002,65.500694,-1293.861938,-0.000310,0.002735,0.069474,291.361633,14.842669,0.694740,-1293.861938,294.500488,0.000000
75.270004,65.489143,-1293.950806,-0.000319,0.002735,0.069474,291.310272,14.840053,0.694740,-1293.950806,294.500488,0.000000
75.280006,65.493980,-1293.861938,-0.000323,0.002735,0.069474,291.331787,14.841148,0.694740,-1293.861938,294.500488,0.000000
75.290001,65.495842,-1293.861938,-0.000315,0.002735,0.069474,291.340057,14.841571,0.694740,-1293.861938,294.500488,0.000000
75.300003,65.488777,-1293.906372,-0.000332,0.002735,0.069474,291.308624,14.839969,0.694740,-1293.906372,294.500488,0.000000
75.310005,65.489891,-1293.906372,-0.000310,0.002735,0.069474,291.313599,14.840221,0.694740,-1293.906372,294.500488,0.000000
75.320007,65.486916,-1293.950806,-0.000323,0.002735,0.069474,291.300354,14.839547,0.694740,-1293.950806,294.500488,0.000000
75.330002,65.495476,-1293.861938,-0.000319,0.002735,0.069474,291.338440,14.841487,0.694740,-1293.861938,294.500488,0.000000
75.340004,65.494362,-1293.906372,-0.000310,0.002735,0.069474,291.333466,14.841234,0.694740,-1293.906372,294.500488,0.000000
75.350006,65.485420,-1293.950806,-0.000310,0.002735,0.069474,291.293701,14.839208,0.694740,-1293.950806,294.500488,0.000000
75.360001,65.499199,-1293.817383,-0.000319,0.002735,0.069474,291.354980,14.842331,0.694740,-1293.817383,294.500488,0.000000
75.370003,65.493980,-1293.906372,-0.000323,0.002735,0.069474,291.331787,14.841148,0.694740,-1293.906372,294.500488,0.000000
75.380005,65.498451,-1293.861938,-0.000323,0.002735,0.069474,291.351654,14.842161,0.694740,-1293.861938,294.500488,0.000000
75.390007,65.491005,-1293.861938,-0.000323,0.002735,0.069474,291.318542,14.840473,0.694740,-1293.861938,294.500488,0.000000
75.400002,65.489525,-1293.906372,-0.000328,0.002735,0.069474,291.311951,14.840138,0.694740,-1293.906372,294.500488,0.000000
75.410004,65.490257,-1293.906372,-0.000323,0.002735,0.069474,291.315216,14.840305,0.694740,-1293.906372,294.500488,0.000000
75.420006,65.491005,-1293.861938,-0.000319,0.002735,0.069474,291.318542,14.840473,0.694740,-1293.861938,294.500488,0.000000
75.430000,65.485786,-1293.950806,-0.000319,0.002735,0.069474,291.295319,14.839292,0.694740,-1293.950806,294.500488,0.000000
75.440002,65.478340,-1293.817383,-0.000315,0.002735,0.069474,291.262207,14.837604,0.694740,-1293.817383,294.500488,0.000000
75.450005,65.467552,-1293.950806,-0.000332,0.002735,0.069474,291.214203,14.835159,0.694740,-1293.950806,294.500488,0.000000
75.460007,65.467918,-1293.906372,-0.000319,0.002735,0.069474,291.215851,14.835242,0.694740,-1293.906372,294.500488,0.000000
75.470001,65.491386,-1293.950806,-0.000328,0.002735,0.069474,291.320251,14.840561,0.694740,-1293.950806,294.500488,0.000000
75.480003,65.489891,-1293.861938,-0.000323,0.002735,0.069474,291.313599,14.840221,0.694740,-1293.861938,294.500488,0.000000
75.490005,65.477974,-1293.906372,-0.000328,0.002735,0.069474,291.260590,14.837522,0.694740,-1293.906372,294.500488,0.000000
75.500000,65.467552,-1293.950806,-0.000319,0.002735,0.069474,291.214203,14.835159,0.694740,-1293.950806,294.500488,0.000000
75.510002,65.465691,-1293.861938,-0.000323,0.002735,0.069474,291.205933,14.834738,0.694740,-1293.861938,294.500488,0.000000
75.520004,65.466423,-1293.861938,-0.000315,0.002735,0.069474,291.209198,14.834903,0.694740,-1293.861938,294.500488,0.000000
75.530006,65.473503,-1293.906372,-0.000319,0.002735,0.069474,291.240692,14.836508,0.694740,-1293.906372,294.500488,0.000000
75.540001,65.485420,-1293.861938,-0.000319,0.002735,0.069474,291.293701,14.839208,0.694740,-1293.861938,294.500488,0.000000
75.550003,65.480202,-1293.950806,-0.000328,0.002735,0.069474,291.270477,14.838026,0.694740,-1293.950806,294.500488,0.000000
75.560005,65.472389,-1293.861938,-0.000323,0.002735,0.069474,291.235718,14.836256,0.694740,-1293.861938,294.500488,0.000000
75.570007,65.465691,-1293.906372,-0.000328,0.002735,0.069474,291.205933,14.834738,0.694740,-1293.906372,294.500488,0.000000
75.580002,65.469414,-1293.861938,-0.000328,0.002735,0.069474,291.222504,14.835581,0.694740,-1293.861938,294.500488,0.000000
75.590004,65.463829,-1293.906372,-0.000323,0.002735,0.069474,291.197662,14.834315,0.694740,-1293.906372,294.500488,0.000000
75.600006,65.465691,-1293.906372,-0.000319,0.002735,0.069474,291.205933,14.834738,0.694740,-1293.906372,294.500488,0.000000
75.610001,65.469032,-1293.861938,-0.000323,0.002735,0.069474,291.220795,14.835495,0.694740,-1293.861938,294.500488,0.000000
75.620003,65.461220,-1293.995361,-0.000315,0.002735,0.069474,291.186035,14.833725,0.694740,-1293.995361,294.500488,0.000000
75.630005,65.460106,-1293.906372,-0.000319,0.002735,0.069474,291.181091,14.833472,0.694740,-1293.906372,294.500488,0.000000
75.640007,65.461586,-1293.906372,-0.000323,0.002735,0.069474,291.187683,14.833807,0.694740,-1293.906372,294.500488,0.000000
75.650002,65.453773,-1293.950806,-0.000315,0.002735,0.069474,291.152924,14.832037,0.694740,-1293.950806,294.500488,0.000000
75.660004,65.444832,-1293.906372,-0.000319,0.002735,0.069474,291.113159,14.830010,0.694740,-1293.906372,294.500488,0.000000
75.670006,65.443336,-1293.950806,-0.000310,0.002735,0.069474,291.106506,14.829672,0.694740,-1293.950806,294.500488,0.000000
75.680000,65.446327,-1293.861938,-0.000319,0.002735,0.069474,291.119812,14.830349,0.694740,-1293.861938,294.500488,0.000000
75.690002,65.445946,-1293.861938,-0.000323,0.002735,0.069474,291.118103,14.830263,0.694740,-1293.861938,294.500488,0.000000
75.700005,65.437019,-1293.950806,-0.000332,0.002735,0.069474,291.078400,14.828240,0.694740,-1293.950806,294.500488,0.000000
75.710007,65.437019,-1293.817383,-0.000332,0.002735,0.069474,291.078400,14.828240,0.694740,-1293.817383,294.500488,0.000000
75.720001,65.429558,-1293.950806,-0.000315,0.002735,0.069474,291.045197,14.826550,0.694740,-1293.950806,294.500488,0.000000
75.730003,65.429192,-1293.861938,-0.000328,0.002735,0.069474,291.043579,14.826467,0.694740,-1293.861938,294.500488,0.000000
75.740005,65.432167,-1293.906372,-0.000310,0.002735,0.069474,291.056824,14.827141,0.694740,-1293.906372,294.500488,0.000000
75.750000,65.425835,-1293.861938,-0.000319,0.002735,0.069474,291.028656,14.825706,0.694740,-1293.861938,294.500488,0.000000
75.760002,65.415794,-1293.906372,-0.000323,0.002735,0.069474,290.983978,14.823431,0.694740,-1293.906372,294.500488,0.000000
75.770004,65.419884,-1293.950806,-0.000323,0.002735,0.069474,291.002167,14.824358,0.694740,-1293.950806,294.500488,0.000000
75.780006,65.418388,-1293.861938,-0.000328,0.002735,0.069474,290.995514,14.824019,0.694740,-1293.861938,294.500488,0.000000
75.790001,65.415047,-1293.906372,-0.000306,0.002735,0.069474,290.980652,14.823262,0.694740,-1293.906372,294.500488,0.000000
75.800003,65.416161,-1293.950806,-0.000328,0.002735,0.069474,290.985626,14.823514,0.694740,-1293.950806,294.500488,0.000000
75.810005,65.419136,-1293.906372,-0.000319,0.002735,0.069474,290.998840,14.824188,0.694740,-1293.906372,294.500488,0.000000
75.820007,65.416161,-1293.950806,-0.000315,0.002735,0.069474,290.985626,14.823514,0.694740,-1293.950806,294.500488,0.000000
75.830002,65.415413,-1293.906372,-0.000332,0.002735,0.069474,290.982300,14.823344,0.694740,-1293.906372,294.500488,0.000000
75.840004,65.401634,-1293.950806,-0.000310,0.002735,0.069474,290.920990,14.820223,0.694740,-1293.950806,294.500488,0.000000
75.850006,65.398293,-1293.950806,-0.000332,0.002735,0.069474,290.906128,14.819465,0.694740,-1293.950806,294.500488,0.000000
75.860001,65.398293,-1293.906372,-0.000323,0.002735,0.069474,290.906128,14.819465,0.694740,-1293.906372,294.500488,0.000000
75.870003,65.398293,-1293.950806,-0.000319,0.002735,0.069474,290.906128,14.819465,0.694740,-1293.950806,294.500488,0.000000
75.880005,65.396049,-1293.861938,-0.000328,0.002735,0.069474,290.896149,14.818957,0.694740,-1293.861938,294.500488,0.000000
75.890007,65.394188,-1293.950806,-0.000323,0.002735,0.069474,290.887878,14.818535,0.694740,-1293.950806,294.500488,0.000000
75.900002,65.400520,-1293.906372,-0.000310,0.002735,0.069474,290.916046,14.819970,0.694740,-1293.906372,294.500488,0.000000
75.910004,65.407600,-1293.950806,-0.000328,0.002735,0.069474,290.947540,14.821574,0.694740,-1293.950806,294.500488,0.000000
75.920006,65.404610,-1293.906372,-0.000315,0.002735,0.069474,290.934235,14.820896,0.694740,-1293.906372,294.500488,0.000000
75.930000,65.399025,-1293.950806,-0.000323,0.002735,0.069474,290.909393,14.819631,0.694740,-1293.950806,294.500488,0.000000
75.940002,65.388237,-1293.861938,-0.000319,0.002735,0.069474,290.861420,14.817186,0.694740,-1293.861938,294.500488,0.000000
75.950005,65.392708,-1293.861938,-0.000323,0.002735,0.069474,290.881287,14.818199,0.694740,-1293.861938,294.500488,0.000000
75.960007,65.394936,-1293.817383,-0.000315,0.002735,0.069474,290.891205,14.818705,0.694740,-1293.817383,294.500488,0.000000
75.970001,65.385246,-1293.995361,-0.000315,0.002735,0.069474,290.848114,14.816508,0.694740,-1293.995361,294.500488,0.000000
75.980003,65.383766,-1293.906372,-0.000323,0.002735,0.069474,290.841522,14.816174,0.694740,-1293.906372,294.500488,0.000000
75.990005,65.388237,-1293.906372,-0.000315,0.002735,0.069474,290.861420,14.817186,0.694740,-1293.906372,294.500488,0.000000
76.000000,65.386375,-1293.906372,-0.000319,0.002735,0.069474,290.853119,14.816764,0.694740,-1293.906372,294.500488,0.000000
76.010002,65.388969,-1293.950806,-0.000319,0.002735,0.069474,290.864655,14.817352,0.694740,-1293.950806,294.500488,0.000000
76.020004,65.386375,-1293.906372,-0.000310,0.002735,0.069474,290.853119,14.816764,0.694740,-1293.906372,294.500488,0.000000
76.030006,65.370735,-1293.950806,-0.000323,0.002735,0.069474,290.783539,14.813220,0.694740,-1293.950806,294.500488,0.000000
76.040001,65.367744,-1293.861938,-0.000328,0.002735,0.069474,290.770264,14.812542,0.694740,-1293.861938,294.500488,0.000000
76.050003,65.372963,-1293.950806,-0.000336,0.002735,0.069474,290.793457,14.813725,0.694740,-1293.950806,294.500488,0.000000
76.060005,65.378548,-1293.861938,-0.000319,0.002735,0.069474,290.818298,14.814991,0.694740,-1293.861938,294.500488,0.000000
76.070007,65.373711,-1293.906372,-0.000315,0.002735,0.069474,290.796783,14.813894,0.694740,-1293.906372,294.500488,0.000000
76.080002,65.378929,-1293.906372,-0.000319,0.002735,0.069474,290.820007,14.815078,0.694740,-1293.906372,294.500488,0.000000
76.090004,65.367744,-1293.950806,-0.000319,0.002735,0.069474,290.770264,14.812542,0.694740,-1293.950806,294.500488,0.000000
76.100006,65.361427,-1293.995361,-0.000319,0.002735,0.069474,290.742157,14.811111,0.694740,-1293.995361,294.500488,0.000000
76.110001,65.361046,-1293.861938,-0.000328,0.002735,0.069474,290.740448,14.811025,0.694740,-1293.861938,294.500488,0.000000
76.120003,65.365150,-1293.906372,-0.000315,0.002735,0.069474,290.758698,14.811954,0.694740,-1293.906372,294.500488,0.000000
76.130005,65.373344,-1293.906372,-0.000332,0.002735,0.069474,290.795166,14.813812,0.694740,-1293.906372,294.500488,0.000000
76.140007,65.363289,-1293.950806,-0.000323,0.002735,0.069474,290.750427,14.811533,0.694740,-1293.950806,294.500488,0.000000
76.150002,65.352486,-1293.906372,-0.000336,0.002735,0.069474,290.702362,14.809085,0.694740,-1293.906372,294.500488,0.000000
76.160004,65.346901,-1293.861938,-0.000315,0.002735,0.069474,290.677521,14.807819,0.694740,-1293.861938,294.500488,0.000000
76.170006,65.358437,-1293.950806,-0.000306,0.002735,0.069474,290.728851,14.810433,0.694740,-1293.950806,294.500488,0.000000
76.180000,65.349876,-1293.906372,-0.000319,0.002735,0.069474,290.690765,14.808494,0.694740,-1293.906372,294.500488,0.000000
76.190002,65.357704,-1293.906372,-0.000319,0.002735,0.069474,290.725586,14.810267,0.694740,-1293.906372,294.500488,0.000000
76.200005,65.347649,-1293.906372,-0.000319,0.002735,0.069474,290.680847,14.807989,0.694740,-1293.906372,294.500488,0.000000
76.210007,65.353600,-1293.906372,-0.000306,0.002735,0.069474,290.707336,14.809338,0.694740,-1293.906372,294.500488,0.000000
76.220001,65.355095,-1293.861938,-0.000306,0.002735,0.069474,290.713989,14.809676,0.694740,-1293.861938,294.500488,0.000000
76.230003,65.347267,-1293.906372,-0.000319,0.002735,0.069474,290.679169,14.807902,0.694740,-1293.906372,294.500488,0.000000
76.240005,65.342064,-1293.906372,-0.000319,0.002735,0.069474,290.656006,14.806724,0.694740,-1293.906372,294.500488,0.000000
76.250000,65.336845,-1293.906372,-0.000319,0.002735,0.069474,290.632812,14.805541,0.694740,-1293.906372,294.500488,0.000000
76.260002,65.346153,-1293.906372,-0.000332,0.002735,0.069474,290.674194,14.807650,0.694740,-1293.906372,294.500488,0.000000
76.270004,65.347649,-1293.995361,-0.000306,0.002735,0.069474,290.680847,14.807989,0.694740,-1293.995361,294.500488,0.000000
76.280006,65.343178,-1293.906372,-0.000306,0.002735,0.069474,290.660980,14.806976,0.694740,-1293.906372,294.500488,0.000000
76.290001,65.341316,-1293.906372,-0.000306,0.002735,0.069474,290.652679,14.806554,0.694740,-1293.906372,294.500488,0.000000
76.300003,65.348763,-1293.950806,-0.000328,0.002735,0.069474,290.685822,14.808242,0.694740,-1293.950806,294.500488,0.000000
76.310005,65.346153,-1293.861938,-0.000323,0.002735,0.069474,290.674194,14.807650,0.694740,-1293.861938,294.500488,0.000000
76.320007,65.342796,-1293.906372,-0.000315,0.002735,0.069474,290.659271,14.806889,0.694740,-1293.906372,294.500488,0.000000
76.330002,65.342796,-1293.906372,-0.000323,0.002735,0.069474,290.659271,14.806889,0.694740,-1293.906372,294.500488,0.000000
76.340004,65.336845,-1293.950806,-0.000319,0.002735,0.069474,290.632812,14.805541,0.694740,-1293.950806,294.500488,0.000000
76.350006,65.343544,-1293.906372,-0.000336,0.002735,0.069474,290.662598,14.807058,0.694740,-1293.906372,294.500488,0.000000
76.360001,65.324928,-1293.861938,-0.000310,0.002735,0.069474,290.579803,14.802840,0.694740,-1293.861938,294.500488,0.000000
76.370003,65.326790,-1293.906372,-0.000319,0.002735,0.069474,290.588074,14.803262,0.694740,-1293.906372,294.500488,0.000000
76.380005,65.326790,-1293.906372,-0.000328,0.002735,0.069474,290.588074,14.803262,0.694740,-1293.906372,294.500488,0.000000
76.390007,65.332756,-1293.906372,-0.000310,0.002735,0.069474,290.614624,14.804614,0.694740,-1293.906372,294.500488,0.000000
76.400002,65.323433,-1293.906372,-0.000336,0.002735,0.069474,290.573151,14.802502,0.694740,-1293.906372,294.500488,0.000000
76.410004,65.324181,-1293.906372,-0.000315,0.002735,0.069474,290.576477,14.802671,0.694740,-1293.906372,294.500488,0.000000
76.420006,65.329399,-1293.950806,-0.000319,0.002735,0.069474,290.599670,14.803853,0.694740,-1293.950806,294.500488,0.000000
76.430000,65.327904,-1293.906372,-0.000332,0.002735,0.069474,290.593018,14.803514,0.694740,-1293.906372,294.500488,0.000000
76.440002,65.330513,-1293.906372,-0.000315,0.002735,0.069474,290.604645,14.804106,0.694740,-1293.906372,294.500488,0.000000
76.450005,65.325294,-1293.906372,-0.000319,0.002735,0.069474,290.581421,14.802923,0.694740,-1293.906372,294.500488,0.000000
76.460007,65.318596,-1293.906372,-0.000319,0.002735,0.069474,290.551636,14.801406,0.694740,-1293.906372,294.500488,0.000000
76.470001,65.321205,-1293.950806,-0.000319,0.002735,0.069474,290.563232,14.801996,0.694740,-1293.950806,294.500488,0.000000
76.480003,65.323067,-1293.906372,-0.000319,0.002735,0.069474,290.571503,14.802419,0.694740,-1293.906372,294.500488,0.000000
76.490005,65.320839,-1293.906372,-0.000319,0.002735,0.069474,290.561615,14.801914,0.694740,-1293.906372,294.500488,0.000000
76.500000,65.316734,-1293.906372,-0.000332,0.002735,0.069474,290.543335,14.800983,0.694740,-1293.906372,294.500488,0.000000
76.510002,65.315620,-1293.817383,-0.000332,0.002735,0.069474,290.538391,14.800731,0.694740,-1293.817383,294.500488,0.000000
76.520004,65.322319,-1293.950806,-0.000323,0.002735,0.069474,290.568176,14.802249,0.694740,-1293.950806,294.500488,0.000000
76.530006,65.320457,-1293.817383,-0.000315,0.002735,0.069474,290.559906,14.801826,0.694740,-1293.817383,294.500488,0.000000
76.540001,65.319710,-1293.906372,-0.000319,0.002735,0.069474,290.556580,14.801658,0.694740,-1293.906372,294.500488,0.000000
76.550003,65.307793,-1293.906372,-0.000315,0.002735,0.069474,290.503571,14.798957,0.694740,-1293.906372,294.500488,0.000000
76.560005,65.305931,-1293.817383,-0.000323,0.002735,0.069474,290.495300,14.798535,0.694740,-1293.817383,294.500488,0.000000
76.570007,65.308922,-1293.906372,-0.000323,0.002735,0.069474,290.508606,14.799213,0.694740,-1293.906372,294.500488,0.000000
76.580002,65.317116,-1293.861938,-0.000310,0.002735,0.069474,290.545044,14.801069,0.694740,-1293.861938,294.500488,0.000000
76.590004,65.307793,-1293.906372,-0.000323,0.002735,0.069474,290.503571,14.798957,0.694740,-1293.906372,294.500488,0.000000
76.600006,65.306313,-1293.906372,-0.000328,0.002735,0.069474,290.496979,14.798622,0.694740,-1293.906372,294.500488,0.000000
76.610001,65.307426,-1293.861938,-0.000315,0.002735,0.069474,290.501953,14.798875,0.694740,-1293.861938,294.500488,0.000000
76.620003,65.306679,-1293.950806,-0.000323,0.002735,0.069474,290.498627,14.798705,0.694740,-1293.950806,294.500488,0.000000
76.630005,65.308922,-1293.906372,-0.000328,0.002735,0.069474,290.508606,14.799213,0.694740,-1293.906372,294.500488,0.000000
76.640007,65.306313,-1293.950806,-0.000315,0.002735,0.069474,290.496979,14.798622,0.694740,-1293.950806,294.500488,0.000000
76.650002,65.308922,-1293.861938,-0.000323,0.002735,0.069474,290.508606,14.799213,0.694740,-1293.861938,294.500488,0.000000
76.660004,65.299614,-1293.950806,-0.000310,0.002735,0.069474,290.467194,14.797104,0.694740,-1293.950806,294.500488,0.000000
76.670006,65.296623,-1293.950806,-0.000306,0.002735,0.069474,290.453888,14.796426,0.694740,-1293.950806,294.500488,0.000000
76.680000,65.302208,-1293.950806,-0.000319,0.002735,0.069474,290.478729,14.797691,0.694740,-1293.950806,294.500488,0.000000
76.690002,65.301094,-1293.906372,-0.000323,0.002735,0.069474,290.473785,14.797440,0.694740,-1293.906372,294.500488,0.000000
76.700005,65.296257,-1293.906372,-0.000323,0.002735,0.069474,290.452271,14.796344,0.694740,-1293.906372,294.500488,0.000000
76.710007,65.304451,-1293.950806,-0.000302,0.002735,0.069474,290.488708,14.798200,0.694740,-1293.950806,294.500488,0.000000
76.720001,65.289925,-1293.950806,-0.000323,0.002735,0.069474,290.424103,14.794909,0.694740,-1293.950806,294.500488,0.000000
76.730003,65.293282,-1293.861938,-0.000323,0.002735,0.069474,290.439026,14.795669,0.694740,-1293.861938,294.500488,0.000000
76.740005,65.295509,-1293.906372,-0.000323,0.002735,0.069474,290.448944,14.796174,0.694740,-1293.906372,294.500488,0.000000
76.750000,65.297752,-1293.906372,-0.000328,0.002735,0.069474,290.458923,14.796682,0.694740,-1293.906372,294.500488,0.000000
76.760002,65.289558,-1293.861938,-0.000315,0.002735,0.069474,290.422455,14.794826,0.694740,-1293.861938,294.500488,0.000000
76.770004,65.277260,-1293.861938,-0.000315,0.002735,0.069474,290.367767,14.792039,0.694740,-1293.861938,294.500488,0.000000
76.780006,65.291786,-1293.906372,-0.000315,0.002735,0.069474,290.432373,14.795330,0.694740,-1293.906372,294.500488,0.000000
76.790001,65.298866,-1293.950806,-0.000323,0.002735,0.069474,290.463867,14.796934,0.694740,-1293.950806,294.500488,0.000000
76.800003,65.289558,-1293.950806,-0.000328,0.002735,0.069474,290.422455,14.794826,0.694740,-1293.950806,294.500488,0.000000
76.810005,65.295509,-1293.906372,-0.000310,0.002735,0.069474,290.448944,14.796174,0.694740,-1293.906372,294.500488,0.000000
76.820007,65.284706,-1293.906372,-0.000310,0.002735,0.069474,290.400879,14.793726,0.694740,-1293.906372,294.500488,0.000000
76.830002,65.289177,-1293.950806,-0.000328,0.002735,0.069474,290.420776,14.794740,0.694740,-1293.950806,294.500488,0.000000
76.840004,65.292534,-1293.950806,-0.000310,0.002735,0.069474,290.435699,14.795500,0.694740,-1293.950806,294.500488,0.000000
76.850006,65.292152,-1293.950806,-0.000315,0.002735,0.069474,290.433990,14.795413,0.694740,-1293.950806,294.500488,0.000000
76.860001,65.282845,-1293.817383,-0.000319,0.002735,0.069474,290.392609,14.793304,0.694740,-1293.817383,294.500488,0.000000
76.870003,65.284340,-1293.995361,-0.000315,0.002735,0.069474,290.399261,14.793643,0.694740,-1293.995361,294.500488,0.000000
76.880005,65.293282,-1293.950806,-0.000315,0.002735,0.069474,290.439026,14.795669,0.694740,-1293.950806,294.500488,0.000000
76.890007,65.278755,-1293.950806,-0.000319,0.002735,0.069474,290.374420,14.792377,0.694740,-1293.950806,294.500488,0.000000
76.900002,65.264977,-1293.906372,-0.000310,0.002735,0.069474,290.313110,14.789255,0.694740,-1293.906372,294.500488,0.000000
76.910004,65.283226,-1293.906372,-0.000315,0.002735,0.069474,290.394287,14.793390,0.694740,-1293.906372,294.500488,0.000000
76.920006,65.280251,-1293.995361,-0.000319,0.002735,0.069474,290.381042,14.792717,0.694740,-1293.995361,294.500488,0.000000
76.930000,65.285454,-1293.861938,-0.000315,0.002735,0.069474,290.404205,14.793895,0.694740,-1293.861938,294.500488,0.000000
76.940002,65.283226,-1293.950806,-0.000306,0.002735,0.069474,290.394287,14.793390,0.694740,-1293.950806,294.500488,0.000000
76.950005,65.278755,-1293.950806,-0.000332,0.002735,0.069474,290.374420,14.792377,0.694740,-1293.950806,294.500488,0.000000
76.960007,65.275780,-1293.861938,-0.000306,0.002735,0.069474,290.361176,14.791703,0.694740,-1293.861938,294.500488,0.000000
76.970001,65.268700,-1293.950806,-0.000319,0.002735,0.069474,290.329681,14.790098,0.694740,-1293.950806,294.500488,0.000000
76.980003,65.277260,-1293.861938,-0.000319,0.002735,0.069474,290.367767,14.792039,0.694740,-1293.861938,294.500488,0.000000
76.990005,65.267952,-1293.861938,-0.000315,0.002735,0.069474,290.326355,14.789929,0.694740,-1293.861938,294.500488,0.000000
77.000000,65.265724,-1293.906372,-0.000328,0.002735,0.069474,290.316437,14.789425,0.694740,-1293.906372,294.500488,0.000000
77.010002,65.282112,-1293.906372,-0.000323,0.002735,0.069474,290.389343,14.793138,0.694740,-1293.906372,294.500488,0.000000
77.020004,65.268333,-1293.950806,-0.000315,0.002735,0.069474,290.328033,14.790016,0.694740,-1293.950806,294.500488,0.000000
77.030006,65.261620,-1293.906372,-0.000336,0.002735,0.069474,290.298187,14.788494,0.694740,-1293.906372,294.500488,0.000000
77.040001,65.254555,-1293.906372,-0.000306,0.002735,0.069474,290.266754,14.786894,0.694740,-1293.906372,294.500488,0.000000
77.050003,65.264229,-1293.906372,-0.000319,0.002735,0.069474,290.309784,14.789085,0.694740,-1293.906372,294.500488,0.000000
77.060005,65.280983,-1293.950806,-0.000306,0.002735,0.069474,290.384308,14.792882,0.694740,-1293.950806,294.500488,0.000000
77.070007,65.266472,-1293.995361,-0.000319,0.002735,0.069474,290.319763,14.789594,0.694740,-1293.995361,294.500488,0.000000
77.080002,65.258644,-1293.861938,-0.000328,0.002735,0.069474,290.284943,14.787820,0.694740,-1293.861938,294.500488,0.000000
77.090004,65.241890,-1293.950806,-0.000310,0.002735,0.069474,290.210419,14.784024,0.694740,-1293.950806,294.500488,0.000000
77.100006,65.255302,-1293.950806,-0.000332,0.002735,0.069474,290.270081,14.787063,0.694740,-1293.950806,294.500488,0.000000
77.110001,65.254555,-1293.817383,-0.000310,0.002735,0.069474,290.266754,14.786894,0.694740,-1293.817383,294.500488,0.000000
77.120003,65.253059,-1293.906372,-0.000328,0.002735,0.069474,290.260101,14.786554,0.694740,-1293.906372,294.500488,0.000000
77.130005,65.262001,-1293.861938,-0.000306,0.002735,0.069474,290.299866,14.788581,0.694740,-1293.861938,294.500488,0.000000
77.140007,65.256783,-1293.950806,-0.000315,0.002735,0.069474,290.276672,14.787398,0.694740,-1293.950806,294.500488,0.000000
77.150002,65.249336,-1293.995361,-0.000310,0.002735,0.069474,290.243530,14.785711,0.694740,-1293.995361,294.500488,0.000000
77.160004,65.245613,-1293.861938,-0.000315,0.002735,0.069474,290.226990,14.784867,0.694740,-1293.861938,294.500488,0.000000
77.170006,65.239281,-1293.950806,-0.000319,0.002735,0.069474,290.198822,14.783432,0.694740,-1293.950806,294.500488,0.000000
77.180000,65.238533,-1293.861938,-0.000310,0.002735,0.069474,290.195496,14.783262,0.694740,-1293.861938,294.500488,0.000000
77.190002,65.243004,-1293.906372,-0.000306,0.002735,0.069474,290.215363,14.784276,0.694740,-1293.906372,294.500488,0.000000
77.200005,65.247841,-1294.039795,-0.000328,0.002735,0.069474,290.236877,14.785373,0.694740,-1294.039795,294.500488,0.000000
77.210007,65.247108,-1293.906372,-0.000323,0.002735,0.069474,290.233643,14.785206,0.694740,-1293.906372,294.500488,0.000000
77.220001,65.238167,-1293.906372,-0.000315,0.002735,0.069474,290.193848,14.783179,0.694740,-1293.906372,294.500488,0.000000
77.230003,65.241524,-1293.906372,-0.000328,0.002735,0.069474,290.208801,14.783940,0.694740,-1293.906372,294.500488,0.000000
77.240005,65.240028,-1293.906372,-0.000315,0.002735,0.069474,290.202148,14.783602,0.694740,-1293.906372,294.500488,0.000000
77.250000,65.225883,-1293.906372,-0.000328,0.002735,0.069474,290.139221,14.780396,0.694740,-1293.906372,294.500488,0.000000
77.260002,65.234062,-1293.906372,-0.000315,0.002735,0.069474,290.175598,14.782249,0.694740,-1293.906372,294.500488,0.000000
77.270004,65.233330,-1293.906372,-0.000315,0.002735,0.069474,290.172333,14.782084,0.694740,-1293.906372,294.500488,0.000000
77.280006,65.238167,-1293.861938,-0.000315,0.002735,0.069474,290.193848,14.783179,0.694740,-1293.861938,294.500488,0.000000
77.290001,65.241524,-1293.906372,-0.000310,0.002735,0.069474,290.208801,14.783940,0.694740,-1293.906372,294.500488,0.000000
77.300003,65.226616,-1293.950806,-0.000319,0.002735,0.069474,290.142487,14.780562,0.694740,-1293.950806,294.500488,0.000000
77.310005,65.218056,-1293.817383,-0.000315,0.002735,0.069474,290.104401,14.778623,0.694740,-1293.817383,294.500488,0.000000
77.320007,65.223640,-1293.950806,-0.000328,0.002735,0.069474,290.129242,14.779888,0.694740,-1293.950806,294.500488,0.000000
77.330002,65.230721,-1293.861938,-0.000328,0.002735,0.069474,290.160736,14.781493,0.694740,-1293.861938,294.500488,0.000000
77.340004,65.232582,-1293.906372,-0.000319,0.002735,0.069474,290.169006,14.781914,0.694740,-1293.906372,294.500488,0.000000
77.350006,65.230339,-1293.906372,-0.000332,0.002735,0.069474,290.159027,14.781406,0.694740,-1293.906372,294.500488,0.000000
77.360001,65.221413,-1293.906372,-0.000319,0.002735,0.069474,290.119324,14.779383,0.694740,-1293.906372,294.500488,0.000000
77.370003,65.221031,-1293.950806,-0.000310,0.002735,0.069474,290.117645,14.779297,0.694740,-1293.950806,294.500488,0.000000
77.380005,65.223274,-1293.906372,-0.000297,0.002735,0.069474,290.127625,14.779805,0.694740,-1293.906372,294.500488,0.000000
77.390007,65.211723,-1293.950806,-0.000315,0.002735,0.069474,290.076233,14.777188,0.694740,-1293.950806,294.500488,0.000000
77.400002,65.205391,-1293.906372,-0.000315,0.002735,0.069482,290.048065,14.775753,0.694816,-1293.906372,294.500488,0.000000
77.410004,65.213585,-1293.950806,-0.000315,0.002735,0.069482,290.084503,14.777609,0.694816,-1293.950806,294.500488,0.000000
77.420006,65.213219,-1293.950806,-0.000323,0.002735,0.069482,290.082886,14.777527,0.694816,-1293.950806,294.500488,0.000000
77.430000,65.222160,-1293.906372,-0.000319,0.002735,0.069482,290.122650,14.779552,0.694816,-1293.906372,294.500488,0.000000
77.440002,65.210976,-1293.950806,-0.000310,0.002735,0.069482,290.072906,14.777019,0.694816,-1293.950806,294.500488,0.000000
77.450005,65.208382,-1293.950806,-0.000323,0.002735,0.069482,290.061371,14.776431,0.694816,-1293.950806,294.500488,0.000000
77.460007,65.203911,-1293.861938,-0.000310,0.002735,0.069482,290.041473,14.775417,0.694816,-1293.861938,294.500488,0.000000
77.470001,65.211723,-1293.950806,-0.000310,0.002735,0.069482,290.076233,14.777188,0.694816,-1293.950806,294.500488,0.000000
77.480003,65.208382,-1293.950806,-0.000310,0.002735,0.069482,290.061371,14.776431,0.694816,-1293.950806,294.500488,0.000000
77.490005,65.215828,-1293.950806,-0.000306,0.002735,0.069482,290.094482,14.778117,0.694816,-1293.950806,294.500488,0.000000
77.500000,65.210243,-1293.906372,-0.000310,0.002735,0.069482,290.069641,14.776852,0.694816,-1293.906372,294.500488,0.000000
77.510002,65.207253,-1293.861938,-0.000310,0.002735,0.069482,290.056335,14.776175,0.694816,-1293.861938,294.500488,0.000000
77.520004,65.199440,-1293.950806,-0.000315,0.002735,0.069482,290.021606,14.774405,0.694816,-1293.950806,294.500488,0.000000
77.530006,65.200188,-1293.861938,-0.000328,0.002735,0.069482,290.024933,14.774573,0.694816,-1293.861938,294.500488,0.000000
77.540001,65.193108,-1293.861938,-0.000310,0.002735,0.069482,289.993439,14.772969,0.694816,-1293.861938,294.500488,0.000000
77.550003,65.199440,-1293.861938,-0.000315,0.002735,0.069482,290.021606,14.774405,0.694816,-1293.861938,294.500488,0.000000
77.560005,65.202049,-1293.906372,-0.000302,0.002735,0.069482,290.033203,14.774996,0.694816,-1293.906372,294.500488,0.000000
77.570007,65.196831,-1293.906372,-0.000315,0.002735,0.069482,290.009979,14.773812,0.694816,-1293.906372,294.500488,0.000000
77.580002,65.178581,-1293.861938,-0.000323,0.002735,0.069482,289.928802,14.769677,0.694816,-1293.861938,294.500488,0.000000
77.590004,65.181190,-1293.950806,-0.000310,0.002735,0.069482,289.940430,14.770268,0.694816,-1293.950806,294.500488,0.000000
77.600006,65.186409,-1293.906372,-0.000323,0.002735,0.069482,289.963623,14.771451,0.694816,-1293.906372,294.500488,0.000000
77.610001,65.190880,-1293.861938,-0.000310,0.002735,0.069482,289.983521,14.772465,0.694816,-1293.861938,294.500488,0.000000
77.620003,65.187523,-1293.906372,-0.000328,0.002735,0.069482,289.968597,14.771704,0.694816,-1293.906372,294.500488,0.000000
77.630005,65.175606,-1293.906372,-0.000319,0.002735,0.069482,289.915588,14.769003,0.694816,-1293.906372,294.500488,0.000000
77.640007,65.185295,-1293.950806,-0.000310,0.002735,0.069482,289.958679,14.771199,0.694816,-1293.950806,294.500488,0.000000
77.650002,65.183434,-1293.906372,-0.000315,0.002735,0.069482,289.950378,14.770777,0.694816,-1293.906372,294.500488,0.000000
77.660004,65.168159,-1293.950806,-0.000323,0.002735,0.069482,289.882446,14.767316,0.694816,-1293.950806,294.500488,0.000000
77.670006,65.161461,-1293.950806,-0.000328,0.002736,0.069500,289.852661,14.765799,0.694998,-1293.950806,294.500488,0.000000
77.680000,65.180077,-1293.861938,-0.000319,0.002737,0.069516,289.935455,14.770016,0.695164,-1293.861938,294.500488,0.000000
77.690002,65.191246,-1293.995361,-0.000323,0.002737,0.069516,289.985138,14.772547,0.695164,-1293.995361,294.500488,0.000000
77.700005,65.202415,-1293.906372,-0.000319,0.002737,0.069516,290.034821,14.775078,0.695164,-1293.906372,294.500488,0.000000
77.710007,65.206520,-1293.861938,-0.000315,0.002737,0.069525,290.053101,14.776009,0.695255,-1293.861938,294.500488,0.000000
77.720001,65.200935,-1293.995361,-0.000310,0.002737,0.069525,290.028259,14.774743,0.695255,-1293.995361,294.500488,0.000000
77.730003,65.202049,-1293.906372,-0.000323,0.002737,0.069525,290.033203,14.774996,0.695255,-1293.906372,294.500488,0.000000
77.740005,65.205391,-1293.906372,-0.000310,0.002737,0.069525,290.048065,14.775753,0.695255,-1293.906372,294.500488,0.000000
77.750000,65.202415,-1293.950806,-0.000315,0.002737,0.069525,290.034821,14.775078,0.695255,-1293.950806,294.500488,0.000000
77.760002,65.219917,-1293.861938,-0.000297,0.002737,0.069525,290.112671,14.779044,0.695255,-1293.861938,294.500488,0.000000
77.770004,65.220665,-1293.906372,-0.000319,0.002737,0.069525,290.115997,14.779214,0.695255,-1293.906372,294.500488,0.000000
77.780006,65.222160,-1293.906372,-0.000319,0.002737,0.069525,290.122650,14.779552,0.695255,-1293.906372,294.500488,0.000000
77.790001,65.224754,-1293.861938,-0.000306,0.002737,0.069525,290.134186,14.780140,0.695255,-1293.861938,294.500488,0.000000
77.800003,65.222160,-1293.861938,-0.000332,0.002737,0.069525,290.122650,14.779552,0.695255,-1293.861938,294.500488,0.000000
77.810005,65.238167,-1293.861938,-0.000315,0.002737,0.069525,290.193848,14.783179,0.695255,-1293.861938,294.500488,0.000000
77.820007,65.243752,-1293.995361,-0.000319,0.002737,0.069525,290.218689,14.784445,0.695255,-1293.995361,294.500488,0.000000
77.830002,65.236305,-1293.861938,-0.000323,0.002737,0.069525,290.185577,14.782759,0.695255,-1293.861938,294.500488,0.000000
77.840004,65.234444,-1293.995361,-0.000315,0.002737,0.069525,290.177307,14.782336,0.695255,-1293.995361,294.500488,0.000000
77.850006,65.230721,-1293.861938,-0.000319,0.002737,0.069525,290.160736,14.781493,0.695255,-1293.861938,294.500488,0.000000
77.860001,65.234810,-1293.906372,-0.000310,0.002737,0.069525,290.178925,14.782419,0.695255,-1293.906372,294.500488,0.000000
77.870003,65.235558,-1293.995361,-0.000310,0.002737,0.069525,290.182251,14.782589,0.695255,-1293.995361,294.500488,0.000000
77.880005,65.243752,-1293.950806,-0.000328,0.002737,0.069525,290.218689,14.784445,0.695255,-1293.950806,294.500488,0.000000
77.890007,65.239662,-1293.906372,-0.000315,0.002737,0.069525,290.200500,14.783519,0.695255,-1293.906372,294.500488,0.000000
77.900002,65.235191,-1293.950806,-0.000323,0.002737,0.069525,290.180634,14.782506,0.695255,-1293.950806,294.500488,0.000000
77.910004,65.240776,-1293.817383,-0.000310,0.002737,0.069525,290.205475,14.783772,0.695255,-1293.817383,294.500488,0.000000
77.920006,65.238914,-1293.906372,-0.000310,0.002737,0.069525,290.197174,14.783349,0.695255,-1293.906372,294.500488,0.000000
77.930000,65.235558,-1293.906372,-0.000315,0.002737,0.069525,290.182251,14.782589,0.695255,-1293.906372,294.500488,0.000000
77.940002,65.240776,-1293.950806,-0.000319,0.002737,0.069525,290.205475,14.783772,0.695255,-1293.950806,294.500488,0.000000
77.950005,65.234062,-1294.039795,-0.000315,0.002737,0.069525,290.175598,14.782249,0.695255,-1294.039795,294.500488,0.000000
77.960007,65.239281,-1293.861938,-0.000310,0.002737,0.069525,290.198822,14.783432,0.695255,-1293.861938,294.500488,0.000000
77.970001,65.228477,-1293.995361,-0.000306,0.002737,0.069525,290.150757,14.780985,0.695255,-1293.995361,294.500488,0.000000
77.980003,65.235191,-1293.906372,-0.000302,0.002737,0.069525,290.180634,14.782506,0.695255,-1293.906372,294.500488,0.000000
77.990005,65.251564,-1293.995361,-0.000323,0.002737,0.069525,290.253448,14.786216,0.695255,-1293.995361,294.500488,0.000000
78.000000,65.241524,-1293.906372,-0.000319,0.002737,0.069525,290.208801,14.783940,0.695255,-1293.906372,294.500488,0.000000
78.010002,65.237053,-1293.861938,-0.000315,0.002737,0.069525,290.188904,14.782928,0.695255,-1293.861938,294.500488,0.000000
78.020004,65.224754,-1293.995361,-0.000310,0.002738,0.069535,290.134186,14.780140,0.695346,-1293.995361,294.500488,0.000000
78.030006,65.230339,-1293.817383,-0.000306,0.002738,0.069535,290.159027,14.781406,0.695346,-1293.817383,294.500488,0.000000
78.040001,65.239662,-1293.950806,-0.000302,0.002738,0.069535,290.200500,14.783519,0.695346,-1293.950806,294.500488,0.000000
78.050003,65.235939,-1293.950806,-0.000323,0.002738,0.069535,290.183960,14.782675,0.695346,-1293.950806,294.500488,0.000000
78.060005,65.235939,-1293.906372,-0.000306,0.002738,0.069535,290.183960,14.782675,0.695346,-1293.906372,294.500488,0.000000
78.070007,65.241142,-1293.906372,-0.000310,0.002738,0.069535,290.207092,14.783854,0.695346,-1293.906372,294.500488,0.000000
78.080002,65.240028,-1293.906372,-0.000310,0.002738,0.069535,290.202148,14.783602,0.695346,-1293.906372,294.500488,0.000000
78.090004,65.235939,-1293.950806,-0.000323,0.002738,0.069535,290.183960,14.782675,0.695346,-1293.950806,294.500488,0.000000
78.100006,65.228111,-1293.906372,-0.000323,0.002738,0.069535,290.149139,14.780901,0.695346,-1293.906372,294.500488,0.000000
78.110001,65.234810,-1293.861938,-0.000306,0.002738,0.069535,290.178925,14.782419,0.695346,-1293.861938,294.500488,0.000000
78.120003,65.237801,-1293.950806,-0.000310,0.002738,0.069535,290.192230,14.783097,0.695346,-1293.950806,294.500488,0.000000
78.130005,65.232201,-1293.906372,-0.000319,0.002738,0.069535,290.167328,14.781828,0.695346,-1293.906372,294.500488,0.000000
78.140007,65.236305,-1293.950806,-0.000315,0.002738,0.069535,290.185577,14.782759,0.695346,-1293.950806,294.500488,0.000000
78.150002,65.229973,-1293.906372,-0.000328,0.002738,0.069535,290.157410,14.781323,0.695346,-1293.906372,294.500488,0.000000
78.160004,65.223274,-1293.906372,-0.000310,0.002738,0.069535,290.127625,14.779805,0.695346,-1293.906372,294.500488,0.000000
78.170006,65.234062,-1293.995361,-0.000328,0.002738,0.069535,290.175598,14.782249,0.695346,-1293.995361,294.500488,0.000000
78.180000,65.233696,-1293.950806,-0.000323,0.002738,0.069535,290.173981,14.782166,0.695346,-1293.950806,294.500488,0.000000
78.190002,65.225136,-1293.950806,-0.000310,0.002738,0.069535,290.135895,14.780228,0.695346,-1293.950806,294.500488,0.000000
78.200005,65.230721,-1293.950806,-0.000315,0.002738,0.069535,290.160736,14.781493,0.695346,-1293.950806,294.500488,0.000000
78.210007,65.217690,-1293.861938,-0.000310,0.002738,0.069535,290.102783,14.778540,0.695346,-1293.861938,294.500488,0.000000
78.220001,65.219551,-1293.906372,-0.000319,0.002738,0.069535,290.111053,14.778962,0.695346,-1293.906372,294.500488,0.000000
78.230003,65.222527,-1293.861938,-0.000319,0.002738,0.069535,290.124298,14.779635,0.695346,-1293.861938,294.500488,0.000000
78.240005,65.221779,-1293.950806,-0.000306,0.002738,0.069535,290.120972,14.779467,0.695346,-1293.950806,294.500488,0.000000
78.250000,65.219917,-1293.950806,-0.000319,0.002738,0.069535,290.112671,14.779044,0.695346,-1293.950806,294.500488,0.000000
78.260002,65.228477,-1293.906372,-0.000306,0.002738,0.069535,290.150757,14.780985,0.695346,-1293.906372,294.500488,0.000000
78.270004,65.225502,-1293.906372,-0.000306,0.002738,0.069535,290.137512,14.780310,0.695346,-1293.906372,294.500488,0.000000
78.280006,65.226616,-1293.906372,-0.000319,0.002738,0.069535,290.142487,14.780562,0.695346,-1293.906372,294.500488,0.000000
78.290001,65.225883,-1293.906372,-0.000310,0.002738,0.069535,290.139221,14.780396,0.695346,-1293.906372,294.500488,0.000000
78.300003,65.214333,-1293.906372,-0.000319,0.002738,0.069535,290.087830,14.777779,0.695346,-1293.906372,294.500488,0.000000
78.310005,65.221031,-1293.950806,-0.000310,0.002738,0.069535,290.117645,14.779297,0.695346,-1293.950806,294.500488,0.000000
78.320007,65.218056,-1293.950806,-0.000310,0.002738,0.069535,290.104401,14.778623,0.695346,-1293.950806,294.500488,0.000000
78.330002,65.216942,-1293.861938,-0.000323,0.002738,0.069535,290.099457,14.778370,0.695346,-1293.861938,294.500488,0.000000
78.340004,65.208000,-1293.950806,-0.000310,0.002738,0.069535,290.059662,14.776343,0.695346,-1293.950806,294.500488,0.000000
78.350006,65.222527,-1293.950806,-0.000323,0.002738,0.069535,290.124298,14.779635,0.695346,-1293.950806,294.500488,0.000000
78.360001,65.228477,-1293.906372,-0.000319,0.002738,0.069535,290.150757,14.780985,0.695346,-1293.906372,294.500488,0.000000
78.370003,65.220665,-1294.039795,-0.000310,0.002738,0.069535,290.115997,14.779214,0.695346,-1294.039795,294.500488,0.000000
78.380005,65.216576,-1293.950806,-0.000332,0.002738,0.069535,290.097809,14.778287,0.695346,-1293.950806,294.500488,0.000000
78.390007,65.215828,-1293.906372,-0.000319,0.002738,0.069535,290.094482,14.778117,0.695346,-1293.906372,294.500488,0.000000
78.400002,65.220299,-1293.906372,-0.000315,0.002738,0.069535,290.114380,14.779131,0.695346,-1293.906372,294.500488,0.000000
78.410004,65.204277,-1293.950806,-0.000323,0.002738,0.069535,290.043121,14.775500,0.695346,-1293.950806,294.500488,0.000000
78.420006,65.206886,-1293.950806,-0.000319,0.002738,0.069535,290.054718,14.776092,0.695346,-1293.950806,294.500488,0.000000
78.430000,65.215828,-1293.906372,-0.000315,0.002738,0.069535,290.094482,14.778117,0.695346,-1293.906372,294.500488,0.000000
78.440002,65.217690,-1293.950806,-0.000319,0.002738,0.069535,290.102783,14.778540,0.695346,-1293.950806,294.500488,0.000000
78.450005,65.218056,-1293.906372,-0.000315,0.002738,0.069535,290.104401,14.778623,0.695346,-1293.906372,294.500488,0.000000
78.460007,65.201302,-1293.950806,-0.000306,0.002738,0.069535,290.029877,14.774826,0.695346,-1293.950806,294.500488,0.000000
78.470001,65.197212,-1294.039795,-0.000310,0.002738,0.069535,290.011688,14.773900,0.695346,-1294.039795,294.500488,0.000000
78.480003,65.211357,-1293.861938,-0.000315,0.002738,0.069535,290.074615,14.777104,0.695346,-1293.861938,294.500488,0.000000
78.490005,65.208748,-1293.950806,-0.000306,0.002738,0.069535,290.062988,14.776513,0.695346,-1293.950806,294.500488,0.000000
78.500000,65.203163,-1293.906372,-0.000315,0.002738,0.069535,290.038147,14.775248,0.695346,-1293.906372,294.500488,0.000000
78.510002,65.198692,-1293.906372,-0.000310,0.002738,0.069535,290.018280,14.774235,0.695346,-1293.906372,294.500488,0.000000
78.520004,65.194221,-1293.906372,-0.000315,0.002738,0.069535,289.998383,14.773222,0.695346,-1293.906372,294.500488,0.000000
78.530006,65.199074,-1293.906372,-0.000310,0.002738,0.069535,290.019958,14.774321,0.695346,-1293.906372,294.500488,0.000000
78.540001,65.196465,-1293.950806,-0.000302,0.002738,0.069535,290.008362,14.773730,0.695346,-1293.950806,294.500488,0.000000
78.550003,65.190498,-1293.861938,-0.000315,0.002738,0.069535,289.981812,14.772378,0.695346,-1293.861938,294.500488,0.000000
78.560005,65.203911,-1293.906372,-0.000306,0.002738,0.069535,290.041473,14.775417,0.695346,-1293.906372,294.500488,0.000000
78.570007,65.201668,-1293.950806,-0.000310,0.002738,0.069535,290.031494,14.774909,0.695346,-1293.950806,294.500488,0.000000
78.580002,65.191246,-1293.861938,-0.000310,0.002738,0.069535,289.985138,14.772547,0.695346,-1293.861938,294.500488,0.000000
78.590004,65.190880,-1293.950806,-0.000315,0.002738,0.069535,289.983521,14.772465,0.695346,-1293.950806,294.500488,0.000000
78.600006,65.184166,-1294.039795,-0.000315,0.002738,0.069535,289.953644,14.770943,0.695346,-1294.039795,294.500488,0.000000
78.610001,65.183052,-1293.817383,-0.000306,0.002738,0.069535,289.948700,14.770691,0.695346,-1293.817383,294.500488,0.000000
78.620003,65.189384,-1293.950806,-0.000310,0.002738,0.069535,289.976868,14.772126,0.695346,-1293.950806,294.500488,0.000000
78.630005,65.191994,-1293.817383,-0.000319,0.002738,0.069535,289.988464,14.772717,0.695346,-1293.817383,294.500488,0.000000
78.640007,65.187157,-1293.950806,-0.000297,0.002738,0.069535,289.966949,14.771621,0.695346,-1293.950806,294.500488,0.000000
78.650002,65.184547,-1293.950806,-0.000315,0.002738,0.069535,289.955353,14.771029,0.695346,-1293.950806,294.500488,0.000000
78.660004,65.184166,-1293.906372,-0.000306,0.002738,0.069535,289.953644,14.770943,0.695346,-1293.906372,294.500488,0.000000
78.670006,65.184914,-1293.995361,-0.000323,0.002738,0.069535,289.956970,14.771112,0.695346,-1293.995361,294.500488,0.000000
78.680000,65.186775,-1293.906372,-0.000306,0.002738,0.069535,289.965271,14.771534,0.695346,-1293.906372,294.500488,0.000000
78.690002,65.185661,-1293.950806,-0.000315,0.002738,0.069535,289.960297,14.771281,0.695346,-1293.950806,294.500488,0.000000
78.700005,65.185295,-1293.906372,-0.000315,0.002738,0.069535,289.958679,14.771199,0.695346,-1293.906372,294.500488,0.000000
78.710007,65.180824,-1293.906372,-0.000310,0.002738,0.069535,289.938782,14.770185,0.695346,-1293.906372,294.500488,0.000000
78.720001,65.172249,-1293.950806,-0.000315,0.002738,0.069535,289.900635,14.768242,0.695346,-1293.950806,294.500488,0.000000
78.730003,65.165184,-1293.950806,-0.000319,0.002738,0.069535,289.869202,14.766642,0.695346,-1293.950806,294.500488,0.000000
78.740005,65.163322,-1293.950806,-0.000306,0.002738,0.069535,289.860931,14.766220,0.695346,-1293.950806,294.500488,0.000000
78.750000,65.169655,-1293.950806,-0.000319,0.002738,0.069535,289.889099,14.767654,0.695346,-1293.950806,294.500488,0.000000
78.760002,65.171883,-1293.906372,-0.000310,0.002738,0.069535,289.899017,14.768160,0.695346,-1293.906372,294.500488,0.000000
78.770004,65.168907,-1293.950806,-0.000323,0.002738,0.069535,289.885773,14.767486,0.695346,-1293.950806,294.500488,0.000000
78.780006,65.168159,-1293.906372,-0.000319,0.002738,0.069535,289.882446,14.767316,0.695346,-1293.906372,294.500488,0.000000
78.790001,65.170769,-1293.995361,-0.000310,0.002738,0.069535,289.894043,14.767907,0.695346,-1293.995361,294.500488,0.000000
78.800003,65.165184,-1293.906372,-0.000315,0.002738,0.069535,289.869202,14.766642,0.695346,-1293.906372,294.500488,0.000000
78.810005,65.151772,-1293.906372,-0.000306,0.002738,0.069535,289.809540,14.763602,0.695346,-1293.906372,294.500488,0.000000
78.820007,65.146935,-1293.950806,-0.000328,0.002738,0.069535,289.788025,14.762506,0.695346,-1293.950806,294.500488,0.000000
78.830002,65.158485,-1293.950806,-0.000310,0.002738,0.069535,289.839417,14.765123,0.695346,-1293.950806,294.500488,0.000000
78.840004,65.160347,-1293.950806,-0.000306,0.002738,0.069535,289.847687,14.765546,0.695346,-1293.950806,294.500488,0.000000
78.850006,65.161461,-1293.906372,-0.000323,0.002738,0.069535,289.852661,14.765799,0.695346,-1293.906372,294.500488,0.000000
78.860001,65.158104,-1293.861938,-0.000310,0.002738,0.069535,289.837708,14.765038,0.695346,-1293.861938,294.500488,0.000000
78.870003,65.152519,-1293.995361,-0.000306,0.002738,0.069535,289.812866,14.763772,0.695346,-1293.995361,294.500488,0.000000
78.880005,65.146187,-1293.861938,-0.000319,0.002738,0.069535,289.784698,14.762337,0.695346,-1293.861938,294.500488,0.000000
78.890007,65.154381,-1293.950806,-0.000323,0.002738,0.069535,289.821167,14.764194,0.695346,-1293.950806,294.500488,0.000000
78.900002,65.153267,-1293.950806,-0.000315,0.002738,0.069535,289.816193,14.763942,0.695346,-1293.950806,294.500488,0.000000
78.910004,65.155128,-1293.950806,-0.000323,0.002738,0.069535,289.824493,14.764363,0.695346,-1293.950806,294.500488,0.000000
78.920006,65.147301,-1293.995361,-0.000310,0.002738,0.069535,289.789673,14.762589,0.695346,-1293.995361,294.500488,0.000000
78.930000,65.142845,-1293.861938,-0.000306,0.002738,0.069535,289.769836,14.761580,0.695346,-1293.861938,294.500488,0.000000
78.940002,65.134651,-1293.950806,-0.000306,0.002738,0.069535,289.733398,14.759723,0.695346,-1293.950806,294.500488,0.000000
78.950005,65.142097,-1293.906372,-0.000315,0.002738,0.069535,289.766510,14.761411,0.695346,-1293.906372,294.500488,0.000000
78.960007,65.136131,-1293.950806,-0.000306,0.002738,0.069535,289.739990,14.760058,0.695346,-1293.950806,294.500488,0.000000
78.970001,65.139122,-1293.950806,-0.000315,0.002738,0.069535,289.753296,14.760736,0.695346,-1293.950806,294.500488,0.000000
78.980003,65.135765,-1293.906372,-0.000319,0.002738,0.069535,289.738342,14.759975,0.695346,-1293.906372,294.500488,0.000000
78.990005,65.136131,-1293.950806,-0.000306,0.002738,0.069535,289.739990,14.760058,0.695346,-1293.950806,294.500488,0.000000
79.000000,65.130928,-1293.906372,-0.000319,0.002738,0.069535,289.716827,14.758880,0.695346,-1293.906372,294.500488,0.000000
79.010002,65.119759,-1293.950806,-0.000310,0.002738,0.069535,289.667145,14.756349,0.695346,-1293.950806,294.500488,0.000000
79.020004,65.123848,-1293.995361,-0.000319,0.002738,0.069535,289.685333,14.757275,0.695346,-1293.995361,294.500488,0.000000
79.030006,65.134270,-1293.906372,-0.000306,0.002738,0.069535,289.731689,14.759637,0.695346,-1293.906372,294.500488,0.000000
79.040001,65.123482,-1293.995361,-0.000310,0.002738,0.069535,289.683716,14.757192,0.695346,-1293.995361,294.500488,0.000000
79.050003,65.128319,-1293.906372,-0.000319,0.002738,0.069535,289.705231,14.758287,0.695346,-1293.906372,294.500488,0.000000
79.060005,65.126457,-1293.950806,-0.000310,0.002739,0.069569,289.696960,14.757866,0.695694,-1293.950806,294.500488,0.000000
79.070007,65.135765,-1293.950806,-0.000319,0.002741,0.069612,289.738342,14.759975,0.696118,-1293.950806,294.500488,0.000000
79.080002,65.154381,-1293.817383,-0.000315,0.002742,0.069647,289.821167,14.764194,0.696466,-1293.817383,294.500488,0.000000
79.090004,65.226616,-1293.906372,-0.000315,0.002742,0.069647,290.142487,14.780562,0.696466,-1293.906372,294.500488,0.000000
79.100006,65.307060,-1293.950806,-0.000315,0.002742,0.069647,290.500305,14.798792,0.696466,-1293.950806,294.500488,0.000000
79.110001,65.333488,-1293.861938,-0.000306,0.002742,0.069647,290.617859,14.804780,0.696466,-1293.861938,294.500488,0.000000
79.120003,65.334236,-1293.950806,-0.000315,0.002742,0.069647,290.621185,14.804950,0.696466,-1293.950806,294.500488,0.000000
79.130005,65.344658,-1293.906372,-0.000315,0.002742,0.069647,290.667542,14.807311,0.696466,-1293.906372,294.500488,0.000000
79.140007,65.344292,-1293.995361,-0.000319,0.002742,0.069647,290.665924,14.807228,0.696466,-1293.995361,294.500488,0.000000
79.150002,65.358818,-1293.950806,-0.000310,0.002742,0.069647,290.730530,14.810520,0.696466,-1293.950806,294.500488,0.000000
79.160004,65.368492,-1293.861938,-0.000315,0.002742,0.069647,290.773590,14.812712,0.696466,-1293.861938,294.500488,0.000000
79.170006,65.387489,-1294.039795,-0.000323,0.002742,0.069647,290.858093,14.817017,0.696466,-1294.039795,294.500488,0.000000
79.180000,65.395683,-1293.906372,-0.000332,0.002742,0.069647,290.894531,14.818873,0.696466,-1293.906372,294.500488,0.000000
79.190002,65.396431,-1294.039795,-0.000306,0.002742,0.069647,290.897858,14.819043,0.696466,-1294.039795,294.500488,0.000000
79.200005,65.405739,-1293.950806,-0.000319,0.002742,0.069647,290.939270,14.821152,0.696466,-1293.950806,294.500488,0.000000
79.210007,65.403496,-1293.950806,-0.000297,0.002742,0.069647,290.929291,14.820643,0.696466,-1293.950806,294.500488,0.000000
79.220001,65.403496,-1293.950806,-0.000310,0.002742,0.069647,290.929291,14.820643,0.696466,-1293.950806,294.500488,0.000000
79.230003,65.418770,-1293.861938,-0.000306,0.002742,0.069647,290.997223,14.824105,0.696466,-1293.861938,294.500488,0.000000
79.240005,65.429558,-1293.950806,-0.000310,0.002742,0.069647,291.045197,14.826550,0.696466,-1293.950806,294.500488,0.000000
79.250000,65.434029,-1293.950806,-0.000323,0.002742,0.069647,291.065094,14.827562,0.696466,-1293.950806,294.500488,0.000000
79.260002,65.435524,-1293.906372,-0.000306,0.002742,0.069647,291.071747,14.827902,0.696466,-1293.906372,294.500488,0.000000
79.270004,65.438881,-1293.995361,-0.000289,0.002742,0.069647,291.086670,14.828663,0.696466,-1293.995361,294.500488,0.000000
79.280006,65.441856,-1293.906372,-0.000310,0.002742,0.069647,291.099915,14.829336,0.696466,-1293.906372,294.500488,0.000000
79.290001,65.439247,-1293.906372,-0.000310,0.002742,0.069647,291.088318,14.828745,0.696466,-1293.906372,294.500488,0.000000
79.300003,65.448189,-1293.950806,-0.000315,0.002742,0.069647,291.128082,14.830771,0.696466,-1293.950806,294.500488,0.000000
79.310005,65.451530,-1293.950806,-0.000306,0.002742,0.069647,291.142944,14.831529,0.696466,-1293.950806,294.500488,0.000000
79.320007,65.453773,-1293.950806,-0.000306,0.002742,0.069647,291.152924,14.832037,0.696466,-1293.950806,294.500488,0.000000
79.330002,65.459358,-1293.950806,-0.000310,0.002742,0.069647,291.177765,14.833302,0.696466,-1293.950806,294.500488,0.000000
79.340004,65.448555,-1293.995361,-0.000306,0.002742,0.069647,291.129700,14.830854,0.696466,-1293.995361,294.500488,0.000000
79.350006,65.439613,-1293.995361,-0.000306,0.002742,0.069647,291.089935,14.828828,0.696466,-1293.995361,294.500488,0.000000
79.360001,65.445198,-1293.906372,-0.000315,0.002742,0.069647,291.114777,14.830093,0.696466,-1293.906372,294.500488,0.000000
79.370003,65.460472,-1293.950806,-0.000306,0.002742,0.069647,291.182709,14.833555,0.696466,-1293.950806,294.500488,0.000000
79.380005,65.474617,-1293.950806,-0.000310,0.002742,0.069647,291.245636,14.836761,0.696466,-1293.950806,294.500488,0.000000
79.390007,65.476479,-1293.950806,-0.000319,0.002742,0.069647,291.253937,14.837182,0.696466,-1293.950806,294.500488,0.000000
79.400002,65.470894,-1293.950806,-0.000323,0.002742,0.069647,291.229095,14.835917,0.696466,-1293.950806,294.500488,0.000000
79.410004,65.472023,-1293.906372,-0.000306,0.002742,0.069647,291.234100,14.836172,0.696466,-1293.906372,294.500488,0.000000
79.420006,65.479469,-1293.950806,-0.000328,0.002742,0.069647,291.267212,14.837860,0.696466,-1293.950806,294.500488,0.000000
79.430000,65.483559,-1293.861938,-0.000315,0.002742,0.069647,291.285431,14.838787,0.696466,-1293.861938,294.500488,0.000000
79.440002,65.476112,-1293.950806,-0.000310,0.002742,0.069647,291.252289,14.837099,0.696466,-1293.950806,294.500488,0.000000
79.450005,65.486534,-1293.950806,-0.000310,0.002742,0.069647,291.298645,14.839460,0.696466,-1293.950806,294.500488,0.000000
79.460007,65.491386,-1293.906372,-0.000306,0.002742,0.069647,291.320251,14.840561,0.696466,-1293.906372,294.500488,0.000000
79.470001,65.473137,-1293.995361,-0.000310,0.002742,0.069647,291.239044,14.836425,0.696466,-1293.995361,294.500488,0.000000
79.480003,65.475746,-1293.906372,-0.000310,0.002742,0.069647,291.250671,14.837016,0.696466,-1293.906372,294.500488,0.000000
79.490005,65.471642,-1293.950806,-0.000306,0.002742,0.069647,291.232422,14.836086,0.696466,-1293.950806,294.500488,0.000000
79.500000,65.470894,-1293.861938,-0.000319,0.002742,0.069647,291.229095,14.835917,0.696466,-1293.861938,294.500488,0.000000
79.510002,65.480583,-1293.950806,-0.000315,0.002742,0.069647,291.272186,14.838112,0.696466,-1293.950806,294.500488,0.000000
79.520004,65.490257,-1293.995361,-0.000310,0.002742,0.069647,291.315216,14.840305,0.696466,-1293.995361,294.500488,0.000000
79.530006,65.483925,-1293.906372,-0.000319,0.002742,0.069647,291.287048,14.838870,0.696466,-1293.906372,294.500488,0.000000
79.540001,65.475746,-1293.950806,-0.000315,0.002742,0.069647,291.250671,14.837016,0.696466,-1293.950806,294.500488,0.000000
79.550003,65.472755,-1293.906372,-0.000315,0.002742,0.069647,291.237366,14.836338,0.696466,-1293.906372,294.500488,0.000000
79.560005,65.475746,-1293.906372,-0.000302,0.002742,0.069647,291.250671,14.837016,0.696466,-1293.906372,294.500488,0.000000
79.570007,65.470528,-1293.950806,-0.000310,0.002742,0.069647,291.227448,14.835834,0.696466,-1293.950806,294.500488,0.000000
79.580002,65.475746,-1293.906372,-0.000306,0.002742,0.069647,291.250671,14.837016,0.696466,-1293.906372,294.500488,0.000000
79.590004,65.479836,-1293.995361,-0.000306,0.002742,0.069647,291.268860,14.837942,0.696466,-1293.995361,294.500488,0.000000
79.600006,65.483559,-1293.995361,-0.000315,0.002742,0.069647,291.285431,14.838787,0.696466,-1293.995361,294.500488,0.000000
79.610001,65.487648,-1293.950806,-0.000297,0.002742,0.069647,291.303619,14.839713,0.696466,-1293.950806,294.500488,0.000000
79.620003,65.479088,-1293.950806,-0.000302,0.002742,0.069647,291.265533,14.837773,0.696466,-1293.950806,294.500488,0.000000
79.630005,65.468285,-1293.950806,-0.000310,0.002742,0.069647,291.217468,14.835325,0.696466,-1293.950806,294.500488,0.000000
79.640007,65.470161,-1293.995361,-0.000310,0.002742,0.069647,291.225830,14.835751,0.696466,-1293.995361,294.500488,0.000000
79.650002,65.470894,-1294.039795,-0.000323,0.002742,0.069647,291.229095,14.835917,0.696466,-1294.039795,294.500488,0.000000
79.660004,65.477974,-1293.906372,-0.000310,0.002742,0.069647,291.260590,14.837522,0.696466,-1293.906372,294.500488,0.000000
79.670006,65.473137,-1293.995361,-0.000310,0.002742,0.069647,291.239044,14.836425,0.696466,-1293.995361,294.500488,0.000000
79.680000,65.476112,-1293.861938,-0.000297,0.002742,0.069647,291.252289,14.837099,0.696466,-1293.861938,294.500488,0.000000
79.690002,65.471275,-1293.950806,-0.000315,0.002742,0.069647,291.230774,14.836003,0.696466,-1293.950806,294.500488,0.000000
79.700005,65.466805,-1293.906372,-0.000323,0.002742,0.069647,291.210876,14.834991,0.696466,-1293.906372,294.500488,0.000000
79.710007,65.462334,-1293.906372,-0.000315,0.002742,0.069647,291.191010,14.833977,0.696466,-1293.906372,294.500488,0.000000
79.720001,65.464943,-1293.950806,-0.000306,0.002742,0.069647,291.202606,14.834568,0.696466,-1293.950806,294.500488,0.000000
79.730003,65.468285,-1293.950806,-0.000306,0.002742,0.069647,291.217468,14.835325,0.696466,-1293.950806,294.500488,0.000000
79.740005,65.468285,-1293.995361,-0.000306,0.002742,0.069647,291.217468,14.835325,0.696466,-1293.995361,294.500488,0.000000
79.750000,65.460106,-1293.906372,-0.000319,0.002742,0.069647,291.181091,14.833472,0.696466,-1293.906372,294.500488,0.000000
79.760002,65.453026,-1293.950806,-0.000319,0.002742,0.069647,291.149597,14.831867,0.696466,-1293.950806,294.500488,0.000000
79.770004,65.453026,-1293.906372,-0.000306,0.002742,0.069647,291.149597,14.831867,0.696466,-1293.906372,294.500488,0.000000
79.780006,65.451164,-1293.906372,-0.000319,0.002742,0.069647,291.141327,14.831446,0.696466,-1293.906372,294.500488,0.000000
79.790001,65.459358,-1293.950806,-0.000306,0.002742,0.069647,291.177765,14.833302,0.696466,-1293.950806,294.500488,0.000000
79.800003,65.461220,-1293.906372,-0.000315,0.002742,0.069647,291.186035,14.833725,0.696466,-1293.906372,294.500488,0.000000
79.810005,65.463829,-1293.995361,-0.000302,0.002742,0.069647,291.197662,14.834315,0.696466,-1293.995361,294.500488,0.000000
79.820007,65.462700,-1293.995361,-0.000302,0.002742,0.069647,291.192627,14.834060,0.696466,-1293.995361,294.500488,0.000000
79.830002,65.459724,-1293.950806,-0.000306,0.002742,0.069647,291.179382,14.833385,0.696466,-1293.950806,294.500488,0.000000
79.840004,65.450417,-1293.906372,-0.000315,0.002742,0.069647,291.138000,14.831276,0.696466,-1293.906372,294.500488,0.000000
79.850006,65.457115,-1293.906372,-0.000310,0.002742,0.069647,291.167786,14.832794,0.696466,-1293.906372,294.500488,0.000000
79.860001,65.450417,-1293.906372,-0.000306,0.002742,0.069647,291.138000,14.831276,0.696466,-1293.906372,294.500488,0.000000
79.870003,65.456749,-1293.995361,-0.000306,0.002742,0.069647,291.166168,14.832711,0.696466,-1293.995361,294.500488,0.000000
79.880005,65.449669,-1293.950806,-0.000306,0.002742,0.069647,291.134674,14.831106,0.696466,-1293.950806,294.500488,0.000000
79.890007,65.454521,-1293.950806,-0.000310,0.002742,0.069647,291.156250,14.832207,0.696466,-1293.950806,294.500488,0.000000
79.900002,65.452278,-1293.950806,-0.000310,0.002742,0.069647,291.146271,14.831698,0.696466,-1293.950806,294.500488,0.000000
79.910004,65.451164,-1293.950806,-0.000315,0.002742,0.069647,291.141327,14.831446,0.696466,-1293.950806,294.500488,0.000000
79.920006,65.444832,-1293.950806,-0.000315,0.002742,0.069647,291.113159,14.830010,0.696466,-1293.950806,294.500488,0.000000
79.930000,65.439995,-1293.950806,-0.000302,0.002742,0.069647,291.091644,14.828915,0.696466,-1293.950806,294.500488,0.000000
79.940002,65.436272,-1293.906372,-0.000315,0.002742,0.069647,291.075073,14.828072,0.696466,-1293.906372,294.500488,0.000000
79.950005,65.428825,-1293.906372,-0.000319,0.002742,0.069647,291.041962,14.826384,0.696466,-1293.906372,294.500488,0.000000
79.960007,65.423607,-1293.995361,-0.000315,0.002742,0.069647,291.018738,14.825201,0.696466,-1293.995361,294.500488,0.000000
79.970001,65.420250,-1293.950806,-0.000319,0.002742,0.069647,291.003815,14.824440,0.696466,-1293.950806,294.500488,0.000000
79.980003,65.426216,-1293.906372,-0.000302,0.002742,0.069647,291.030334,14.825793,0.696466,-1293.906372,294.500488,0.000000
79.990005,65.426216,-1293.995361,-0.000306,0.002742,0.069647,291.030334,14.825793,0.696466,-1293.995361,294.500488,0.000000
80.000000,65.426582,-1293.906372,-0.000315,0.002742,0.069647,291.031982,14.825875,0.696466,-1293.906372,294.500488,0.000000
80.010002,65.423241,-1293.950806,-0.000323,0.002742,0.069647,291.017120,14.825118,0.696466,-1293.950806,294.500488,0.000000
80.020004,65.413185,-1293.995361,-0.000310,0.002742,0.069647,290.972382,14.822840,0.696466,-1293.995361,294.500488,0.000000
80.030006,65.412437,-1293.906372,-0.000310,0.002742,0.069647,290.969055,14.822670,0.696466,-1293.906372,294.500488,0.000000
80.040001,65.420250,-1293.995361,-0.000310,0.002742,0.069647,291.003815,14.824440,0.696466,-1293.995361,294.500488,0.000000
80.050003,65.419884,-1293.906372,-0.000328,0.002742,0.069647,291.002167,14.824358,0.696466,-1293.906372,294.500488,0.000000
80.060005,65.423607,-1293.861938,-0.000310,0.002742,0.069647,291.018738,14.825201,0.696466,-1293.861938,294.500488,0.000000
80.070007,65.413933,-1293.950806,-0.000310,0.002742,0.069647,290.975708,14.823009,0.696466,-1293.950806,294.500488,0.000000
80.080002,65.407967,-1293.950806,-0.000319,0.002742,0.069647,290.949158,14.821657,0.696466,-1293.950806,294.500488,0.000000
80.090004,65.403496,-1293.950806,-0.000302,0.002742,0.069647,290.929291,14.820643,0.696466,-1293.950806,294.500488,0.000000
80.100006,65.407219,-1293.950806,-0.000315,0.002742,0.069647,290.945831,14.821488,0.696466,-1293.950806,294.500488,0.000000
80.110001,65.405357,-1293.906372,-0.000310,0.002742,0.069647,290.937561,14.821066,0.696466,-1293.906372,294.500488,0.000000
80.120003,65.411324,-1293.950806,-0.000315,0.002742,0.069647,290.964111,14.822417,0.696466,-1293.950806,294.500488,0.000000
80.130005,65.414665,-1293.950806,-0.000297,0.002742,0.069647,290.978973,14.823174,0.696466,-1293.950806,294.500488,0.000000
80.140007,65.412071,-1293.995361,-0.000319,0.002742,0.069647,290.967438,14.822587,0.696466,-1293.995361,294.500488,0.000000
80.150002,65.407600,-1293.906372,-0.000319,0.002742,0.069647,290.947540,14.821574,0.696466,-1293.906372,294.500488,0.000000
80.160004,65.408714,-1293.950806,-0.000306,0.002742,0.069647,290.952484,14.821827,0.696466,-1293.950806,294.500488,0.000000
80.170006,65.404610,-1294.039795,-0.000319,0.002742,0.069647,290.934235,14.820896,0.696466,-1294.039795,294.500488,0.000000
80.180000,65.405357,-1293.906372,-0.000328,0.002742,0.069647,290.937561,14.821066,0.696466,-1293.906372,294.500488,0.000000
80.190002,65.405357,-1293.950806,-0.000293,0.002742,0.069647,290.937561,14.821066,0.696466,-1293.950806,294.500488,0.000000
80.200005,65.402382,-1293.906372,-0.000315,0.002742,0.069647,290.924316,14.820392,0.696466,-1293.906372,294.500488,0.000000
80.210007,65.396049,-1293.950806,-0.000302,0.002742,0.069647,290.896149,14.818957,0.696466,-1293.950806,294.500488,0.000000
80.220001,65.394188,-1293.950806,-0.000319,0.002742,0.069647,290.887878,14.818535,0.696466,-1293.950806,294.500488,0.000000
80.230003,65.391212,-1293.906372,-0.000306,0.002742,0.069647,290.874634,14.817861,0.696466,-1293.906372,294.500488,0.000000
80.240005,65.384132,-1293.950806,-0.000302,0.002742,0.069647,290.843140,14.816257,0.696466,-1293.950806,294.500488,0.000000
80.250000,65.390099,-1293.995361,-0.000315,0.002742,0.069647,290.869690,14.817608,0.696466,-1293.995361,294.500488,0.000000
80.260002,65.398293,-1293.995361,-0.000302,0.002742,0.069647,290.906128,14.819465,0.696466,-1293.995361,294.500488,0.000000
80.270004,65.394569,-1293.950806,-0.000310,0.002742,0.069647,290.889587,14.818621,0.696466,-1293.950806,294.500488,0.000000
80.280006,65.389351,-1293.861938,-0.000302,0.002742,0.069647,290.866364,14.817439,0.696466,-1293.861938,294.500488,0.000000
80.290001,65.384880,-1293.995361,-0.000297,0.002742,0.069647,290.846466,14.816426,0.696466,-1293.995361,294.500488,0.000000
80.300003,65.388237,-1293.950806,-0.000302,0.002742,0.069647,290.861420,14.817186,0.696466,-1293.950806,294.500488,0.000000
80.310005,65.388969,-1293.995361,-0.000302,0.002742,0.069647,290.864655,14.817352,0.696466,-1293.995361,294.500488,0.000000
80.320007,65.388237,-1293.995361,-0.000302,0.002742,0.069647,290.861420,14.817186,0.696466,-1293.995361,294.500488,0.000000
80.330002,65.386375,-1293.906372,-0.000306,0.002742,0.069647,290.853119,14.816764,0.696466,-1293.906372,294.500488,0.000000
80.340004,65.380043,-1293.950806,-0.000310,0.002742,0.069647,290.824951,14.815329,0.696466,-1293.950806,294.500488,0.000000
80.350006,65.383385,-1293.950806,-0.000328,0.002742,0.069647,290.839813,14.816087,0.696466,-1293.950806,294.500488,0.000000
80.360001,65.370735,-1293.950806,-0.000306,0.002742,0.069647,290.783539,14.813220,0.696466,-1293.950806,294.500488,0.000000
80.370003,65.369606,-1293.950806,-0.000297,0.002742,0.069647,290.778534,14.812964,0.696466,-1293.950806,294.500488,0.000000
80.380005,65.378181,-1293.950806,-0.000319,0.002742,0.069647,290.816681,14.814908,0.696466,-1293.950806,294.500488,0.000000
80.390007,65.385628,-1294.039795,-0.000315,0.002742,0.069647,290.849792,14.816595,0.696466,-1294.039795,294.500488,0.000000
80.400002,65.385628,-1293.950806,-0.000310,0.002742,0.069647,290.849792,14.816595,0.696466,-1293.950806,294.500488,0.000000
80.410004,65.374077,-1293.950806,-0.000323,0.002742,0.069647,290.798431,14.813977,0.696466,-1293.950806,294.500488,0.000000
80.420006,65.372597,-1293.950806,-0.000315,0.002742,0.069647,290.791840,14.813643,0.696466,-1293.950806,294.500488,0.000000
80.430000,65.365883,-1293.861938,-0.000319,0.002742,0.069647,290.761963,14.812121,0.696466,-1293.861938,294.500488,0.000000
80.440002,65.365150,-1293.995361,-0.000297,0.002742,0.069647,290.758698,14.811954,0.696466,-1293.995361,294.500488,0.000000
80.450005,65.366631,-1293.995361,-0.000319,0.002742,0.069647,290.765289,14.812291,0.696466,-1293.995361,294.500488,0.000000
80.460007,65.362907,-1293.950806,-0.000310,0.002742,0.069647,290.748718,14.811446,0.696466,-1293.950806,294.500488,0.000000
80.470001,65.357704,-1294.039795,-0.000302,0.002742,0.069647,290.725586,14.810267,0.696466,-1294.039795,294.500488,0.000000
80.480003,65.364769,-1293.906372,-0.000306,0.002742,0.069647,290.757019,14.811869,0.696466,-1293.906372,294.500488,0.000000
80.490005,65.355461,-1294.039795,-0.000328,0.002742,0.069647,290.715607,14.809759,0.696466,-1294.039795,294.500488,0.000000
80.500008,65.354713,-1293.906372,-0.000315,0.002742,0.069647,290.712280,14.809589,0.696466,-1293.906372,294.500488,0.000000
80.510002,65.355461,-1293.950806,-0.000319,0.002742,0.069647,290.715607,14.809759,0.696466,-1293.950806,294.500488,0.000000
80.520004,65.355843,-1293.995361,-0.000323,0.002742,0.069647,290.717316,14.809846,0.696466,-1293.995361,294.500488,0.000000
80.530006,65.369240,-1294.039795,-0.000310,0.002742,0.069647,290.776886,14.812881,0.696466,-1294.039795,294.500488,0.000000
80.540001,65.364403,-1293.861938,-0.000310,0.002742,0.069647,290.755371,14.811786,0.696466,-1293.861938,294.500488,0.000000
80.550003,65.364769,-1293.995361,-0.000302,0.002742,0.069647,290.757019,14.811869,0.696466,-1293.995361,294.500488,0.000000
80.560005,65.356956,-1293.950806,-0.000315,0.002742,0.069647,290.722260,14.810098,0.696466,-1293.950806,294.500488,0.000000
80.570007,65.354347,-1293.950806,-0.000302,0.002742,0.069647,290.710663,14.809507,0.696466,-1293.950806,294.500488,0.000000
80.580002,65.353981,-1293.906372,-0.000315,0.002742,0.069647,290.709015,14.809423,0.696466,-1293.906372,294.500488,0.000000
80.590004,65.352486,-1293.906372,-0.000310,0.002742,0.069647,290.702362,14.809085,0.696466,-1293.906372,294.500488,0.000000
80.600006,65.354347,-1293.906372,-0.000310,0.002742,0.069647,290.710663,14.809507,0.696466,-1293.906372,294.500488,0.000000
80.610001,65.348381,-1293.950806,-0.000302,0.002742,0.069647,290.684113,14.808154,0.696466,-1293.950806,294.500488,0.000000
80.620003,65.349876,-1293.995361,-0.000306,0.002742,0.069647,290.690765,14.808494,0.696466,-1293.995361,294.500488,0.000000
80.630005,65.339073,-1293.950806,-0.000319,0.002742,0.069647,290.642700,14.806046,0.696466,-1293.950806,294.500488,0.000000
80.640007,65.339821,-1293.950806,-0.000319,0.002742,0.069647,290.646027,14.806215,0.696466,-1293.950806,294.500488,0.000000
80.650002,65.339821,-1293.906372,-0.000328,0.002742,0.069647,290.646027,14.806215,0.696466,-1293.906372,294.500488,0.000000
80.660004,65.342796,-1293.906372,-0.000306,0.002742,0.069647,290.659271,14.806889,0.696466,-1293.906372,294.500488,0.000000
80.670006,65.345406,-1293.995361,-0.000310,0.002742,0.069647,290.670868,14.807481,0.696466,-1293.995361,294.500488,0.000000
80.680000,65.348763,-1293.950806,-0.000310,0.002742,0.069647,290.685822,14.808242,0.696466,-1293.950806,294.500488,0.000000
80.690002,65.345406,-1293.995361,-0.000315,0.002742,0.069647,290.670868,14.807481,0.696466,-1293.995361,294.500488,0.000000
80.700005,65.339455,-1293.995361,-0.000310,0.002742,0.069647,290.644409,14.806131,0.696466,-1293.995361,294.500488,0.000000
80.710007,65.340202,-1293.950806,-0.000293,0.002742,0.069647,290.647736,14.806301,0.696466,-1293.950806,294.500488,0.000000
80.720001,65.343178,-1293.906372,-0.000310,0.002742,0.069647,290.660980,14.806976,0.696466,-1293.906372,294.500488,0.000000
80.730003,65.338707,-1293.950806,-0.000297,0.002742,0.069647,290.641083,14.805963,0.696466,-1293.950806,294.500488,0.000000
80.740005,65.339455,-1294.084351,-0.000315,0.002742,0.069647,290.644409,14.806131,0.696466,-1294.084351,294.500488,0.000000
80.750008,65.342796,-1293.950806,-0.000323,0.002742,0.069647,290.659271,14.806889,0.696466,-1293.950806,294.500488,0.000000
80.760002,65.339455,-1293.950806,-0.000310,0.002742,0.069647,290.644409,14.806131,0.696466,-1293.950806,294.500488,0.000000
80.770004,65.335350,-1293.950806,-0.000310,0.002742,0.069647,290.626160,14.805202,0.696466,-1293.950806,294.500488,0.000000
80.780006,65.329018,-1293.950806,-0.000315,0.002742,0.069647,290.597992,14.803767,0.696466,-1293.950806,294.500488,0.000000
80.790001,65.329018,-1294.039795,-0.000297,0.002742,0.069647,290.597992,14.803767,0.696466,-1294.039795,294.500488,0.000000
80.800003,65.327538,-1293.995361,-0.000310,0.002742,0.069647,290.591400,14.803432,0.696466,-1293.995361,294.500488,0.000000
80.810005,65.326790,-1293.950806,-0.000310,0.002742,0.069647,290.588074,14.803262,0.696466,-1293.950806,294.500488,0.000000
80.820007,65.329765,-1294.039795,-0.000315,0.002742,0.069647,290.601318,14.803937,0.696466,-1294.039795,294.500488,0.000000
80.830002,65.331627,-1293.906372,-0.000306,0.002742,0.069647,290.609589,14.804358,0.696466,-1293.906372,294.500488,0.000000
80.840004,65.330879,-1293.995361,-0.000310,0.002742,0.069647,290.606262,14.804189,0.696466,-1293.995361,294.500488,0.000000
80.850006,65.319710,-1293.995361,-0.000319,0.002742,0.069647,290.556580,14.801658,0.696466,-1293.995361,294.500488,0.000000
80.860001,65.322319,-1293.950806,-0.000315,0.002742,0.069647,290.568176,14.802249,0.696466,-1293.950806,294.500488,0.000000
80.870003,65.328285,-1294.039795,-0.000315,0.002742,0.069647,290.594727,14.803600,0.696466,-1294.039795,294.500488,0.000000
80.880005,65.320839,-1293.995361,-0.000297,0.002742,0.069647,290.561615,14.801914,0.696466,-1293.995361,294.500488,0.000000
80.890007,65.322701,-1293.995361,-0.000302,0.002742,0.069647,290.569885,14.802335,0.696466,-1293.995361,294.500488,0.000000
80.900002,65.318977,-1293.995361,-0.000310,0.002742,0.069647,290.553314,14.801492,0.696466,-1293.995361,294.500488,0.000000
80.910004,65.328651,-1293.995361,-0.000315,0.002742,0.069647,290.596344,14.803684,0.696466,-1293.995361,294.500488,0.000000
80.920006,65.327904,-1293.950806,-0.000306,0.002742,0.069647,290.593018,14.803514,0.696466,-1293.950806,294.500488,0.000000
80.930000,65.322701,-1293.950806,-0.000306,0.002742,0.069647,290.569885,14.802335,0.696466,-1293.950806,294.500488,0.000000
80.940002,65.314125,-1294.039795,-0.000310,0.002742,0.069647,290.531738,14.800392,0.696466,-1294.039795,294.500488,0.000000
80.950005,65.316734,-1293.906372,-0.000319,0.002742,0.069647,290.543335,14.800983,0.696466,-1293.906372,294.500488,0.000000
80.960007,65.321571,-1293.950806,-0.000306,0.002742,0.069647,290.564850,14.802079,0.696466,-1293.950806,294.500488,0.000000
80.970001,65.321205,-1294.039795,-0.000306,0.002742,0.069647,290.563232,14.801996,0.696466,-1294.039795,294.500488,0.000000
80.980003,65.316368,-1293.950806,-0.000306,0.002742,0.069647,290.541718,14.800900,0.696466,-1293.950806,294.500488,0.000000
80.990005,65.307793,-1293.950806,-0.000310,0.002742,0.069647,290.503571,14.798957,0.696466,-1293.950806,294.500488,0.000000
81.000008,65.311150,-1293.950806,-0.000315,0.002742,0.069647,290.518494,14.799718,0.696466,-1293.950806,294.500488,0.000000
81.010002,65.324928,-1293.995361,-0.000306,0.002742,0.069647,290.579803,14.802840,0.696466,-1293.995361,294.500488,0.000000
81.020004,65.308922,-1293.950806,-0.000306,0.002742,0.069647,290.508606,14.799213,0.696466,-1293.950806,294.500488,0.000000
81.030006,65.308174,-1293.861938,-0.000302,0.002742,0.069647,290.505280,14.799045,0.696466,-1293.861938,294.500488,0.000000
81.040001,65.308174,-1294.128784,-0.000319,0.002742,0.069647,290.505280,14.799045,0.696466,-1294.128784,294.500488,0.000000
81.050003,65.315254,-1293.950806,-0.000319,0.002742,0.069647,290.536774,14.800649,0.696466,-1293.950806,294.500488,0.000000
81.060005,65.313393,-1293.950806,-0.000306,0.002742,0.069647,290.528473,14.800226,0.696466,-1293.950806,294.500488,0.000000
81.070007,65.304817,-1294.084351,-0.000310,0.002742,0.069647,290.490326,14.798283,0.696466,-1294.084351,294.500488,0.000000
81.080002,65.302956,-1293.906372,-0.000310,0.002742,0.069647,290.482056,14.797861,0.696466,-1293.906372,294.500488,0.000000
81.090004,65.302589,-1294.039795,-0.000323,0.002742,0.069647,290.480438,14.797779,0.696466,-1294.039795,294.500488,0.000000
81.100006,65.299232,-1293.950806,-0.000297,0.002742,0.069647,290.465485,14.797018,0.696466,-1293.950806,294.500488,0.000000
81.110001,65.297005,-1293.950806,-0.000319,0.002742,0.069647,290.455597,14.796514,0.696466,-1293.950806,294.500488,0.000000
81.120003,65.303703,-1293.995361,-0.000306,0.002742,0.069647,290.485382,14.798031,0.696466,-1293.995361,294.500488,0.000000
81.130005,65.301094,-1293.950806,-0.000310,0.002742,0.069647,290.473785,14.797440,0.696466,-1293.950806,294.500488,0.000000
81.140007,65.305199,-1293.950806,-0.000310,0.002742,0.069647,290.492035,14.798369,0.696466,-1293.950806,294.500488,0.000000
81.150002,65.292152,-1293.906372,-0.000310,0.002742,0.069647,290.433990,14.795413,0.696466,-1293.906372,294.500488,0.000000
81.160004,65.291420,-1294.039795,-0.000306,0.002742,0.069647,290.430756,14.795248,0.696466,-1294.039795,294.500488,0.000000
81.170006,65.291039,-1293.950806,-0.000302,0.002742,0.069647,290.429047,14.795160,0.696466,-1293.950806,294.500488,0.000000
81.180000,65.293282,-1293.906372,-0.000302,0.002742,0.069647,290.439026,14.795669,0.696466,-1293.906372,294.500488,0.000000
81.190002,65.298866,-1293.950806,-0.000297,0.002742,0.069647,290.463867,14.796934,0.696466,-1293.950806,294.500488,0.000000
81.200005,65.297371,-1293.950806,-0.000306,0.002742,0.069647,290.457214,14.796596,0.696466,-1293.950806,294.500488,0.000000
81.210007,65.299232,-1293.950806,-0.000323,0.002742,0.069647,290.465485,14.797018,0.696466,-1293.950806,294.500488,0.000000
81.220001,65.291039,-1294.039795,-0.000323,0.002742,0.069647,290.429047,14.795160,0.696466,-1294.039795,294.500488,0.000000
81.230003,65.292534,-1293.906372,-0.000302,0.002742,0.069647,290.435699,14.795500,0.696466,-1293.906372,294.500488,0.000000
81.240005,65.292900,-1293.995361,-0.000310,0.002742,0.069647,290.437317,14.795583,0.696466,-1293.995361,294.500488,0.000000
81.250008,65.286949,-1293.906372,-0.000315,0.002742,0.069647,290.410858,14.794234,0.696466,-1293.906372,294.500488,0.000000
81.260002,65.288811,-1293.906372,-0.000306,0.002742,0.069647,290.419128,14.794656,0.696466,-1293.906372,294.500488,0.000000
81.270004,65.299232,-1294.039795,-0.000310,0.002742,0.069647,290.465485,14.797018,0.696466,-1294.039795,294.500488,0.000000
81.280006,65.294029,-1293.906372,-0.000302,0.002742,0.069647,290.442352,14.795838,0.696466,-1293.906372,294.500488,0.000000
81.290001,65.287697,-1293.950806,-0.000306,0.002742,0.069647,290.414185,14.794403,0.696466,-1293.950806,294.500488,0.000000
81.300003,65.284706,-1293.995361,-0.000310,0.002742,0.069647,290.400879,14.793726,0.696466,-1293.995361,294.500488,0.000000
81.310005,65.283974,-1293.995361,-0.000306,0.002742,0.069647,290.397614,14.793560,0.696466,-1293.995361,294.500488,0.000000
81.320007,65.283592,-1294.039795,-0.000310,0.002742,0.069647,290.395935,14.793474,0.696466,-1294.039795,294.500488,0.000000
81.330002,65.295143,-1293.950806,-0.000315,0.002742,0.069647,290.447296,14.796091,0.696466,-1293.950806,294.500488,0.000000
81.340004,65.294762,-1293.950806,-0.000293,0.002742,0.069647,290.445618,14.796005,0.696466,-1293.950806,294.500488,0.000000
81.350006,65.281731,-1293.906372,-0.000319,0.002742,0.069647,290.387634,14.793052,0.696466,-1293.906372,294.500488,0.000000
81.360001,65.277260,-1293.995361,-0.000306,0.002742,0.069647,290.367767,14.792039,0.696466,-1293.995361,294.500488,0.000000
81.370003,65.269447,-1293.995361,-0.000323,0.002742,0.069647,290.333008,14.790268,0.696466,-1293.995361,294.500488,0.000000
81.380005,65.279503,-1293.950806,-0.000315,0.002742,0.069647,290.377716,14.792547,0.696466,-1293.950806,294.500488,0.000000
81.390007,65.275032,-1293.950806,-0.000306,0.002742,0.069647,290.357849,14.791533,0.696466,-1293.950806,294.500488,0.000000
81.400002,65.284706,-1293.995361,-0.000323,0.002742,0.069647,290.400879,14.793726,0.696466,-1293.995361,294.500488,0.000000
81.410004,65.280617,-1293.950806,-0.000293,0.002742,0.069647,290.382690,14.792799,0.696466,-1293.950806,294.500488,0.000000
81.420006,65.279869,-1293.995361,-0.000310,0.002742,0.069647,290.379364,14.792629,0.696466,-1293.995361,294.500488,0.000000
81.430000,65.270927,-1293.950806,-0.000319,0.002742,0.069647,290.339600,14.790604,0.696466,-1293.950806,294.500488,0.000000
81.440002,65.265724,-1293.995361,-0.000306,0.002742,0.069647,290.316437,14.789425,0.696466,-1293.995361,294.500488,0.000000
81.450005,65.269447,-1293.950806,-0.000319,0.002742,0.069647,290.333008,14.790268,0.696466,-1293.950806,294.500488,0.000000
81.460007,65.282112,-1294.039795,-0.000306,0.002742,0.069647,290.389343,14.793138,0.696466,-1294.039795,294.500488,0.000000
81.470001,65.274666,-1293.995361,-0.000319,0.002742,0.069647,290.356201,14.791451,0.696466,-1293.995361,294.500488,0.000000
81.480003,65.284340,-1293.906372,-0.000302,0.002742,0.069647,290.399261,14.793643,0.696466,-1293.906372,294.500488,0.000000
81.490005,65.278008,-1293.950806,-0.000310,0.002742,0.069647,290.371094,14.792209,0.696466,-1293.950806,294.500488,0.000000
81.500008,65.261253,-1293.950806,-0.000319,0.002742,0.069647,290.296539,14.788412,0.696466,-1293.950806,294.500488,0.000000
81.510002,65.257530,-1293.995361,-0.000315,0.002742,0.069647,290.279999,14.787567,0.696466,-1293.995361,294.500488,0.000000
81.520004,65.252693,-1293.950806,-0.000297,0.002742,0.069647,290.258484,14.786471,0.696466,-1293.950806,294.500488,0.000000
81.530006,65.273537,-1293.950806,-0.000306,0.002742,0.069647,290.351196,14.791195,0.696466,-1293.950806,294.500488,0.000000
81.540001,65.275780,-1293.995361,-0.000302,0.002742,0.069647,290.361176,14.791703,0.696466,-1293.995361,294.500488,0.000000
81.550003,65.272423,-1293.995361,-0.000319,0.002742,0.069647,290.346252,14.790943,0.696466,-1293.995361,294.500488,0.000000
81.560005,65.264229,-1293.950806,-0.000310,0.002742,0.069647,290.309784,14.789085,0.696466,-1293.950806,294.500488,0.000000
81.570007,65.259026,-1294.039795,-0.000310,0.002742,0.069647,290.286652,14.787907,0.696466,-1294.039795,294.500488,0.000000
81.580002,65.262001,-1293.995361,-0.000310,0.002742,0.069647,290.299866,14.788581,0.696466,-1293.995361,294.500488,0.000000
81.590004,65.255302,-1294.039795,-0.000306,0.002742,0.069647,290.270081,14.787063,0.696466,-1294.039795,294.500488,0.000000
81.600006,65.265343,-1293.995361,-0.000319,0.002742,0.069647,290.314758,14.789338,0.696466,-1293.995361,294.500488,0.000000
81.610001,65.266090,-1293.950806,-0.000302,0.002742,0.069647,290.318085,14.789508,0.696466,-1293.950806,294.500488,0.000000
81.620003,65.261620,-1294.039795,-0.000297,0.002742,0.069647,290.298187,14.788494,0.696466,-1294.039795,294.500488,0.000000
81.630005,65.254173,-1293.950806,-0.000310,0.002742,0.069647,290.265045,14.786807,0.696466,-1293.950806,294.500488,0.000000
81.640007,65.252312,-1294.039795,-0.000310,0.002742,0.069647,290.256775,14.786386,0.696466,-1294.039795,294.500488,0.000000
81.650002,65.260506,-1293.906372,-0.000315,0.002742,0.069647,290.293213,14.788242,0.696466,-1293.906372,294.500488,0.000000
81.660004,65.259758,-1293.995361,-0.000302,0.002742,0.069647,290.289886,14.788073,0.696466,-1293.995361,294.500488,0.000000
81.670006,65.262367,-1293.995361,-0.000310,0.002742,0.069647,290.301514,14.788664,0.696466,-1293.995361,294.500488,0.000000
81.680000,65.271675,-1293.950806,-0.000302,0.002742,0.069647,290.342926,14.790773,0.696466,-1293.950806,294.500488,0.000000
81.690002,65.248970,-1293.995361,-0.000302,0.002742,0.069647,290.241913,14.785628,0.696466,-1293.995361,294.500488,0.000000
81.700005,65.247475,-1293.906372,-0.000306,0.002742,0.069647,290.235260,14.785289,0.696466,-1293.906372,294.500488,0.000000
81.710007,65.243004,-1293.950806,-0.000302,0.002742,0.069647,290.215363,14.784276,0.696466,-1293.950806,294.500488,0.000000
81.720001,65.241524,-1293.950806,-0.000302,0.002742,0.069647,290.208801,14.783940,0.696466,-1293.950806,294.500488,0.000000
81.730003,65.250450,-1293.995361,-0.000328,0.002742,0.069647,290.248505,14.785963,0.696466,-1293.995361,294.500488,0.000000
81.740005,65.243752,-1293.995361,-0.000302,0.002742,0.069647,290.218689,14.784445,0.696466,-1293.995361,294.500488,0.000000
81.750008,65.257530,-1293.950806,-0.000310,0.002742,0.069647,290.279999,14.787567,0.696466,-1293.950806,294.500488,0.000000
81.760002,65.247108,-1293.950806,-0.000297,0.002742,0.069647,290.233643,14.785206,0.696466,-1293.950806,294.500488,0.000000
81.770004,65.239662,-1293.950806,-0.000302,0.002742,0.069647,290.200500,14.783519,0.696466,-1293.950806,294.500488,0.000000
81.780006,65.240776,-1293.906372,-0.000315,0.002742,0.069647,290.205475,14.783772,0.696466,-1293.906372,294.500488,0.000000
81.790001,65.233330,-1293.995361,-0.000302,0.002742,0.069647,290.172333,14.782084,0.696466,-1293.995361,294.500488,0.000000
81.800003,65.228859,-1293.995361,-0.000306,0.002742,0.069647,290.152466,14.781071,0.696466,-1293.995361,294.500488,0.000000
81.810005,65.245247,-1293.950806,-0.000306,0.002742,0.069647,290.225342,14.784784,0.696466,-1293.950806,294.500488,0.000000
81.820007,65.242256,-1293.995361,-0.000328,0.002742,0.069647,290.212036,14.784107,0.696466,-1293.995361,294.500488,0.000000
81.830002,65.231087,-1293.950806,-0.000319,0.002742,0.069647,290.162354,14.781575,0.696466,-1293.950806,294.500488,0.000000
81.840004,65.225136,-1293.995361,-0.000306,0.002742,0.069647,290.135895,14.780228,0.696466,-1293.995361,294.500488,0.000000
81.850006,65.232948,-1293.861938,-0.000297,0.002742,0.069647,290.170654,14.781998,0.696466,-1293.861938,294.500488,0.000000
81.860001,65.226616,-1293.906372,-0.000310,0.002742,0.069647,290.142487,14.780562,0.696466,-1293.906372,294.500488,0.000000
81.870003,65.227364,-1293.995361,-0.000306,0.002742,0.069647,290.145813,14.780732,0.696466,-1293.995361,294.500488,0.000000
81.880005,65.233696,-1293.906372,-0.000306,0.002742,0.069647,290.173981,14.782166,0.696466,-1293.906372,294.500488,0.000000
81.890007,65.237053,-1294.039795,-0.000310,0.002742,0.069647,290.188904,14.782928,0.696466,-1294.039795,294.500488,0.000000
81.900002,65.231468,-1293.995361,-0.000310,0.002742,0.069647,290.164062,14.781662,0.696466,-1293.995361,294.500488,0.000000
81.910004,65.222160,-1293.906372,-0.000293,0.002742,0.069647,290.122650,14.779552,0.696466,-1293.906372,294.500488,0.000000
81.920006,65.215080,-1294.039795,-0.000315,0.002742,0.069647,290.091156,14.777948,0.696466,-1294.039795,294.500488,0.000000
81.930000,65.221413,-1293.950806,-0.000319,0.002742,0.069647,290.119324,14.779383,0.696466,-1293.950806,294.500488,0.000000
81.940002,65.225502,-1293.950806,-0.000315,0.002742,0.069647,290.137512,14.780310,0.696466,-1293.950806,294.500488,0.000000
81.950005,65.234444,-1293.950806,-0.000297,0.002742,0.069647,290.177307,14.782336,0.696466,-1293.950806,294.500488,0.000000
81.960007,65.241524,-1293.950806,-0.000297,0.002742,0.069647,290.208801,14.783940,0.696466,-1293.950806,294.500488,0.000000
81.970001,65.225502,-1293.995361,-0.000306,0.002742,0.069647,290.137512,14.780310,0.696466,-1293.995361,294.500488,0.000000
81.980003,65.230339,-1293.906372,-0.000310,0.002742,0.069647,290.159027,14.781406,0.696466,-1293.906372,294.500488,0.000000
81.990005,65.221413,-1293.995361,-0.000306,0.002742,0.069647,290.119324,14.779383,0.696466,-1293.995361,294.500488,0.000000
82.000008,65.216194,-1294.039795,-0.000315,0.002742,0.069647,290.096130,14.778201,0.696466,-1294.039795,294.500488,0.000000
82.010002,65.218803,-1294.039795,-0.000302,0.002742,0.069647,290.107727,14.778792,0.696466,-1294.039795,294.500488,0.000000
82.020004,65.218803,-1293.995361,-0.000315,0.002742,0.069647,290.107727,14.778792,0.696466,-1293.995361,294.500488,0.000000
82.030006,65.223640,-1293.950806,-0.000306,0.002742,0.069647,290.129242,14.779888,0.696466,-1293.950806,294.500488,0.000000
82.040001,65.215828,-1293.995361,-0.000306,0.002742,0.069647,290.094482,14.778117,0.696466,-1293.995361,294.500488,0.000000
82.050003,65.205025,-1293.906372,-0.000323,0.002742,0.069647,290.046448,14.775670,0.696466,-1293.906372,294.500488,0.000000
82.060005,65.207634,-1293.950806,-0.000302,0.002742,0.069647,290.058044,14.776261,0.696466,-1293.950806,294.500488,0.000000
82.070007,65.209114,-1293.995361,-0.000302,0.002742,0.069647,290.064636,14.776596,0.696466,-1293.995361,294.500488,0.000000
82.080002,65.210243,-1293.995361,-0.000302,0.002742,0.069647,290.069641,14.776852,0.696466,-1293.995361,294.500488,0.000000
82.090004,65.211723,-1293.995361,-0.000297,0.002742,0.069647,290.076233,14.777188,0.696466,-1293.995361,294.500488,0.000000
82.100006,65.214714,-1293.950806,-0.000306,0.002742,0.069647,290.089539,14.777865,0.696466,-1293.950806,294.500488,0.000000
82.110001,65.212837,-1293.995361,-0.000302,0.002742,0.069647,290.081177,14.777440,0.696466,-1293.995361,294.500488,0.000000
82.120003,65.203529,-1293.995361,-0.000323,0.002742,0.069647,290.039795,14.775331,0.696466,-1293.995361,294.500488,0.000000
82.130005,65.188271,-1293.950806,-0.000319,0.002742,0.069647,289.971924,14.771873,0.696466,-1293.950806,294.500488,0.000000
82.140007,65.193855,-1293.995361,-0.000302,0.002742,0.069647,289.996765,14.773139,0.696466,-1293.995361,294.500488,0.000000
82.150002,65.192741,-1293.950806,-0.000306,0.002742,0.069647,289.991791,14.772886,0.696466,-1293.950806,294.500488,0.000000
82.160004,65.196083,-1293.950806,-0.000297,0.002742,0.069647,290.006653,14.773643,0.696466,-1293.950806,294.500488,0.000000
82.170006,65.195717,-1293.995361,-0.000310,0.002742,0.069647,290.005035,14.773561,0.696466,-1293.995361,294.500488,0.000000
82.180000,65.190498,-1293.906372,-0.000315,0.002742,0.069647,289.981812,14.772378,0.696466,-1293.906372,294.500488,0.000000
82.190002,65.197578,-1293.950806,-0.000302,0.002742,0.069647,290.013306,14.773982,0.696466,-1293.950806,294.500488,0.000000
82.200005,65.185295,-1293.950806,-0.000310,0.002742,0.069647,289.958679,14.771199,0.696466,-1293.950806,294.500488,0.000000
82.210007,65.180824,-1293.995361,-0.000297,0.002742,0.069656,289.938782,14.770185,0.696557,-1293.995361,294.500488,0.000000
82.220001,65.183800,-1293.950806,-0.000306,0.002742,0.069656,289.952026,14.770861,0.696557,-1293.950806,294.500488,0.000000
82.230003,65.190132,-1293.950806,-0.000302,0.002742,0.069656,289.980194,14.772295,0.696557,-1293.950806,294.500488,0.000000
82.240005,65.194221,-1294.039795,-0.000302,0.002742,0.069656,289.998383,14.773222,0.696557,-1294.039795,294.500488,0.000000
82.250008,65.193474,-1293.906372,-0.000310,0.002742,0.069656,289.995056,14.773052,0.696557,-1293.906372,294.500488,0.000000
82.260002,65.180077,-1294.039795,-0.000302,0.002742,0.069656,289.935455,14.770016,0.696557,-1294.039795,294.500488,0.000000
82.270004,65.178581,-1294.039795,-0.000310,0.002742,0.069656,289.928802,14.769677,0.696557,-1294.039795,294.500488,0.000000
82.280006,65.176720,-1293.950806,-0.000306,0.002742,0.069656,289.920532,14.769256,0.696557,-1293.950806,294.500488,0.000000
82.290001,65.177849,-1293.995361,-0.000310,0.002742,0.069656,289.925537,14.769512,0.696557,-1293.995361,294.500488,0.000000
82.300003,65.177849,-1293.995361,-0.000310,0.002742,0.069656,289.925537,14.769512,0.696557,-1293.995361,294.500488,0.000000
82.310005,65.177101,-1293.995361,-0.000315,0.002742,0.069656,289.922211,14.769342,0.696557,-1293.995361,294.500488,0.000000
82.320007,65.174492,-1294.084351,-0.000315,0.002742,0.069656,289.910614,14.768751,0.696557,-1294.084351,294.500488,0.000000
82.330002,65.178215,-1293.950806,-0.000315,0.002742,0.069656,289.927185,14.769595,0.696557,-1293.950806,294.500488,0.000000
82.340004,65.175240,-1294.039795,-0.000302,0.002742,0.069656,289.913940,14.768920,0.696557,-1294.039795,294.500488,0.000000
82.350006,65.168907,-1293.950806,-0.000315,0.002742,0.069656,289.885773,14.767486,0.696557,-1293.950806,294.500488,0.000000
82.360001,65.162941,-1293.906372,-0.000306,0.002742,0.069656,289.859253,14.766133,0.696557,-1293.906372,294.500488,0.000000
82.370003,65.161827,-1293.950806,-0.000310,0.002742,0.069656,289.854279,14.765881,0.696557,-1293.950806,294.500488,0.000000
82.380005,65.172249,-1293.906372,-0.000310,0.002742,0.069656,289.900635,14.768242,0.696557,-1293.906372,294.500488,0.000000
82.390007,65.173378,-1294.039795,-0.000297,0.002742,0.069656,289.905670,14.768499,0.696557,-1294.039795,294.500488,0.000000
82.400002,65.167412,-1293.950806,-0.000315,0.002742,0.069656,289.879120,14.767146,0.696557,-1293.950806,294.500488,0.000000
82.410004,65.167412,-1293.995361,-0.000310,0.002742,0.069656,289.879120,14.767146,0.696557,-1293.995361,294.500488,0.000000
82.420006,65.155876,-1293.995361,-0.000310,0.002742,0.069656,289.827820,14.764533,0.696557,-1293.995361,294.500488,0.000000
82.430000,65.160347,-1293.950806,-0.000310,0.002742,0.069656,289.847687,14.765546,0.696557,-1293.950806,294.500488,0.000000
82.440002,65.152519,-1293.995361,-0.000306,0.002742,0.069656,289.812866,14.763772,0.696557,-1293.995361,294.500488,0.000000
82.450005,65.152885,-1293.906372,-0.000310,0.002742,0.069656,289.814514,14.763855,0.696557,-1293.906372,294.500488,0.000000
82.460007,65.154381,-1293.950806,-0.000297,0.002742,0.069656,289.821167,14.764194,0.696557,-1293.950806,294.500488,0.000000
82.470001,65.157356,-1293.995361,-0.000315,0.002742,0.069656,289.834381,14.764868,0.696557,-1293.995361,294.500488,0.000000
82.480003,65.161827,-1293.950806,-0.000315,0.002742,0.069656,289.854279,14.765881,0.696557,-1293.950806,294.500488,0.000000
82.490005,65.160713,-1294.084351,-0.000319,0.002742,0.069656,289.849335,14.765629,0.696557,-1294.084351,294.500488,0.000000
82.500008,65.149162,-1293.906372,-0.000315,0.002742,0.069656,289.797943,14.763011,0.696557,-1293.906372,294.500488,0.000000
82.510002,65.142097,-1293.995361,-0.000302,0.002742,0.069656,289.766510,14.761411,0.696557,-1293.995361,294.500488,0.000000
82.520004,65.139488,-1293.950806,-0.000310,0.002742,0.069656,289.754913,14.760818,0.696557,-1293.950806,294.500488,0.000000
82.530006,65.144707,-1293.950806,-0.000302,0.002743,0.069672,289.778137,14.762002,0.696723,-1293.950806,294.500488,0.000000
82.540001,65.157738,-1293.995361,-0.000306,0.002743,0.069681,289.836090,14.764955,0.696814,-1293.995361,294.500488,0.000000
82.550003,65.162209,-1294.039795,-0.000315,0.002744,0.069691,289.855988,14.765968,0.696905,-1294.039795,294.500488,0.000000
82.560005,65.149162,-1293.995361,-0.000302,0.002745,0.069716,289.797943,14.763011,0.697163,-1293.995361,294.500488,0.000000
82.570007,65.168907,-1294.084351,-0.000310,0.002745,0.069716,289.885773,14.767486,0.697163,-1294.084351,294.500488,0.000000
82.580002,65.192360,-1293.950806,-0.000302,0.002745,0.069716,289.990112,14.772799,0.697163,-1293.950806,294.500488,0.000000
82.590004,65.210609,-1293.995361,-0.000306,0.002745,0.069716,290.071289,14.776936,0.697163,-1293.995361,294.500488,0.000000
82.600006,65.229225,-1293.950806,-0.000315,0.002745,0.069716,290.154083,14.781154,0.697163,-1293.950806,294.500488,0.000000
82.610001,65.237801,-1293.995361,-0.000302,0.002745,0.069716,290.192230,14.783097,0.697163,-1293.995361,294.500488,0.000000
82.620003,65.246727,-1294.039795,-0.000315,0.002745,0.069716,290.231934,14.785120,0.697163,-1294.039795,294.500488,0.000000
82.630005,65.238533,-1293.995361,-0.000306,0.002745,0.069716,290.195496,14.783262,0.697163,-1293.995361,294.500488,0.000000
82.640007,65.257164,-1293.995361,-0.000302,0.002745,0.069716,290.278351,14.787484,0.697163,-1293.995361,294.500488,0.000000
82.650002,65.254173,-1293.950806,-0.000302,0.002745,0.069716,290.265045,14.786807,0.697163,-1293.950806,294.500488,0.000000
82.660004,65.253807,-1293.906372,-0.000310,0.002745,0.069716,290.263428,14.786724,0.697163,-1293.906372,294.500488,0.000000
82.670006,65.259758,-1293.995361,-0.000306,0.002745,0.069716,290.289886,14.788073,0.697163,-1293.995361,294.500488,0.000000
82.680000,65.266472,-1293.995361,-0.000306,0.002745,0.069716,290.319763,14.789594,0.697163,-1293.995361,294.500488,0.000000
82.690002,65.269066,-1293.995361,-0.000302,0.002745,0.069716,290.331299,14.790182,0.697163,-1293.995361,294.500488,0.000000
82.700005,65.269066,-1293.906372,-0.000302,0.002745,0.069716,290.331299,14.790182,0.697163,-1293.906372,294.500488,0.000000
82.710007,65.265343,-1293.950806,-0.000302,0.002745,0.069716,290.314758,14.789338,0.697163,-1293.950806,294.500488,0.000000
82.720001,65.271675,-1293.995361,-0.000310,0.002745,0.069716,290.342926,14.790773,0.697163,-1293.995361,294.500488,0.000000
82.730003,65.277641,-1293.950806,-0.000315,0.002745,0.069716,290.369446,14.792125,0.697163,-1293.950806,294.500488,0.000000
82.740005,65.285454,-1293.995361,-0.000310,0.002745,0.069716,290.404205,14.793895,0.697163,-1293.995361,294.500488,0.000000
82.750008,65.275780,-1293.950806,-0.000319,0.002745,0.069716,290.361176,14.791703,0.697163,-1293.950806,294.500488,0.000000
82.760002,65.267586,-1293.995361,-0.000306,0.002745,0.069716,290.324707,14.789846,0.697163,-1293.995361,294.500488,0.000000
82.770004,65.281731,-1293.950806,-0.000306,0.002745,0.069716,290.387634,14.793052,0.697163,-1293.950806,294.500488,0.000000
82.780006,65.283592,-1293.950806,-0.000315,0.002745,0.069716,290.395935,14.793474,0.697163,-1293.950806,294.500488,0.000000
82.790001,65.280251,-1293.995361,-0.000297,0.002745,0.069716,290.381042,14.792717,0.697163,-1293.995361,294.500488,0.000000
82.800003,65.278389,-1293.906372,-0.000310,0.002745,0.069716,290.372772,14.792295,0.697163,-1293.906372,294.500488,0.000000
82.810005,65.288063,-1293.950806,-0.000302,0.002745,0.069716,290.415802,14.794487,0.697163,-1293.950806,294.500488,0.000000
82.820007,65.292534,-1293.995361,-0.000302,0.002745,0.069716,290.435699,14.795500,0.697163,-1293.995361,294.500488,0.000000
82.830002,65.286568,-1294.039795,-0.000310,0.002745,0.069716,290.409149,14.794147,0.697163,-1294.039795,294.500488,0.000000
82.840004,65.278389,-1294.084351,-0.000315,0.002745,0.069716,290.372772,14.792295,0.697163,-1294.084351,294.500488,0.000000
82.850006,65.282845,-1293.906372,-0.000302,0.002745,0.069716,290.392609,14.793304,0.697163,-1293.906372,294.500488,0.000000
82.860001,65.291039,-1294.039795,-0.000310,0.002745,0.069716,290.429047,14.795160,0.697163,-1294.039795,294.500488,0.000000
82.870003,65.288811,-1293.950806,-0.000319,0.002745,0.069716,290.419128,14.794656,0.697163,-1293.950806,294.500488,0.000000
82.880005,65.287315,-1293.950806,-0.000306,0.002745,0.069716,290.412476,14.794317,0.697163,-1293.950806,294.500488,0.000000
82.890007,65.275780,-1294.039795,-0.000328,0.002745,0.069716,290.361176,14.791703,0.697163,-1294.039795,294.500488,0.000000
82.900002,65.279869,-1293.950806,-0.000310,0.002745,0.069716,290.379364,14.792629,0.697163,-1293.950806,294.500488,0.000000
82.910004,65.278755,-1293.995361,-0.000306,0.002745,0.069716,290.374420,14.792377,0.697163,-1293.995361,294.500488,0.000000
82.920006,65.290672,-1294.039795,-0.000306,0.002745,0.069716,290.427429,14.795078,0.697163,-1294.039795,294.500488,0.000000
82.930000,65.281364,-1293.950806,-0.000302,0.002745,0.069716,290.386017,14.792969,0.697163,-1293.950806,294.500488,0.000000
82.940002,65.282845,-1293.995361,-0.000319,0.002745,0.069716,290.392609,14.793304,0.697163,-1293.995361,294.500488,0.000000
82.950005,65.291420,-1293.906372,-0.000319,0.002745,0.069716,290.430756,14.795248,0.697163,-1293.906372,294.500488,0.000000
82.960007,65.285454,-1294.039795,-0.000310,0.002745,0.069716,290.404205,14.793895,0.697163,-1294.039795,294.500488,0.000000
82.970001,65.299614,-1294.039795,-0.000323,0.002745,0.069716,290.467194,14.797104,0.697163,-1294.039795,294.500488,0.000000
82.980003,65.310036,-1293.906372,-0.000297,0.002745,0.069716,290.513550,14.799465,0.697163,-1293.906372,294.500488,0.000000
82.990005,65.312263,-1294.039795,-0.000310,0.002745,0.069716,290.523468,14.799971,0.697163,-1294.039795,294.500488,0.000000
83.000008,65.312645,-1293.950806,-0.000310,0.002745,0.069716,290.525146,14.800056,0.697163,-1293.950806,294.500488,0.000000
83.010002,65.311150,-1293.995361,-0.000297,0.002745,0.069716,290.518494,14.799718,0.697163,-1293.995361,294.500488,0.000000
83.020004,65.310036,-1293.995361,-0.000315,0.002745,0.069716,290.513550,14.799465,0.697163,-1293.995361,294.500488,0.000000
83.030006,65.305931,-1293.861938,-0.000297,0.002745,0.069716,290.495300,14.798535,0.697163,-1293.861938,294.500488,0.000000
83.040001,65.303703,-1293.950806,-0.000297,0.002745,0.069716,290.485382,14.798031,0.697163,-1293.950806,294.500488,0.000000
83.050003,65.306313,-1294.039795,-0.000310,0.002745,0.069716,290.496979,14.798622,0.697163,-1294.039795,294.500488,0.000000
83.060005,65.302589,-1293.995361,-0.000297,0.002745,0.069716,290.480438,14.797779,0.697163,-1293.995361,294.500488,0.000000
83.070007,65.305565,-1293.995361,-0.000306,0.002745,0.069716,290.493652,14.798452,0.697163,-1293.995361,294.500488,0.000000
83.080002,65.312263,-1293.906372,-0.000306,0.002745,0.069716,290.523468,14.799971,0.697163,-1293.906372,294.500488,0.000000
83.090004,65.304817,-1294.039795,-0.000297,0.002745,0.069716,290.490326,14.798283,0.697163,-1294.039795,294.500488,0.000000
83.100006,65.303337,-1293.950806,-0.000306,0.002745,0.069716,290.483765,14.797948,0.697163,-1293.950806,294.500488,0.000000
83.110001,65.308174,-1294.039795,-0.000310,0.002745,0.069716,290.505280,14.799045,0.697163,-1294.039795,294.500488,0.000000
83.120003,65.296257,-1293.995361,-0.000297,0.002745,0.069716,290.452271,14.796344,0.697163,-1293.995361,294.500488,0.000000
83.130005,65.310402,-1294.039795,-0.000302,0.002745,0.069716,290.515167,14.799548,0.697163,-1294.039795,294.500488,0.000000
83.140007,65.305199,-1293.950806,-0.000297,0.002745,0.069716,290.492035,14.798369,0.697163,-1293.950806,294.500488,0.000000
83.150002,65.302589,-1293.995361,-0.000297,0.002745,0.069716,290.480438,14.797779,0.697163,-1293.995361,294.500488,0.000000
83.160004,65.311150,-1293.906372,-0.000302,0.002745,0.069716,290.518494,14.799718,0.697163,-1293.906372,294.500488,0.000000
83.170006,65.305199,-1294.039795,-0.000306,0.002745,0.069716,290.492035,14.798369,0.697163,-1294.039795,294.500488,0.000000
83.180000,65.306313,-1293.995361,-0.000306,0.002745,0.069716,290.496979,14.798622,0.697163,-1293.995361,294.500488,0.000000
83.190002,65.299980,-1294.084351,-0.000310,0.002745,0.069716,290.468811,14.797187,0.697163,-1294.084351,294.500488,0.000000
83.200005,65.298866,-1293.950806,-0.000319,0.002745,0.069716,290.463867,14.796934,0.697163,-1293.950806,294.500488,0.000000
83.210007,65.301842,-1294.039795,-0.000306,0.002745,0.069716,290.477112,14.797609,0.697163,-1294.039795,294.500488,0.000000
83.220001,65.306679,-1293.950806,-0.000319,0.002745,0.069716,290.498627,14.798705,0.697163,-1293.950806,294.500488,0.000000
83.230003,65.305199,-1293.906372,-0.000302,0.002745,0.069716,290.492035,14.798369,0.697163,-1293.906372,294.500488,0.000000
83.240005,65.297752,-1294.039795,-0.000297,0.002745,0.069716,290.458923,14.796682,0.697163,-1294.039795,294.500488,0.000000
83.250008,65.295891,-1293.995361,-0.000319,0.002745,0.069716,290.450623,14.796261,0.697163,-1293.995361,294.500488,0.000000
83.260002,65.295891,-1293.950806,-0.000323,0.002745,0.069716,290.450623,14.796261,0.697163,-1293.950806,294.500488,0.000000
83.270004,65.308174,-1294.039795,-0.000297,0.002745,0.069716,290.505280,14.799045,0.697163,-1294.039795,294.500488,0.000000
83.280006,65.299614,-1293.995361,-0.000293,0.002745,0.069716,290.467194,14.797104,0.697163,-1293.995361,294.500488,0.000000
83.290001,65.297005,-1293.995361,-0.000306,0.002745,0.069716,290.455597,14.796514,0.697163,-1293.995361,294.500488,0.000000
83.300003,65.298485,-1293.950806,-0.000328,0.002745,0.069716,290.462158,14.796848,0.697163,-1293.950806,294.500488,0.000000
83.310005,65.296257,-1293.950806,-0.000302,0.002745,0.069725,290.452271,14.796344,0.697253,-1293.950806,294.500488,0.000000
83.320007,65.287697,-1293.950806,-0.000306,0.002745,0.069725,290.414185,14.794403,0.697253,-1293.950806,294.500488,0.000000
83.330002,65.283592,-1293.950806,-0.000310,0.002745,0.069725,290.395935,14.793474,0.697253,-1293.950806,294.500488,0.000000
83.340004,65.292534,-1294.039795,-0.000302,0.002745,0.069725,290.435699,14.795500,0.697253,-1294.039795,294.500488,0.000000
83.350006,65.292900,-1293.906372,-0.000315,0.002745,0.069725,290.437317,14.795583,0.697253,-1293.906372,294.500488,0.000000
83.360001,65.301094,-1294.039795,-0.000315,0.002745,0.069725,290.473785,14.797440,0.697253,-1294.039795,294.500488,0.000000
83.370003,65.286201,-1293.995361,-0.000302,0.002745,0.069725,290.407532,14.794065,0.697253,-1293.995361,294.500488,0.000000
83.380005,65.281364,-1293.906372,-0.000310,0.002745,0.069725,290.386017,14.792969,0.697253,-1293.906372,294.500488,0.000000
83.390007,65.280617,-1293.995361,-0.000306,0.002745,0.069725,290.382690,14.792799,0.697253,-1293.995361,294.500488,0.000000
83.400002,65.288811,-1293.950806,-0.000310,0.002745,0.069725,290.419128,14.794656,0.697253,-1293.950806,294.500488,0.000000
83.410004,65.291786,-1294.039795,-0.000297,0.002745,0.069725,290.432373,14.795330,0.697253,-1294.039795,294.500488,0.000000
83.420006,65.279503,-1294.039795,-0.000310,0.002745,0.069725,290.377716,14.792547,0.697253,-1294.039795,294.500488,0.000000
83.430000,65.287697,-1293.950806,-0.000315,0.002745,0.069725,290.414185,14.794403,0.697253,-1293.950806,294.500488,0.000000
83.440002,65.290672,-1293.995361,-0.000302,0.002745,0.069725,290.427429,14.795078,0.697253,-1293.995361,294.500488,0.000000
83.450005,65.286568,-1293.995361,-0.000306,0.002745,0.069725,290.409149,14.794147,0.697253,-1293.995361,294.500488,0.000000
83.460007,65.284340,-1293.995361,-0.000306,0.002745,0.069725,290.399261,14.793643,0.697253,-1293.995361,294.500488,0.000000
83.470001,65.282478,-1293.995361,-0.000302,0.002745,0.069725,290.390961,14.793221,0.697253,-1293.995361,294.500488,0.000000
83.480003,65.288811,-1294.039795,-0.000310,0.002745,0.069725,290.419128,14.794656,0.697253,-1294.039795,294.500488,0.000000
83.490005,65.277641,-1294.039795,-0.000302,0.002745,0.069725,290.369446,14.792125,0.697253,-1294.039795,294.500488,0.000000
83.500008,65.280983,-1293.950806,-0.000315,0.002745,0.069725,290.384308,14.792882,0.697253,-1293.950806,294.500488,0.000000
83.510002,65.289177,-1293.950806,-0.000310,0.002745,0.069725,290.420776,14.794740,0.697253,-1293.950806,294.500488,0.000000
83.520004,65.284706,-1294.039795,-0.000310,0.002745,0.069725,290.400879,14.793726,0.697253,-1294.039795,294.500488,0.000000
83.530006,65.276527,-1293.995361,-0.000302,0.002745,0.069725,290.364502,14.791872,0.697253,-1293.995361,294.500488,0.000000
83.540001,65.274666,-1294.039795,-0.000310,0.002745,0.069725,290.356201,14.791451,0.697253,-1294.039795,294.500488,0.000000
83.550003,65.273918,-1293.950806,-0.000306,0.002745,0.069725,290.352875,14.791282,0.697253,-1293.950806,294.500488,0.000000
83.560005,65.275032,-1293.995361,-0.000306,0.002745,0.069725,290.357849,14.791533,0.697253,-1293.995361,294.500488,0.000000
83.570007,65.286949,-1293.995361,-0.000319,0.002745,0.069725,290.410858,14.794234,0.697253,-1293.995361,294.500488,0.000000
83.580002,65.282845,-1293.950806,-0.000293,0.002745,0.069725,290.392609,14.793304,0.697253,-1293.950806,294.500488,0.000000
83.590004,65.280251,-1294.039795,-0.000310,0.002745,0.069725,290.381042,14.792717,0.697253,-1294.039795,294.500488,0.000000
83.600006,65.276894,-1294.039795,-0.000297,0.002745,0.069725,290.366119,14.791956,0.697253,-1294.039795,294.500488,0.000000
83.610001,65.270195,-1294.039795,-0.000310,0.002745,0.069725,290.336334,14.790438,0.697253,-1294.039795,294.500488,0.000000
83.620003,65.270195,-1293.995361,-0.000306,0.002745,0.069725,290.336334,14.790438,0.697253,-1293.995361,294.500488,0.000000
83.630005,65.277641,-1293.950806,-0.000315,0.002745,0.069725,290.369446,14.792125,0.697253,-1293.950806,294.500488,0.000000
83.640007,65.266472,-1293.995361,-0.000306,0.002745,0.069725,290.319763,14.789594,0.697253,-1293.995361,294.500488,0.000000
83.650002,65.278755,-1293.995361,-0.000310,0.002745,0.069725,290.374420,14.792377,0.697253,-1293.995361,294.500488,0.000000
83.660004,65.272057,-1294.084351,-0.000297,0.002745,0.069725,290.344604,14.790859,0.697253,-1294.084351,294.500488,0.000000
83.670006,65.270927,-1293.995361,-0.000315,0.002745,0.069725,290.339600,14.790604,0.697253,-1293.995361,294.500488,0.000000
83.680000,65.273170,-1293.950806,-0.000297,0.002745,0.069725,290.349548,14.791112,0.697253,-1293.950806,294.500488,0.000000
83.690002,65.260139,-1293.995361,-0.000302,0.002745,0.069725,290.291595,14.788159,0.697253,-1293.995361,294.500488,0.000000
83.700005,65.268333,-1293.995361,-0.000315,0.002745,0.069725,290.328033,14.790016,0.697253,-1293.995361,294.500488,0.000000
83.710007,65.270195,-1294.039795,-0.000302,0.002745,0.069725,290.336334,14.790438,0.697253,-1294.039795,294.500488,0.000000
83.720001,65.260887,-1293.995361,-0.000306,0.002745,0.069725,290.294922,14.788328,0.697253,-1293.995361,294.500488,0.000000
83.730003,65.263863,-1293.906372,-0.000289,0.002745,0.069725,290.308167,14.789002,0.697253,-1293.906372,294.500488,0.000000
83.740005,65.259758,-1294.039795,-0.000310,0.002745,0.069725,290.289886,14.788073,0.697253,-1294.039795,294.500488,0.000000
83.750008,65.260139,-1293.995361,-0.000306,0.002745,0.069725,290.291595,14.788159,0.697253,-1293.995361,294.500488,0.000000
83.760002,65.259758,-1294.039795,-0.000297,0.002745,0.069725,290.289886,14.788073,0.697253,-1294.039795,294.500488,0.000000
83.770004,65.256783,-1293.995361,-0.000297,0.002745,0.069725,290.276672,14.787398,0.697253,-1293.995361,294.500488,0.000000
83.780006,65.261620,-1293.950806,-0.000323,0.002745,0.069725,290.298187,14.788494,0.697253,-1293.950806,294.500488,0.000000
83.790001,65.262749,-1294.039795,-0.000302,0.002745,0.069725,290.303192,14.788750,0.697253,-1294.039795,294.500488,0.000000
83.800003,65.264977,-1293.950806,-0.000306,0.002745,0.069725,290.313110,14.789255,0.697253,-1293.950806,294.500488,0.000000
83.810005,65.253059,-1293.950806,-0.000289,0.002745,0.069725,290.260101,14.786554,0.697253,-1293.950806,294.500488,0.000000
83.820007,65.254921,-1293.995361,-0.000310,0.002745,0.069725,290.268372,14.786977,0.697253,-1293.995361,294.500488,0.000000
83.830002,65.256783,-1293.995361,-0.000323,0.002745,0.069725,290.276672,14.787398,0.697253,-1293.995361,294.500488,0.000000
83.840004,65.252693,-1293.995361,-0.000315,0.002745,0.069725,290.258484,14.786471,0.697253,-1293.995361,294.500488,0.000000
83.850006,65.261620,-1293.950806,-0.000328,0.002745,0.069725,290.298187,14.788494,0.697253,-1293.950806,294.500488,0.000000
83.860001,65.266838,-1294.039795,-0.000302,0.002745,0.069725,290.321381,14.789678,0.697253,-1294.039795,294.500488,0.000000
83.870003,65.254921,-1293.995361,-0.000315,0.002745,0.069725,290.268372,14.786977,0.697253,-1293.995361,294.500488,0.000000
83.880005,65.251564,-1293.950806,-0.000315,0.002745,0.069725,290.253448,14.786216,0.697253,-1293.950806,294.500488,0.000000
83.890007,65.248589,-1293.995361,-0.000302,0.002745,0.069725,290.240204,14.785542,0.697253,-1293.995361,294.500488,0.000000
83.900002,65.252693,-1293.950806,-0.000302,0.002745,0.069725,290.258484,14.786471,0.697253,-1293.950806,294.500488,0.000000
83.910004,65.258278,-1294.039795,-0.000302,0.002745,0.069725,290.283325,14.787737,0.697253,-1294.039795,294.500488,0.000000
83.920006,65.255302,-1294.039795,-0.000302,0.002745,0.069725,290.270081,14.787063,0.697253,-1294.039795,294.500488,0.000000
83.930000,65.252312,-1293.950806,-0.000302,0.002745,0.069725,290.256775,14.786386,0.697253,-1293.950806,294.500488,0.000000
83.940002,65.247475,-1294.039795,-0.000315,0.002745,0.069725,290.235260,14.785289,0.697253,-1294.039795,294.500488,0.000000
83.950005,65.243385,-1293.950806,-0.000302,0.002745,0.069725,290.217072,14.784363,0.697253,-1293.950806,294.500488,0.000000
83.960007,65.238533,-1293.906372,-0.000310,0.002745,0.069725,290.195496,14.783262,0.697253,-1293.906372,294.500488,0.000000
83.970001,65.246727,-1294.039795,-0.000319,0.002745,0.069725,290.231934,14.785120,0.697253,-1294.039795,294.500488,0.000000
83.980003,65.245613,-1293.906372,-0.000297,0.002745,0.069725,290.226990,14.784867,0.697253,-1293.906372,294.500488,0.000000
83.990005,65.231468,-1293.995361,-0.000306,0.002745,0.069725,290.164062,14.781662,0.697253,-1293.995361,294.500488,0.000000
84.000008,65.231087,-1293.950806,-0.000310,0.002745,0.069725,290.162354,14.781575,0.697253,-1293.950806,294.500488,0.000000
84.010002,65.243752,-1294.039795,-0.000302,0.002745,0.069725,290.218689,14.784445,0.697253,-1294.039795,294.500488,0.000000
84.020004,65.237801,-1294.039795,-0.000293,0.002745,0.069725,290.192230,14.783097,0.697253,-1294.039795,294.500488,0.000000
84.030006,65.243385,-1293.995361,-0.000310,0.002745,0.069725,290.217072,14.784363,0.697253,-1293.995361,294.500488,0.000000
84.040001,65.236305,-1294.039795,-0.000297,0.002745,0.069725,290.185577,14.782759,0.697253,-1294.039795,294.500488,0.000000
84.050003,65.240776,-1293.906372,-0.000315,0.002745,0.069725,290.205475,14.783772,0.697253,-1293.906372,294.500488,0.000000
84.060005,65.241524,-1294.039795,-0.000297,0.002745,0.069725,290.208801,14.783940,0.697253,-1294.039795,294.500488,0.000000
84.070007,65.233330,-1293.995361,-0.000297,0.002745,0.069725,290.172333,14.782084,0.697253,-1293.995361,294.500488,0.000000
84.080002,65.231834,-1293.995361,-0.000302,0.002745,0.069725,290.165680,14.781745,0.697253,-1293.995361,294.500488,0.000000
84.090004,65.226997,-1294.039795,-0.000315,0.002745,0.069725,290.144165,14.780648,0.697253,-1294.039795,294.500488,0.000000
84.100006,65.232948,-1293.995361,-0.000315,0.002745,0.069725,290.170654,14.781998,0.697253,-1293.995361,294.500488,0.000000
84.110001,65.229973,-1294.084351,-0.000306,0.002745,0.069725,290.157410,14.781323,0.697253,-1294.084351,294.500488,0.000000
84.120003,65.235558,-1293.950806,-0.000306,0.002745,0.069725,290.182251,14.782589,0.697253,-1293.950806,294.500488,0.000000
84.130005,65.228859,-1293.906372,-0.000302,0.002745,0.069725,290.152466,14.781071,0.697253,-1293.906372,294.500488,0.000000
84.140007,65.230339,-1293.995361,-0.000302,0.002745,0.069725,290.159027,14.781406,0.697253,-1293.995361,294.500488,0.000000
84.150002,65.225502,-1293.950806,-0.000315,0.002745,0.069725,290.137512,14.780310,0.697253,-1293.950806,294.500488,0.000000
84.160004,65.224754,-1294.084351,-0.000302,0.002745,0.069725,290.134186,14.780140,0.697253,-1294.084351,294.500488,0.000000
84.170006,65.226250,-1293.995361,-0.000302,0.002745,0.069725,290.140839,14.780479,0.697253,-1293.995361,294.500488,0.000000
84.180000,65.231087,-1293.950806,-0.000302,0.002745,0.069725,290.162354,14.781575,0.697253,-1293.950806,294.500488,0.000000
84.190002,65.224388,-1293.995361,-0.000310,0.002745,0.069725,290.132568,14.780058,0.697253,-1293.995361,294.500488,0.000000
84.200005,65.223640,-1294.039795,-0.000315,0.002745,0.069725,290.129242,14.779888,0.697253,-1294.039795,294.500488,0.000000
84.210007,65.222527,-1293.995361,-0.000297,0.002745,0.069725,290.124298,14.779635,0.697253,-1293.995361,294.500488,0.000000
84.220001,65.210609,-1293.995361,-0.000306,0.002745,0.069725,290.071289,14.776936,0.697253,-1293.995361,294.500488,0.000000
84.230003,65.214714,-1293.950806,-0.000302,0.002745,0.069725,290.089539,14.777865,0.697253,-1293.950806,294.500488,0.000000
84.240005,65.217308,-1294.039795,-0.000297,0.002745,0.069725,290.101074,14.778454,0.697253,-1294.039795,294.500488,0.000000
84.250008,65.216194,-1293.995361,-0.000315,0.002745,0.069725,290.096130,14.778201,0.697253,-1293.995361,294.500488,0.000000
84.260002,65.217690,-1293.995361,-0.000310,0.002745,0.069725,290.102783,14.778540,0.697253,-1293.995361,294.500488,0.000000
84.270004,65.214714,-1294.039795,-0.000306,0.002745,0.069725,290.089539,14.777865,0.697253,-1294.039795,294.500488,0.000000
84.280006,65.184166,-1294.039795,-0.000293,0.002745,0.069725,289.953644,14.770943,0.697253,-1294.039795,294.500488,0.000000
84.290001,65.171135,-1294.039795,-0.000297,0.002745,0.069725,289.895691,14.767991,0.697253,-1294.039795,294.500488,0.000000
84.300003,65.169655,-1293.950806,-0.000319,0.002745,0.069733,289.889099,14.767654,0.697329,-1293.950806,294.500488,0.000000
84.310005,65.174492,-1293.950806,-0.000310,0.002745,0.069733,289.910614,14.768751,0.697329,-1293.950806,294.500488,0.000000
84.320007,65.180443,-1294.039795,-0.000297,0.002745,0.069733,289.937103,14.770100,0.697329,-1294.039795,294.500488,0.000000
84.330002,65.178215,-1294.039795,-0.000306,0.002745,0.069733,289.927185,14.769595,0.697329,-1294.039795,294.500488,0.000000
84.340004,65.160713,-1294.084351,-0.000306,0.002745,0.069733,289.849335,14.765629,0.697329,-1294.084351,294.500488,0.000000
84.350006,65.151405,-1293.950806,-0.000306,0.002745,0.069733,289.807922,14.763519,0.697329,-1293.950806,294.500488,0.000000
84.360001,65.168907,-1293.950806,-0.000310,0.002745,0.069733,289.885773,14.767486,0.697329,-1293.950806,294.500488,0.000000
84.370003,65.167046,-1293.995361,-0.000302,0.002745,0.069733,289.877502,14.767064,0.697329,-1293.995361,294.500488,0.000000
84.380005,65.161079,-1293.995361,-0.000310,0.002745,0.069733,289.850952,14.765712,0.697329,-1293.995361,294.500488,0.000000
84.390007,65.173744,-1293.995361,-0.000297,0.002745,0.069733,289.907288,14.768581,0.697329,-1293.995361,294.500488,0.000000
84.400002,65.179329,-1293.995361,-0.000310,0.002745,0.069733,289.932129,14.769847,0.697329,-1293.995361,294.500488,0.000000
84.410004,65.169273,-1293.995361,-0.000306,0.002745,0.069733,289.887421,14.767569,0.697329,-1293.995361,294.500488,0.000000
84.420006,65.162575,-1293.995361,-0.000297,0.002745,0.069733,289.857605,14.766050,0.697329,-1293.995361,294.500488,0.000000
84.430000,65.162941,-1293.950806,-0.000293,0.002745,0.069733,289.859253,14.766133,0.697329,-1293.950806,294.500488,0.000000
84.440002,65.165550,-1293.995361,-0.000293,0.002745,0.069733,289.870850,14.766726,0.697329,-1293.995361,294.500488,0.000000
84.450005,65.161827,-1293.906372,-0.000306,0.002745,0.069733,289.854279,14.765881,0.697329,-1293.906372,294.500488,0.000000
84.460007,65.164436,-1294.039795,-0.000306,0.002745,0.069733,289.865875,14.766473,0.697329,-1294.039795,294.500488,0.000000
84.470001,65.158852,-1293.950806,-0.000310,0.002745,0.069733,289.841034,14.765207,0.697329,-1293.950806,294.500488,0.000000
84.480003,65.149544,-1293.995361,-0.000306,0.002746,0.069742,289.799652,14.763098,0.697420,-1293.995361,294.500488,0.000000
84.490005,65.146187,-1294.039795,-0.000306,0.002746,0.069742,289.784698,14.762337,0.697420,-1294.039795,294.500488,0.000000
84.500008,65.154015,-1293.950806,-0.000315,0.002746,0.069742,289.819519,14.764111,0.697420,-1293.950806,294.500488,0.000000
84.510002,65.162575,-1294.084351,-0.000315,0.002746,0.069742,289.857605,14.766050,0.697420,-1294.084351,294.500488,0.000000
84.520004,65.155876,-1293.995361,-0.000310,0.002746,0.069742,289.827820,14.764533,0.697420,-1293.995361,294.500488,0.000000
84.530006,65.159218,-1293.950806,-0.000297,0.002746,0.069742,289.842682,14.765290,0.697420,-1293.950806,294.500488,0.000000
84.540001,65.155128,-1294.084351,-0.000310,0.002746,0.069742,289.824493,14.764363,0.697420,-1294.084351,294.500488,0.000000
84.550003,65.155128,-1293.906372,-0.000310,0.002746,0.069742,289.824493,14.764363,0.697420,-1293.906372,294.500488,0.000000
84.560005,65.164803,-1293.995361,-0.000302,0.002746,0.069742,289.867523,14.766556,0.697420,-1293.995361,294.500488,0.000000
84.570007,65.159966,-1293.995361,-0.000306,0.002746,0.069742,289.846008,14.765460,0.697420,-1293.995361,294.500488,0.000000
84.580002,65.159218,-1293.950806,-0.000310,0.002746,0.069742,289.842682,14.765290,0.697420,-1293.950806,294.500488,0.000000
84.590004,65.159599,-1293.995361,-0.000302,0.002746,0.069742,289.844360,14.765376,0.697420,-1293.995361,294.500488,0.000000
84.600006,65.165932,-1293.950806,-0.000310,0.002746,0.069742,289.872528,14.766811,0.697420,-1293.950806,294.500488,0.000000
84.610001,65.171135,-1293.950806,-0.000302,0.002746,0.069742,289.895691,14.767991,0.697420,-1293.950806,294.500488,0.000000
84.620003,65.165184,-1293.995361,-0.000310,0.002746,0.069742,289.869202,14.766642,0.697420,-1293.995361,294.500488,0.000000
84.630005,65.158104,-1293.995361,-0.000293,0.002746,0.069742,289.837708,14.765038,0.697420,-1293.995361,294.500488,0.000000
84.640007,65.148048,-1293.950806,-0.000306,0.002746,0.069742,289.792999,14.762759,0.697420,-1293.950806,294.500488,0.000000
84.650002,65.147301,-1293.906372,-0.000310,0.002746,0.069742,289.789673,14.762589,0.697420,-1293.906372,294.500488,0.000000
84.660004,65.149910,-1293.995361,-0.000297,0.002746,0.069742,289.801270,14.763181,0.697420,-1293.995361,294.500488,0.000000
84.670006,65.160713,-1294.039795,-0.000315,0.002746,0.069742,289.849335,14.765629,0.697420,-1294.039795,294.500488,0.000000
84.680000,65.159599,-1293.950806,-0.000302,0.002746,0.069742,289.844360,14.765376,0.697420,-1293.950806,294.500488,0.000000
84.690002,65.158485,-1293.995361,-0.000306,0.002746,0.069742,289.839417,14.765123,0.697420,-1293.995361,294.500488,0.000000
84.700005,65.154381,-1293.995361,-0.000306,0.002746,0.069742,289.821167,14.764194,0.697420,-1293.995361,294.500488,0.000000
84.710007,65.162575,-1294.039795,-0.000306,0.002746,0.069742,289.857605,14.766050,0.697420,-1294.039795,294.500488,0.000000
84.720001,65.164436,-1294.084351,-0.000297,0.002746,0.069742,289.865875,14.766473,0.697420,-1294.084351,294.500488,0.000000
84.730003,65.154381,-1293.906372,-0.000302,0.002746,0.069742,289.821167,14.764194,0.697420,-1293.906372,294.500488,0.000000
84.740005,65.159218,-1294.039795,-0.000302,0.002746,0.069742,289.842682,14.765290,0.697420,-1294.039795,294.500488,0.000000
84.750008,65.155495,-1294.039795,-0.000306,0.002746,0.069742,289.826111,14.764446,0.697420,-1294.039795,294.500488,0.000000
84.760002,65.154747,-1293.995361,-0.000319,0.002746,0.069742,289.822784,14.764277,0.697420,-1293.995361,294.500488,0.000000
84.770004,65.149162,-1294.039795,-0.000293,0.002746,0.069742,289.797943,14.763011,0.697420,-1294.039795,294.500488,0.000000
84.780006,65.142464,-1293.995361,-0.000306,0.002746,0.069742,289.768158,14.761494,0.697420,-1293.995361,294.500488,0.000000
84.790001,65.143959,-1294.039795,-0.000310,0.002746,0.069742,289.774811,14.761832,0.697420,-1294.039795,294.500488,0.000000
84.800003,65.157356,-1293.950806,-0.000306,0.002746,0.069742,289.834381,14.764868,0.697420,-1293.950806,294.500488,0.000000
84.810005,65.154015,-1293.950806,-0.000297,0.002746,0.069742,289.819519,14.764111,0.697420,-1293.950806,294.500488,0.000000
84.820007,65.146187,-1294.084351,-0.000306,0.002746,0.069742,289.784698,14.762337,0.697420,-1294.084351,294.500488,0.000000
84.830002,65.145439,-1293.995361,-0.000302,0.002746,0.069742,289.781372,14.762168,0.697420,-1293.995361,294.500488,0.000000
84.840004,65.143959,-1294.039795,-0.000310,0.002746,0.069742,289.774811,14.761832,0.697420,-1294.039795,294.500488,0.000000
84.850006,65.149544,-1293.950806,-0.000310,0.002746,0.069742,289.799652,14.763098,0.697420,-1293.950806,294.500488,0.000000
84.860001,65.156242,-1293.906372,-0.000297,0.002746,0.069742,289.829437,14.764615,0.697420,-1293.906372,294.500488,0.000000
84.870003,65.139854,-1294.039795,-0.000302,0.002746,0.069742,289.756531,14.760902,0.697420,-1294.039795,294.500488,0.000000
84.880005,65.136131,-1293.995361,-0.000302,0.002746,0.069742,289.739990,14.760058,0.697420,-1293.995361,294.500488,0.000000
84.890007,65.135765,-1293.995361,-0.000297,0.002746,0.069742,289.738342,14.759975,0.697420,-1293.995361,294.500488,0.000000
84.900002,65.141716,-1293.950806,-0.000306,0.002746,0.069751,289.764832,14.761324,0.697511,-1293.950806,294.500488,0.000000
84.910004,65.139488,-1293.995361,-0.000310,0.002746,0.069760,289.754913,14.760818,0.697602,-1293.995361,294.500488,0.000000
84.920006,65.142845,-1294.039795,-0.000306,0.002747,0.069768,289.769836,14.761580,0.697677,-1294.039795,294.500488,0.000000
84.930000,65.144325,-1293.950806,-0.000302,0.002747,0.069777,289.776428,14.761915,0.697768,-1293.950806,294.500488,0.000000
84.940002,65.146568,-1294.084351,-0.000297,0.002747,0.069777,289.786407,14.762424,0.697768,-1294.084351,294.500488,0.000000
84.950005,65.151024,-1293.995361,-0.000297,0.002747,0.069777,289.806213,14.763433,0.697768,-1293.995361,294.500488,0.000000
84.960007,65.154015,-1294.039795,-0.000297,0.002747,0.069777,289.819519,14.764111,0.697768,-1294.039795,294.500488,0.000000
84.970001,65.157738,-1294.039795,-0.000310,0.002747,0.069777,289.836090,14.764955,0.697768,-1294.039795,294.500488,0.000000
84.980003,65.168526,-1293.950806,-0.000297,0.002747,0.069777,289.884094,14.767399,0.697768,-1293.950806,294.500488,0.000000
84.990005,65.176353,-1293.995361,-0.000306,0.002747,0.069777,289.918915,14.769173,0.697768,-1293.995361,294.500488,0.000000
85.000008,65.174110,-1293.995361,-0.000302,0.002747,0.069777,289.908936,14.768664,0.697768,-1293.995361,294.500488,0.000000
85.010002,65.165184,-1294.039795,-0.000306,0.002747,0.069777,289.869202,14.766642,0.697768,-1294.039795,294.500488,0.000000
85.020004,65.167412,-1293.950806,-0.000306,0.002747,0.069777,289.879120,14.767146,0.697768,-1293.950806,294.500488,0.000000
85.030006,65.174492,-1294.039795,-0.000310,0.002747,0.069777,289.910614,14.768751,0.697768,-1294.039795,294.500488,0.000000
85.040001,65.179329,-1294.084351,-0.000310,0.002747,0.069777,289.932129,14.769847,0.697768,-1294.084351,294.500488,0.000000
85.050003,65.179710,-1293.906372,-0.000302,0.002747,0.069777,289.933838,14.769934,0.697768,-1293.906372,294.500488,0.000000
85.060005,65.194603,-1293.950806,-0.000293,0.002747,0.069777,290.000092,14.773308,0.697768,-1293.950806,294.500488,0.000000
85.070007,65.189384,-1294.039795,-0.000297,0.002747,0.069777,289.976868,14.772126,0.697768,-1294.039795,294.500488,0.000000
85.080002,65.216576,-1293.995361,-0.000297,0.002747,0.069777,290.097809,14.778287,0.697768,-1293.995361,294.500488,0.000000
85.090004,65.216942,-1294.039795,-0.000306,0.002747,0.069777,290.099457,14.778370,0.697768,-1294.039795,294.500488,0.000000
85.100006,65.220299,-1293.950806,-0.000302,0.002747,0.069777,290.114380,14.779131,0.697768,-1293.950806,294.500488,0.000000
85.110001,65.233696,-1293.995361,-0.000319,0.002747,0.069777,290.173981,14.782166,0.697768,-1293.995361,294.500488,0.000000
85.120003,65.232582,-1293.995361,-0.000302,0.002747,0.069777,290.169006,14.781914,0.697768,-1293.995361,294.500488,0.000000
85.130005,65.231834,-1293.950806,-0.000293,0.002747,0.069777,290.165680,14.781745,0.697768,-1293.950806,294.500488,0.000000
85.140007,65.231834,-1294.084351,-0.000280,0.002747,0.069777,290.165680,14.781745,0.697768,-1294.084351,294.500488,0.000000
85.150002,65.237419,-1293.995361,-0.000306,0.002747,0.069777,290.190521,14.783010,0.697768,-1293.995361,294.500488,0.000000
85.160004,65.236305,-1293.995361,-0.000293,0.002747,0.069777,290.185577,14.782759,0.697768,-1293.995361,294.500488,0.000000
85.170006,65.236305,-1294.039795,-0.000306,0.002747,0.069777,290.185577,14.782759,0.697768,-1294.039795,294.500488,0.000000
85.180000,65.238533,-1293.995361,-0.000306,0.002747,0.069777,290.195496,14.783262,0.697768,-1293.995361,294.500488,0.000000
85.190002,65.233696,-1294.039795,-0.000306,0.002747,0.069777,290.173981,14.782166,0.697768,-1294.039795,294.500488,0.000000
85.200005,65.235939,-1293.995361,-0.000302,0.002747,0.069777,290.183960,14.782675,0.697768,-1293.995361,294.500488,0.000000
85.210007,65.236671,-1294.039795,-0.000306,0.002747,0.069777,290.187195,14.782842,0.697768,-1294.039795,294.500488,0.000000
85.220001,65.229607,-1293.950806,-0.000306,0.002747,0.069777,290.155792,14.781240,0.697768,-1293.950806,294.500488,0.000000
85.230003,65.237419,-1294.039795,-0.000310,0.002747,0.069777,290.190521,14.783010,0.697768,-1294.039795,294.500488,0.000000
85.240005,65.232948,-1294.039795,-0.000310,0.002747,0.069777,290.170654,14.781998,0.697768,-1294.039795,294.500488,0.000000
85.250008,65.244118,-1294.039795,-0.000297,0.002747,0.069777,290.220337,14.784528,0.697768,-1294.039795,294.500488,0.000000
85.260002,65.235939,-1293.995361,-0.000302,0.002747,0.069777,290.183960,14.782675,0.697768,-1293.995361,294.500488,0.000000
85.270004,65.234810,-1294.039795,-0.000302,0.002747,0.069777,290.178925,14.782419,0.697768,-1294.039795,294.500488,0.000000
85.280006,65.231087,-1293.950806,-0.000315,0.002747,0.069777,290.162354,14.781575,0.697768,-1293.950806,294.500488,0.000000
85.290001,65.233696,-1294.084351,-0.000306,0.002747,0.069777,290.173981,14.782166,0.697768,-1294.084351,294.500488,0.000000
85.300003,65.228859,-1293.950806,-0.000302,0.002747,0.069777,290.152466,14.781071,0.697768,-1293.950806,294.500488,0.000000
85.310005,65.240028,-1294.039795,-0.000302,0.002747,0.069777,290.202148,14.783602,0.697768,-1294.039795,294.500488,0.000000
85.320007,65.229225,-1293.995361,-0.000310,0.002747,0.069777,290.154083,14.781154,0.697768,-1293.995361,294.500488,0.000000
85.330002,65.231834,-1294.039795,-0.000306,0.002747,0.069777,290.165680,14.781745,0.697768,-1294.039795,294.500488,0.000000
85.340004,65.231087,-1294.084351,-0.000310,0.002747,0.069777,290.162354,14.781575,0.697768,-1294.084351,294.500488,0.000000
85.350006,65.226997,-1293.950806,-0.000297,0.002747,0.069777,290.144165,14.780648,0.697768,-1293.950806,294.500488,0.000000
85.360001,65.244118,-1294.039795,-0.000293,0.002747,0.069777,290.220337,14.784528,0.697768,-1294.039795,294.500488,0.000000
85.370003,65.231834,-1293.995361,-0.000315,0.002747,0.069777,290.165680,14.781745,0.697768,-1293.995361,294.500488,0.000000
85.380005,65.235558,-1293.950806,-0.000297,0.002747,0.069777,290.182251,14.782589,0.697768,-1293.950806,294.500488,0.000000
85.390007,65.239662,-1293.995361,-0.000310,0.002747,0.069777,290.200500,14.783519,0.697768,-1293.995361,294.500488,0.000000
85.400002,65.225883,-1293.950806,-0.000293,0.002747,0.069777,290.139221,14.780396,0.697768,-1293.950806,294.500488,0.000000
85.410004,65.218056,-1293.995361,-0.000302,0.002747,0.069777,290.104401,14.778623,0.697768,-1293.995361,294.500488,0.000000
85.420006,65.228859,-1293.950806,-0.000306,0.002747,0.069777,290.152466,14.781071,0.697768,-1293.950806,294.500488,0.000000
85.430000,65.236671,-1293.995361,-0.000302,0.002747,0.069777,290.187195,14.782842,0.697768,-1293.995361,294.500488,0.000000
85.440002,65.240028,-1293.995361,-0.000302,0.002747,0.069777,290.202148,14.783602,0.697768,-1293.995361,294.500488,0.000000
85.450005,65.239662,-1293.906372,-0.000319,0.002747,0.069777,290.200500,14.783519,0.697768,-1293.906372,294.500488,0.000000
85.460007,65.238167,-1293.995361,-0.000302,0.002747,0.069777,290.193848,14.783179,0.697768,-1293.995361,294.500488,0.000000
85.470001,65.232582,-1294.084351,-0.000306,0.002747,0.069777,290.169006,14.781914,0.697768,-1294.084351,294.500488,0.000000
85.480003,65.220299,-1293.950806,-0.000306,0.002747,0.069777,290.114380,14.779131,0.697768,-1293.950806,294.500488,0.000000
85.490005,65.221031,-1294.039795,-0.000302,0.002747,0.069777,290.117645,14.779297,0.697768,-1294.039795,294.500488,0.000000
85.500008,65.227745,-1293.995361,-0.000306,0.002747,0.069777,290.147491,14.780818,0.697768,-1293.995361,294.500488,0.000000
85.510002,65.232582,-1293.995361,-0.000319,0.002747,0.069777,290.169006,14.781914,0.697768,-1293.995361,294.500488,0.000000
85.520004,65.238533,-1293.950806,-0.000315,0.002747,0.069777,290.195496,14.783262,0.697768,-1293.950806,294.500488,0.000000
85.530006,65.232201,-1293.995361,-0.000306,0.002747,0.069777,290.167328,14.781828,0.697768,-1293.995361,294.500488,0.000000
85.540001,65.218803,-1294.039795,-0.000306,0.002747,0.069777,290.107727,14.778792,0.697768,-1294.039795,294.500488,0.000000
85.550003,65.223274,-1294.039795,-0.000306,0.002747,0.069777,290.127625,14.779805,0.697768,-1294.039795,294.500488,0.000000
85.560005,65.227745,-1293.995361,-0.000306,0.002747,0.069777,290.147491,14.780818,0.697768,-1293.995361,294.500488,0.000000
85.570007,65.227745,-1294.039795,-0.000315,0.002747,0.069777,290.147491,14.780818,0.697768,-1294.039795,294.500488,0.000000
85.580002,65.227364,-1293.950806,-0.000302,0.002747,0.069777,290.145813,14.780732,0.697768,-1293.950806,294.500488,0.000000
85.590004,65.227364,-1294.039795,-0.000306,0.002747,0.069777,290.145813,14.780732,0.697768,-1294.039795,294.500488,0.000000
85.600006,65.232948,-1293.995361,-0.000302,0.002747,0.069777,290.170654,14.781998,0.697768,-1293.995361,294.500488,0.000000
85.610001,65.220665,-1293.995361,-0.000297,0.002747,0.069777,290.115997,14.779214,0.697768,-1293.995361,294.500488,0.000000
85.620003,65.218803,-1293.950806,-0.000306,0.002747,0.069777,290.107727,14.778792,0.697768,-1293.950806,294.500488,0.000000
85.630005,65.221779,-1293.995361,-0.000302,0.002747,0.069777,290.120972,14.779467,0.697768,-1293.995361,294.500488,0.000000
85.640007,65.222893,-1294.084351,-0.000306,0.002747,0.069777,290.125916,14.779719,0.697768,-1294.084351,294.500488,0.000000
85.650002,65.227745,-1293.950806,-0.000319,0.002747,0.069777,290.147491,14.780818,0.697768,-1293.950806,294.500488,0.000000
85.660004,65.225136,-1293.995361,-0.000293,0.002747,0.069777,290.135895,14.780228,0.697768,-1293.995361,294.500488,0.000000
85.670006,65.215446,-1294.039795,-0.000310,0.002747,0.069777,290.092804,14.778031,0.697768,-1294.039795,294.500488,0.000000
85.680000,65.213966,-1294.039795,-0.000293,0.002747,0.069777,290.086212,14.777697,0.697768,-1294.039795,294.500488,0.000000
85.690002,65.212837,-1294.084351,-0.000302,0.002747,0.069777,290.081177,14.777440,0.697768,-1294.084351,294.500488,0.000000
85.700005,65.217308,-1294.039795,-0.000310,0.002747,0.069777,290.101074,14.778454,0.697768,-1294.039795,294.500488,0.000000
85.710007,65.216942,-1294.039795,-0.000306,0.002747,0.069777,290.099457,14.778370,0.697768,-1294.039795,294.500488,0.000000
85.720001,65.216942,-1293.995361,-0.000319,0.002747,0.069777,290.099457,14.778370,0.697768,-1293.995361,294.500488,0.000000
85.730003,65.218437,-1294.039795,-0.000297,0.002747,0.069777,290.106110,14.778709,0.697768,-1294.039795,294.500488,0.000000
85.740005,65.216194,-1293.995361,-0.000293,0.002747,0.069777,290.096130,14.778201,0.697768,-1293.995361,294.500488,0.000000
85.750008,65.217690,-1293.950806,-0.000293,0.002747,0.069777,290.102783,14.778540,0.697768,-1293.950806,294.500488,0.000000
85.760002,65.213585,-1294.039795,-0.000297,0.002747,0.069777,290.084503,14.777609,0.697768,-1294.039795,294.500488,0.000000
85.770004,65.225883,-1293.950806,-0.000297,0.002747,0.069777,290.139221,14.780396,0.697768,-1293.950806,294.500488,0.000000
85.780006,65.221779,-1293.950806,-0.000306,0.002747,0.069777,290.120972,14.779467,0.697768,-1293.950806,294.500488,0.000000
85.790001,65.218437,-1293.995361,-0.000306,0.002747,0.069777,290.106110,14.778709,0.697768,-1293.995361,294.500488,0.000000
85.800003,65.209862,-1293.950806,-0.000302,0.002747,0.069777,290.067963,14.776766,0.697768,-1293.950806,294.500488,0.000000
85.810005,65.217308,-1293.995361,-0.000289,0.002747,0.069777,290.101074,14.778454,0.697768,-1293.995361,294.500488,0.000000
85.820007,65.211357,-1294.039795,-0.000310,0.002747,0.069777,290.074615,14.777104,0.697768,-1294.039795,294.500488,0.000000
85.830002,65.224022,-1293.950806,-0.000297,0.002747,0.069777,290.130951,14.779975,0.697768,-1293.950806,294.500488,0.000000
85.840004,65.219917,-1294.084351,-0.000310,0.002747,0.069777,290.112671,14.779044,0.697768,-1294.084351,294.500488,0.000000
85.850006,65.215446,-1293.950806,-0.000297,0.002747,0.069777,290.092804,14.778031,0.697768,-1293.950806,294.500488,0.000000
85.860001,65.202797,-1294.039795,-0.000293,0.002747,0.069777,290.036530,14.775166,0.697768,-1294.039795,294.500488,0.000000
85.870003,65.210243,-1294.039795,-0.000310,0.002747,0.069777,290.069641,14.776852,0.697768,-1294.039795,294.500488,0.000000
85.880005,65.207253,-1293.950806,-0.000302,0.002747,0.069777,290.056335,14.776175,0.697768,-1293.950806,294.500488,0.000000
85.890007,65.210976,-1294.039795,-0.000293,0.002747,0.069777,290.072906,14.777019,0.697768,-1294.039795,294.500488,0.000000
85.900002,65.213219,-1293.995361,-0.000306,0.002747,0.069777,290.082886,14.777527,0.697768,-1293.995361,294.500488,0.000000
85.910004,65.211357,-1294.039795,-0.000293,0.002747,0.069777,290.074615,14.777104,0.697768,-1294.039795,294.500488,0.000000
85.920006,65.197578,-1293.995361,-0.000315,0.002747,0.069777,290.013306,14.773982,0.697768,-1293.995361,294.500488,0.000000
85.930000,65.196083,-1293.950806,-0.000285,0.002747,0.069777,290.006653,14.773643,0.697768,-1293.950806,294.500488,0.000000
85.940002,65.191246,-1294.084351,-0.000297,0.002747,0.069777,289.985138,14.772547,0.697768,-1294.084351,294.500488,0.000000
85.950005,65.199074,-1293.995361,-0.000302,0.002747,0.069777,290.019958,14.774321,0.697768,-1293.995361,294.500488,0.000000
85.960007,65.213585,-1294.039795,-0.000297,0.002747,0.069777,290.084503,14.777609,0.697768,-1294.039795,294.500488,0.000000
85.970001,65.207634,-1294.039795,-0.000310,0.002747,0.069777,290.058044,14.776261,0.697768,-1294.039795,294.500488,0.000000
85.980003,65.204277,-1293.950806,-0.000293,0.002747,0.069777,290.043121,14.775500,0.697768,-1293.950806,294.500488,0.000000
85.990005,65.194969,-1294.039795,-0.000302,0.002747,0.069777,290.001709,14.773392,0.697768,-1294.039795,294.500488,0.000000
86.000008,65.199074,-1293.906372,-0.000310,0.002747,0.069777,290.019958,14.774321,0.697768,-1293.906372,294.500488,0.000000
86.010002,65.199074,-1294.039795,-0.000293,0.002747,0.069777,290.019958,14.774321,0.697768,-1294.039795,294.500488,0.000000
86.020004,65.201668,-1293.950806,-0.000302,0.002747,0.069777,290.031494,14.774909,0.697768,-1293.950806,294.500488,0.000000
86.030006,65.203911,-1293.995361,-0.000293,0.002747,0.069777,290.041473,14.775417,0.697768,-1293.995361,294.500488,0.000000
86.040001,65.203163,-1294.084351,-0.000306,0.002747,0.069777,290.038147,14.775248,0.697768,-1294.084351,294.500488,0.000000
86.050003,65.209862,-1293.995361,-0.000310,0.002747,0.069777,290.067963,14.776766,0.697768,-1293.995361,294.500488,0.000000
86.060005,65.199806,-1294.039795,-0.000293,0.002747,0.069777,290.023224,14.774487,0.697768,-1294.039795,294.500488,0.000000
86.070007,65.189384,-1293.995361,-0.000306,0.002747,0.069777,289.976868,14.772126,0.697768,-1293.995361,294.500488,0.000000
86.080002,65.189384,-1294.039795,-0.000297,0.002747,0.069777,289.976868,14.772126,0.697768,-1294.039795,294.500488,0.000000
86.090004,65.189384,-1294.039795,-0.000306,0.002747,0.069777,289.976868,14.772126,0.697768,-1294.039795,294.500488,0.000000
86.100006,65.189751,-1293.950806,-0.000297,0.002747,0.069777,289.978485,14.772208,0.697768,-1293.950806,294.500488,0.000000
86.110001,65.189751,-1294.084351,-0.000297,0.002747,0.069777,289.978485,14.772208,0.697768,-1294.084351,294.500488,0.000000
86.120003,65.198692,-1294.039795,-0.000319,0.002747,0.069777,290.018280,14.774235,0.697768,-1294.039795,294.500488,0.000000
86.130005,65.196465,-1293.995361,-0.000297,0.002747,0.069777,290.008362,14.773730,0.697768,-1293.995361,294.500488,0.000000
86.140007,65.190132,-1294.084351,-0.000297,0.002747,0.069777,289.980194,14.772295,0.697768,-1294.084351,294.500488,0.000000
86.150002,65.177849,-1293.950806,-0.000310,0.002747,0.069777,289.925537,14.769512,0.697768,-1293.950806,294.500488,0.000000
86.160004,65.177101,-1294.084351,-0.000289,0.002747,0.069777,289.922211,14.769342,0.697768,-1294.084351,294.500488,0.000000
86.170006,65.181938,-1293.995361,-0.000306,0.002747,0.069777,289.943756,14.770438,0.697768,-1293.995361,294.500488,0.000000
86.180000,65.194221,-1293.950806,-0.000293,0.002747,0.069777,289.998383,14.773222,0.697768,-1293.950806,294.500488,0.000000
86.190002,65.184166,-1294.084351,-0.000297,0.002747,0.069777,289.953644,14.770943,0.697768,-1294.084351,294.500488,0.000000
86.200005,65.187523,-1293.950806,-0.000306,0.002747,0.069777,289.968597,14.771704,0.697768,-1293.950806,294.500488,0.000000
86.210007,65.181190,-1293.995361,-0.000306,0.002747,0.069777,289.940430,14.770268,0.697768,-1293.995361,294.500488,0.000000
86.220001,65.172997,-1294.039795,-0.000315,0.002747,0.069777,289.903961,14.768412,0.697768,-1294.039795,294.500488,0.000000
86.230003,65.180077,-1294.039795,-0.000310,0.002747,0.069777,289.935455,14.770016,0.697768,-1294.039795,294.500488,0.000000
86.240005,65.181938,-1294.084351,-0.000315,0.002747,0.069777,289.943756,14.770438,0.697768,-1294.084351,294.500488,0.000000
86.250008,65.183434,-1293.950806,-0.000302,0.002747,0.069777,289.950378,14.770777,0.697768,-1293.950806,294.500488,0.000000
86.260002,65.184914,-1294.039795,-0.000302,0.002747,0.069777,289.956970,14.771112,0.697768,-1294.039795,294.500488,0.000000
86.270004,65.182304,-1293.995361,-0.000310,0.002747,0.069777,289.945374,14.770521,0.697768,-1293.995361,294.500488,0.000000
86.280006,65.174492,-1293.995361,-0.000285,0.002747,0.069777,289.910614,14.768751,0.697768,-1293.995361,294.500488,0.000000
86.290001,65.173744,-1294.039795,-0.000297,0.002747,0.069777,289.907288,14.768581,0.697768,-1294.039795,294.500488,0.000000
86.300003,65.174858,-1293.995361,-0.000293,0.002747,0.069777,289.912262,14.768834,0.697768,-1293.995361,294.500488,0.000000
86.310005,65.177849,-1294.039795,-0.000306,0.002747,0.069777,289.925537,14.769512,0.697768,-1294.039795,294.500488,0.000000
86.320007,65.172997,-1293.995361,-0.000319,0.002747,0.069777,289.903961,14.768412,0.697768,-1293.995361,294.500488,0.000000
86.330002,65.174492,-1293.950806,-0.000293,0.002747,0.069777,289.910614,14.768751,0.697768,-1293.950806,294.500488,0.000000
86.340004,65.175987,-1294.039795,-0.000297,0.002747,0.069786,289.917267,14.769090,0.697859,-1294.039795,294.500488,0.000000
86.350006,65.185295,-1294.039795,-0.000315,0.002747,0.069786,289.958679,14.771199,0.697859,-1294.039795,294.500488,0.000000
86.360001,65.183434,-1294.039795,-0.000297,0.002747,0.069786,289.950378,14.770777,0.697859,-1294.039795,294.500488,0.000000
86.370003,65.186028,-1294.039795,-0.000297,0.002747,0.069786,289.961945,14.771365,0.697859,-1294.039795,294.500488,0.000000
86.380005,65.181190,-1293.906372,-0.000293,0.002747,0.069786,289.940430,14.770268,0.697859,-1293.906372,294.500488,0.000000
86.390007,65.183052,-1294.039795,-0.000302,0.002747,0.069786,289.948700,14.770691,0.697859,-1294.039795,294.500488,0.000000
86.400002,65.167793,-1294.039795,-0.000315,0.002747,0.069786,289.880829,14.767234,0.697859,-1294.039795,294.500488,0.000000
86.410004,65.158485,-1293.995361,-0.000297,0.002747,0.069786,289.839417,14.765123,0.697859,-1293.995361,294.500488,0.000000
86.420006,65.172630,-1294.084351,-0.000306,0.002747,0.069786,289.902344,14.768330,0.697859,-1294.084351,294.500488,0.000000
86.430000,65.178215,-1293.950806,-0.000293,0.002747,0.069786,289.927185,14.769595,0.697859,-1293.950806,294.500488,0.000000
86.440002,65.178215,-1294.084351,-0.000315,0.002747,0.069786,289.927185,14.769595,0.697859,-1294.084351,294.500488,0.000000
86.450005,65.182686,-1293.950806,-0.000302,0.002747,0.069786,289.947083,14.770608,0.697859,-1293.950806,294.500488,0.000000
86.460007,65.171883,-1294.039795,-0.000310,0.002747,0.069786,289.899017,14.768160,0.697859,-1294.039795,294.500488,0.000000
86.470001,65.175606,-1293.995361,-0.000306,0.002747,0.069786,289.915588,14.769003,0.697859,-1293.995361,294.500488,0.000000
86.480003,65.176720,-1293.950806,-0.000285,0.002747,0.069786,289.920532,14.769256,0.697859,-1293.950806,294.500488,0.000000
86.490005,65.168526,-1294.039795,-0.000310,0.002747,0.069786,289.884094,14.767399,0.697859,-1294.039795,294.500488,0.000000
86.500008,65.173378,-1293.950806,-0.000310,0.002747,0.069786,289.905670,14.768499,0.697859,-1293.950806,294.500488,0.000000
86.510002,65.172630,-1294.039795,-0.000315,0.002747,0.069786,289.902344,14.768330,0.697859,-1294.039795,294.500488,0.000000
86.520004,65.164070,-1294.084351,-0.000306,0.002747,0.069786,289.864258,14.766389,0.697859,-1294.084351,294.500488,0.000000
86.530006,65.166298,-1293.995361,-0.000306,0.002747,0.069786,289.874176,14.766894,0.697859,-1293.995361,294.500488,0.000000
86.540001,65.168159,-1293.995361,-0.000297,0.002747,0.069786,289.882446,14.767316,0.697859,-1293.995361,294.500488,0.000000
86.550003,65.159599,-1293.995361,-0.000293,0.002747,0.069786,289.844360,14.765376,0.697859,-1293.995361,294.500488,0.000000
86.560005,65.159218,-1293.950806,-0.000306,0.002747,0.069786,289.842682,14.765290,0.697859,-1293.950806,294.500488,0.000000
86.570007,65.158104,-1294.039795,-0.000315,0.002747,0.069786,289.837708,14.765038,0.697859,-1294.039795,294.500488,0.000000
86.580002,65.144707,-1293.950806,-0.000306,0.002747,0.069786,289.778137,14.762002,0.697859,-1293.950806,294.500488,0.000000
86.590004,65.153267,-1294.084351,-0.000293,0.002747,0.069786,289.816193,14.763942,0.697859,-1294.084351,294.500488,0.000000
86.600006,65.155128,-1293.995361,-0.000289,0.002747,0.069786,289.824493,14.764363,0.697859,-1293.995361,294.500488,0.000000
86.610001,65.160713,-1294.084351,-0.000306,0.002747,0.069786,289.849335,14.765629,0.697859,-1294.084351,294.500488,0.000000
86.620003,65.149544,-1293.995361,-0.000310,0.002747,0.069786,289.799652,14.763098,0.697859,-1293.995361,294.500488,0.000000
86.630005,65.154381,-1293.950806,-0.000297,0.002747,0.069786,289.821167,14.764194,0.697859,-1293.950806,294.500488,0.000000
86.640007,65.149544,-1294.039795,-0.000319,0.002747,0.069786,289.799652,14.763098,0.697859,-1294.039795,294.500488,0.000000
86.650002,65.157738,-1293.950806,-0.000306,0.002747,0.069786,289.836090,14.764955,0.697859,-1293.950806,294.500488,0.000000
86.660004,65.154015,-1293.995361,-0.000297,0.002747,0.069786,289.819519,14.764111,0.697859,-1293.995361,294.500488,0.000000
86.670006,65.159966,-1293.995361,-0.000315,0.002747,0.069786,289.846008,14.765460,0.697859,-1293.995361,294.500488,0.000000
86.680000,65.157738,-1294.084351,-0.000310,0.002747,0.069786,289.836090,14.764955,0.697859,-1294.084351,294.500488,0.000000
86.690002,65.154015,-1294.084351,-0.000297,0.002747,0.069786,289.819519,14.764111,0.697859,-1294.084351,294.500488,0.000000
86.700005,65.152885,-1294.039795,-0.000297,0.002747,0.069786,289.814514,14.763855,0.697859,-1294.039795,294.500488,0.000000
86.710007,65.149162,-1294.039795,-0.000289,0.002747,0.069786,289.797943,14.763011,0.697859,-1294.039795,294.500488,0.000000
86.720001,65.153633,-1293.950806,-0.000315,0.002747,0.069786,289.817841,14.764025,0.697859,-1293.950806,294.500488,0.000000
86.730003,65.149910,-1293.995361,-0.000302,0.002747,0.069786,289.801270,14.763181,0.697859,-1293.995361,294.500488,0.000000
86.740005,65.146568,-1294.084351,-0.000319,0.002747,0.069786,289.786407,14.762424,0.697859,-1294.084351,294.500488,0.000000
86.750008,65.146568,-1293.950806,-0.000302,0.002747,0.069786,289.786407,14.762424,0.697859,-1293.950806,294.500488,0.000000
86.760002,65.142845,-1294.039795,-0.000297,0.002747,0.069786,289.769836,14.761580,0.697859,-1294.039795,294.500488,0.000000
86.770004,65.143578,-1294.039795,-0.000302,0.002747,0.069786,289.773102,14.761745,0.697859,-1294.039795,294.500488,0.000000
86.780006,65.148048,-1294.039795,-0.000293,0.002747,0.069786,289.792999,14.762759,0.697859,-1294.039795,294.500488,0.000000
86.790001,65.151772,-1294.084351,-0.000293,0.002747,0.069786,289.809540,14.763602,0.697859,-1294.084351,294.500488,0.000000
86.800003,65.145073,-1293.995361,-0.000306,0.002747,0.069786,289.779755,14.762084,0.697859,-1293.995361,294.500488,0.000000
86.810005,65.136513,-1293.950806,-0.000297,0.002747,0.069786,289.741669,14.760145,0.697859,-1293.950806,294.500488,0.000000
86.820007,65.136879,-1293.995361,-0.000297,0.002747,0.069786,289.743317,14.760228,0.697859,-1293.995361,294.500488,0.000000
86.830002,65.135384,-1293.995361,-0.000297,0.002747,0.069786,289.736664,14.759890,0.697859,-1293.995361,294.500488,0.000000
86.840004,65.143211,-1294.039795,-0.000302,0.002747,0.069786,289.771484,14.761663,0.697859,-1294.039795,294.500488,0.000000
86.850006,65.139122,-1293.995361,-0.000302,0.002747,0.069786,289.753296,14.760736,0.697859,-1293.995361,294.500488,0.000000
86.860001,65.128319,-1294.039795,-0.000306,0.002747,0.069786,289.705231,14.758287,0.697859,-1294.039795,294.500488,0.000000
86.870003,65.126823,-1294.039795,-0.000310,0.002747,0.069786,289.698578,14.757949,0.697859,-1294.039795,294.500488,0.000000
86.880005,65.126457,-1294.039795,-0.000297,0.002747,0.069786,289.696960,14.757866,0.697859,-1294.039795,294.500488,0.000000
86.890007,65.133156,-1293.995361,-0.000302,0.002747,0.069786,289.726746,14.759384,0.697859,-1293.995361,294.500488,0.000000
86.900002,65.127205,-1293.950806,-0.000315,0.002747,0.069786,289.700287,14.758035,0.697859,-1293.950806,294.500488,0.000000
86.910004,65.133156,-1294.039795,-0.000302,0.002747,0.069786,289.726746,14.759384,0.697859,-1294.039795,294.500488,0.000000
86.920006,65.137627,-1293.995361,-0.000319,0.002747,0.069786,289.746643,14.760398,0.697859,-1293.995361,294.500488,0.000000
86.930008,65.133904,-1293.995361,-0.000310,0.002747,0.069786,289.730072,14.759553,0.697859,-1293.995361,294.500488,0.000000
86.940002,65.129433,-1294.039795,-0.000306,0.002747,0.069786,289.710175,14.758540,0.697859,-1294.039795,294.500488,0.000000
86.950005,65.135384,-1293.995361,-0.000306,0.002747,0.069786,289.736664,14.759890,0.697859,-1293.995361,294.500488,0.000000
86.960007,65.124962,-1294.039795,-0.000297,0.002747,0.069786,289.690308,14.757527,0.697859,-1294.039795,294.500488,0.000000
86.970001,65.123848,-1294.084351,-0.000289,0.002747,0.069786,289.685333,14.757275,0.697859,-1294.084351,294.500488,0.000000
86.980003,65.130928,-1293.950806,-0.000297,0.002747,0.069786,289.716827,14.758880,0.697859,-1293.950806,294.500488,0.000000
86.990005,65.102989,-1294.039795,-0.000302,0.002747,0.069786,289.592560,14.752548,0.697859,-1294.039795,294.500488,0.000000
87.000008,65.110435,-1293.995361,-0.000306,0.002747,0.069786,289.625671,14.754235,0.697859,-1293.995361,294.500488,0.000000
87.010002,65.119377,-1294.039795,-0.000302,0.002747,0.069786,289.665466,14.756262,0.697859,-1294.039795,294.500488,0.000000
87.020004,65.119011,-1294.084351,-0.000310,0.002747,0.069786,289.663818,14.756179,0.697859,-1294.084351,294.500488,0.000000
87.030006,65.113426,-1293.950806,-0.000302,0.002747,0.069786,289.638977,14.754913,0.697859,-1293.950806,294.500488,0.000000
87.040001,65.114159,-1294.084351,-0.000297,0.002747,0.069786,289.642242,14.755079,0.697859,-1294.084351,294.500488,0.000000
87.050003,65.109322,-1293.995361,-0.000297,0.002747,0.069786,289.620728,14.753983,0.697859,-1293.995361,294.500488,0.000000
87.060005,65.113792,-1294.039795,-0.000302,0.002747,0.069786,289.640625,14.754995,0.697859,-1294.039795,294.500488,0.000000
87.070007,65.107841,-1294.039795,-0.000297,0.002747,0.069786,289.614136,14.753648,0.697859,-1294.039795,294.500488,0.000000
87.080002,65.108955,-1294.039795,-0.000310,0.002747,0.069786,289.619110,14.753900,0.697859,-1294.039795,294.500488,0.000000
87.090004,65.086617,-1294.039795,-0.000306,0.002748,0.069812,289.519745,14.748837,0.698116,-1294.039795,294.500488,0.000000
87.100006,65.085121,-1293.995361,-0.000306,0.002749,0.069828,289.513092,14.748499,0.698283,-1293.995361,294.500488,0.000000
87.110001,65.109703,-1293.995361,-0.000302,0.002749,0.069828,289.622437,14.754069,0.698283,-1293.995361,294.500488,0.000000
87.120003,65.111565,-1293.995361,-0.000302,0.002749,0.069828,289.630707,14.754492,0.698283,-1293.995361,294.500488,0.000000
87.130005,65.115288,-1293.950806,-0.000297,0.002749,0.069828,289.647278,14.755335,0.698283,-1293.950806,294.500488,0.000000
87.140007,65.121239,-1294.039795,-0.000302,0.002749,0.069828,289.673737,14.756683,0.698283,-1294.039795,294.500488,0.000000
87.150002,65.136131,-1293.995361,-0.000297,0.002749,0.069828,289.739990,14.760058,0.698283,-1293.995361,294.500488,0.000000
87.160004,65.148048,-1293.995361,-0.000302,0.002749,0.069828,289.792999,14.762759,0.698283,-1293.995361,294.500488,0.000000
87.170006,65.134651,-1293.995361,-0.000297,0.002749,0.069828,289.733398,14.759723,0.698283,-1293.995361,294.500488,0.000000
87.180008,65.137627,-1293.950806,-0.000289,0.002749,0.069828,289.746643,14.760398,0.698283,-1293.950806,294.500488,0.000000
87.190002,65.136879,-1294.084351,-0.000323,0.002749,0.069828,289.743317,14.760228,0.698283,-1294.084351,294.500488,0.000000
87.200005,65.148048,-1293.995361,-0.000306,0.002749,0.069828,289.792999,14.762759,0.698283,-1293.995361,294.500488,0.000000
87.210007,65.153267,-1293.995361,-0.000293,0.002749,0.069828,289.816193,14.763942,0.698283,-1293.995361,294.500488,0.000000
87.220001,65.152519,-1293.995361,-0.000302,0.002749,0.069828,289.812866,14.763772,0.698283,-1293.995361,294.500488,0.000000
87.230003,65.161827,-1293.995361,-0.000306,0.002749,0.069828,289.854279,14.765881,0.698283,-1293.995361,294.500488,0.000000
87.240005,65.155876,-1294.084351,-0.000310,0.002749,0.069828,289.827820,14.764533,0.698283,-1294.084351,294.500488,0.000000
87.250008,65.165550,-1294.039795,-0.000306,0.002749,0.069828,289.870850,14.766726,0.698283,-1294.039795,294.500488,0.000000
87.260002,65.163322,-1293.995361,-0.000302,0.002749,0.069828,289.860931,14.766220,0.698283,-1293.995361,294.500488,0.000000
87.270004,65.159966,-1294.084351,-0.000293,0.002749,0.069828,289.846008,14.765460,0.698283,-1294.084351,294.500488,0.000000
87.280006,65.164803,-1293.995361,-0.000289,0.002749,0.069828,289.867523,14.766556,0.698283,-1293.995361,294.500488,0.000000
87.290001,65.173744,-1293.995361,-0.000297,0.002749,0.069828,289.907288,14.768581,0.698283,-1293.995361,294.500488,0.000000
87.300003,65.174858,-1294.039795,-0.000297,0.002749,0.069828,289.912262,14.768834,0.698283,-1294.039795,294.500488,0.000000
87.310005,65.168907,-1293.995361,-0.000302,0.002749,0.069828,289.885773,14.767486,0.698283,-1293.995361,294.500488,0.000000
87.320007,65.175606,-1294.039795,-0.000306,0.002749,0.069828,289.915588,14.769003,0.698283,-1294.039795,294.500488,0.000000
87.330002,65.174492,-1293.950806,-0.000302,0.002749,0.069828,289.910614,14.768751,0.698283,-1293.950806,294.500488,0.000000
87.340004,65.172249,-1294.039795,-0.000306,0.002749,0.069828,289.900635,14.768242,0.698283,-1294.039795,294.500488,0.000000
87.350006,65.181938,-1293.995361,-0.000293,0.002749,0.069828,289.943756,14.770438,0.698283,-1293.995361,294.500488,0.000000
87.360001,65.175606,-1294.039795,-0.000289,0.002749,0.069828,289.915588,14.769003,0.698283,-1294.039795,294.500488,0.000000
87.370003,65.172630,-1294.084351,-0.000306,0.002749,0.069828,289.902344,14.768330,0.698283,-1294.084351,294.500488,0.000000
87.380005,65.175987,-1293.950806,-0.000306,0.002749,0.069828,289.917267,14.769090,0.698283,-1293.950806,294.500488,0.000000
87.390007,65.168159,-1294.084351,-0.000302,0.002749,0.069828,289.882446,14.767316,0.698283,-1294.084351,294.500488,0.000000
87.400002,65.168526,-1294.039795,-0.000302,0.002749,0.069828,289.884094,14.767399,0.698283,-1294.039795,294.500488,0.000000
87.410004,65.175606,-1294.039795,-0.000293,0.002749,0.069828,289.915588,14.769003,0.698283,-1294.039795,294.500488,0.000000
87.420006,65.170387,-1294.039795,-0.000297,0.002749,0.069828,289.892365,14.767821,0.698283,-1294.039795,294.500488,0.000000
87.430008,65.166664,-1293.995361,-0.000297,0.002749,0.069828,289.875793,14.766976,0.698283,-1293.995361,294.500488,0.000000
87.440002,65.161461,-1294.084351,-0.000306,0.002749,0.069828,289.852661,14.765799,0.698283,-1294.084351,294.500488,0.000000
87.450005,65.171516,-1294.039795,-0.000306,0.002749,0.069828,289.897369,14.768077,0.698283,-1294.039795,294.500488,0.000000
87.460007,65.168526,-1294.084351,-0.000293,0.002749,0.069828,289.884094,14.767399,0.698283,-1294.084351,294.500488,0.000000
87.470001,65.168907,-1293.950806,-0.000302,0.002749,0.069828,289.885773,14.767486,0.698283,-1293.950806,294.500488,0.000000
87.480003,65.177467,-1293.995361,-0.000306,0.002749,0.069828,289.923859,14.769425,0.698283,-1293.995361,294.500488,0.000000
87.490005,65.180824,-1294.084351,-0.000315,0.002749,0.069828,289.938782,14.770185,0.698283,-1294.084351,294.500488,0.000000
87.500008,65.179329,-1293.950806,-0.000319,0.002749,0.069828,289.932129,14.769847,0.698283,-1293.950806,294.500488,0.000000
87.510002,65.172630,-1294.039795,-0.000306,0.002749,0.069828,289.902344,14.768330,0.698283,-1294.039795,294.500488,0.000000
87.520004,65.174110,-1294.039795,-0.000306,0.002749,0.069828,289.908936,14.768664,0.698283,-1294.039795,294.500488,0.000000
87.530006,65.168526,-1293.995361,-0.000297,0.002749,0.069828,289.884094,14.767399,0.698283,-1293.995361,294.500488,0.000000
87.540001,65.165550,-1294.039795,-0.000302,0.002749,0.069828,289.870850,14.766726,0.698283,-1294.039795,294.500488,0.000000
87.550003,65.174492,-1293.995361,-0.000297,0.002749,0.069828,289.910614,14.768751,0.698283,-1293.995361,294.500488,0.000000
87.560005,65.164803,-1294.084351,-0.000293,0.002749,0.069828,289.867523,14.766556,0.698283,-1294.084351,294.500488,0.000000
87.570007,65.161461,-1294.039795,-0.000297,0.002749,0.069828,289.852661,14.765799,0.698283,-1294.039795,294.500488,0.000000
87.580002,65.164436,-1293.950806,-0.000289,0.002749,0.069828,289.865875,14.766473,0.698283,-1293.950806,294.500488,0.000000
87.590004,65.168159,-1294.039795,-0.000289,0.002749,0.069828,289.882446,14.767316,0.698283,-1294.039795,294.500488,0.000000
87.600006,65.163322,-1293.995361,-0.000293,0.002749,0.069828,289.860931,14.766220,0.698283,-1293.995361,294.500488,0.000000
87.610001,65.171135,-1294.039795,-0.000297,0.002749,0.069828,289.895691,14.767991,0.698283,-1294.039795,294.500488,0.000000
87.620003,65.168907,-1293.950806,-0.000306,0.002749,0.069828,289.885773,14.767486,0.698283,-1293.950806,294.500488,0.000000
87.630005,65.169655,-1293.995361,-0.000289,0.002749,0.069828,289.889099,14.767654,0.698283,-1293.995361,294.500488,0.000000
87.640007,65.159218,-1294.039795,-0.000315,0.002749,0.069828,289.842682,14.765290,0.698283,-1294.039795,294.500488,0.000000
87.650002,65.167793,-1293.950806,-0.000297,0.002749,0.069828,289.880829,14.767234,0.698283,-1293.950806,294.500488,0.000000
87.660004,65.167046,-1294.039795,-0.000293,0.002749,0.069828,289.877502,14.767064,0.698283,-1294.039795,294.500488,0.000000
87.670006,65.175240,-1294.039795,-0.000306,0.002749,0.069828,289.913940,14.768920,0.698283,-1294.039795,294.500488,0.000000
87.680008,65.179329,-1293.995361,-0.000306,0.002749,0.069828,289.932129,14.769847,0.698283,-1293.995361,294.500488,0.000000
87.690002,65.176353,-1294.084351,-0.000306,0.002749,0.069828,289.918915,14.769173,0.698283,-1294.084351,294.500488,0.000000
87.700005,65.168159,-1293.995361,-0.000310,0.002749,0.069828,289.882446,14.767316,0.698283,-1293.995361,294.500488,0.000000
87.710007,65.155128,-1294.084351,-0.000310,0.002749,0.069828,289.824493,14.764363,0.698283,-1294.084351,294.500488,0.000000
87.720001,65.154015,-1293.995361,-0.000306,0.002749,0.069828,289.819519,14.764111,0.698283,-1293.995361,294.500488,0.000000
87.730003,65.165550,-1293.995361,-0.000302,0.002749,0.069828,289.870850,14.766726,0.698283,-1293.995361,294.500488,0.000000
87.740005,65.171883,-1294.084351,-0.000319,0.002749,0.069828,289.899017,14.768160,0.698283,-1294.084351,294.500488,0.000000
87.750008,65.168907,-1293.995361,-0.000297,0.002749,0.069828,289.885773,14.767486,0.698283,-1293.995361,294.500488,0.000000
87.760002,65.174858,-1294.039795,-0.000297,0.002749,0.069828,289.912262,14.768834,0.698283,-1294.039795,294.500488,0.000000
87.770004,65.165932,-1294.039795,-0.000315,0.002749,0.069828,289.872528,14.766811,0.698283,-1294.039795,294.500488,0.000000
87.780006,65.161827,-1294.084351,-0.000293,0.002749,0.069828,289.854279,14.765881,0.698283,-1294.084351,294.500488,0.000000
87.790001,65.154381,-1294.128784,-0.000302,0.002749,0.069828,289.821167,14.764194,0.698283,-1294.128784,294.500488,0.000000
87.800003,65.162941,-1293.995361,-0.000302,0.002749,0.069828,289.859253,14.766133,0.698283,-1293.995361,294.500488,0.000000
87.810005,65.173744,-1293.995361,-0.000306,0.002749,0.069828,289.907288,14.768581,0.698283,-1293.995361,294.500488,0.000000
87.820007,65.169273,-1294.039795,-0.000306,0.002749,0.069828,289.887421,14.767569,0.698283,-1294.039795,294.500488,0.000000
87.830002,65.174110,-1293.950806,-0.000293,0.002749,0.069828,289.908936,14.768664,0.698283,-1293.950806,294.500488,0.000000
87.840004,65.162209,-1294.084351,-0.000302,0.002749,0.069828,289.855988,14.765968,0.698283,-1294.084351,294.500488,0.000000
87.850006,65.158485,-1293.995361,-0.000297,0.002749,0.069828,289.839417,14.765123,0.698283,-1293.995361,294.500488,0.000000
87.860001,65.156990,-1294.039795,-0.000297,0.002749,0.069828,289.832764,14.764785,0.698283,-1294.039795,294.500488,0.000000
87.870003,65.152885,-1293.995361,-0.000297,0.002749,0.069828,289.814514,14.763855,0.698283,-1293.995361,294.500488,0.000000
87.880005,65.148430,-1293.950806,-0.000297,0.002749,0.069828,289.794678,14.762845,0.698283,-1293.950806,294.500488,0.000000
87.890007,65.155128,-1294.039795,-0.000297,0.002749,0.069828,289.824493,14.764363,0.698283,-1294.039795,294.500488,0.000000
87.900002,65.155128,-1293.950806,-0.000297,0.002749,0.069828,289.824493,14.764363,0.698283,-1293.950806,294.500488,0.000000
87.910004,65.146935,-1294.084351,-0.000289,0.002749,0.069828,289.788025,14.762506,0.698283,-1294.084351,294.500488,0.000000
87.920006,65.140984,-1294.039795,-0.000297,0.002749,0.069828,289.761566,14.761158,0.698283,-1294.039795,294.500488,0.000000
87.930008,65.149544,-1293.950806,-0.000302,0.002749,0.069828,289.799652,14.763098,0.698283,-1293.950806,294.500488,0.000000
87.940002,65.145821,-1294.039795,-0.000285,0.002749,0.069828,289.783081,14.762254,0.698283,-1294.039795,294.500488,0.000000
87.950005,65.142097,-1294.039795,-0.000293,0.002749,0.069828,289.766510,14.761411,0.698283,-1294.039795,294.500488,0.000000
87.960007,65.143578,-1294.084351,-0.000293,0.002749,0.069828,289.773102,14.761745,0.698283,-1294.084351,294.500488,0.000000
87.970001,65.145821,-1293.950806,-0.000306,0.002749,0.069828,289.783081,14.762254,0.698283,-1293.950806,294.500488,0.000000
87.980003,65.145821,-1294.039795,-0.000285,0.002749,0.069828,289.783081,14.762254,0.698283,-1294.039795,294.500488,0.000000
87.990005,65.142097,-1294.084351,-0.000293,0.002749,0.069828,289.766510,14.761411,0.698283,-1294.084351,294.500488,0.000000
88.000008,65.142097,-1293.950806,-0.000315,0.002749,0.069828,289.766510,14.761411,0.698283,-1293.950806,294.500488,0.000000
88.010002,65.136879,-1294.084351,-0.000310,0.002749,0.069828,289.743317,14.760228,0.698283,-1294.084351,294.500488,0.000000
88.020004,65.146568,-1294.039795,-0.000306,0.002749,0.069828,289.786407,14.762424,0.698283,-1294.039795,294.500488,0.000000
88.030006,65.145073,-1294.039795,-0.000297,0.002749,0.069828,289.779755,14.762084,0.698283,-1294.039795,294.500488,0.000000
88.040001,65.141350,-1294.084351,-0.000293,0.002749,0.069828,289.763184,14.761241,0.698283,-1294.084351,294.500488,0.000000
88.050003,65.149544,-1293.995361,-0.000297,0.002749,0.069828,289.799652,14.763098,0.698283,-1293.995361,294.500488,0.000000
88.060005,65.145821,-1293.995361,-0.000310,0.002749,0.069828,289.783081,14.762254,0.698283,-1293.995361,294.500488,0.000000
88.070007,65.145439,-1293.950806,-0.000302,0.002749,0.069828,289.781372,14.762168,0.698283,-1293.950806,294.500488,0.000000
88.080002,65.136879,-1294.039795,-0.000297,0.002749,0.069828,289.743317,14.760228,0.698283,-1294.039795,294.500488,0.000000
88.090004,65.135017,-1294.084351,-0.000306,0.002749,0.069828,289.735016,14.759806,0.698283,-1294.084351,294.500488,0.000000
88.100006,65.145821,-1293.995361,-0.000297,0.002749,0.069828,289.783081,14.762254,0.698283,-1293.995361,294.500488,0.000000
88.110001,65.138741,-1294.084351,-0.000306,0.002749,0.069828,289.751587,14.760650,0.698283,-1294.084351,294.500488,0.000000
88.120003,65.140236,-1293.995361,-0.000302,0.002749,0.069828,289.758240,14.760988,0.698283,-1293.995361,294.500488,0.000000
88.130005,65.141716,-1293.950806,-0.000297,0.002749,0.069828,289.764832,14.761324,0.698283,-1293.950806,294.500488,0.000000
88.140007,65.141716,-1294.084351,-0.000297,0.002749,0.069828,289.764832,14.761324,0.698283,-1294.084351,294.500488,0.000000
88.150002,65.146187,-1293.950806,-0.000293,0.002749,0.069828,289.784698,14.762337,0.698283,-1293.950806,294.500488,0.000000
88.160004,65.143959,-1294.039795,-0.000306,0.002749,0.069828,289.774811,14.761832,0.698283,-1294.039795,294.500488,0.000000
88.170006,65.132042,-1294.039795,-0.000310,0.002749,0.069828,289.721802,14.759132,0.698283,-1294.039795,294.500488,0.000000
88.180008,65.134651,-1293.950806,-0.000302,0.002749,0.069828,289.733398,14.759723,0.698283,-1293.950806,294.500488,0.000000
88.190002,65.132408,-1294.039795,-0.000306,0.002749,0.069828,289.723419,14.759214,0.698283,-1294.039795,294.500488,0.000000
88.200005,65.138741,-1294.084351,-0.000310,0.002749,0.069828,289.751587,14.760650,0.698283,-1294.084351,294.500488,0.000000
88.210007,65.142097,-1293.995361,-0.000293,0.002749,0.069828,289.766510,14.761411,0.698283,-1293.995361,294.500488,0.000000
88.220001,65.136513,-1293.995361,-0.000302,0.002749,0.069828,289.741669,14.760145,0.698283,-1293.995361,294.500488,0.000000
88.230003,65.129066,-1293.950806,-0.000302,0.002749,0.069828,289.708557,14.758457,0.698283,-1293.950806,294.500488,0.000000
88.240005,65.135765,-1294.084351,-0.000289,0.002749,0.069828,289.738342,14.759975,0.698283,-1294.084351,294.500488,0.000000
88.250008,65.139122,-1294.039795,-0.000306,0.002749,0.069828,289.753296,14.760736,0.698283,-1294.039795,294.500488,0.000000
88.260002,65.133522,-1293.995361,-0.000293,0.002749,0.069828,289.728363,14.759467,0.698283,-1293.995361,294.500488,0.000000
88.270004,65.115654,-1294.039795,-0.000293,0.002749,0.069828,289.648895,14.755418,0.698283,-1294.039795,294.500488,0.000000
88.280006,65.126076,-1294.039795,-0.000293,0.002749,0.069828,289.695251,14.757779,0.698283,-1294.039795,294.500488,0.000000
88.290001,65.126457,-1294.039795,-0.000310,0.002749,0.069828,289.696960,14.757866,0.698283,-1294.039795,294.500488,0.000000
88.300003,65.127571,-1293.995361,-0.000293,0.002749,0.069828,289.701904,14.758119,0.698283,-1293.995361,294.500488,0.000000
88.310005,65.123482,-1294.084351,-0.000297,0.002749,0.069828,289.683716,14.757192,0.698283,-1294.084351,294.500488,0.000000
88.320007,65.117897,-1293.995361,-0.000293,0.002749,0.069828,289.658875,14.755926,0.698283,-1293.995361,294.500488,0.000000
88.330002,65.123100,-1294.084351,-0.000310,0.002749,0.069828,289.682007,14.757106,0.698283,-1294.084351,294.500488,0.000000
88.340004,65.119759,-1294.084351,-0.000302,0.002749,0.069828,289.667145,14.756349,0.698283,-1294.084351,294.500488,0.000000
88.350006,65.127205,-1293.950806,-0.000293,0.002749,0.069828,289.700287,14.758035,0.698283,-1293.950806,294.500488,0.000000
88.360001,65.121986,-1294.039795,-0.000293,0.002749,0.069828,289.677063,14.756853,0.698283,-1294.039795,294.500488,0.000000
88.370003,65.116768,-1294.039795,-0.000297,0.002749,0.069828,289.653839,14.755671,0.698283,-1294.039795,294.500488,0.000000
88.380005,65.114159,-1294.039795,-0.000293,0.002750,0.069837,289.642242,14.755079,0.698374,-1294.039795,294.500488,0.000000
88.390007,65.113426,-1294.039795,-0.000293,0.002750,0.069837,289.638977,14.754913,0.698374,-1294.039795,294.500488,0.000000
88.400002,65.105232,-1293.995361,-0.000297,0.002750,0.069846,289.602539,14.753057,0.698465,-1293.995361,294.500488,0.000000
88.410004,65.084007,-1294.084351,-0.000310,0.002751,0.069872,289.508118,14.748247,0.698722,-1294.084351,294.500488,0.000000
88.420006,65.102989,-1294.039795,-0.000297,0.002751,0.069872,289.592560,14.752548,0.698722,-1294.039795,294.500488,0.000000
88.430008,65.129066,-1294.039795,-0.000302,0.002751,0.069872,289.708557,14.758457,0.698722,-1294.039795,294.500488,0.000000
88.440002,65.136131,-1294.128784,-0.000297,0.002751,0.069872,289.739990,14.760058,0.698722,-1294.128784,294.500488,0.000000
88.450005,65.143211,-1293.995361,-0.000289,0.002751,0.069872,289.771484,14.761663,0.698722,-1293.995361,294.500488,0.000000
88.460007,65.136131,-1293.995361,-0.000302,0.002751,0.069872,289.739990,14.760058,0.698722,-1293.995361,294.500488,0.000000
88.470001,65.139488,-1293.995361,-0.000306,0.002751,0.069872,289.754913,14.760818,0.698722,-1293.995361,294.500488,0.000000
88.480003,65.150291,-1294.084351,-0.000289,0.002751,0.069872,289.802979,14.763268,0.698722,-1294.084351,294.500488,0.000000
88.490005,65.161079,-1293.995361,-0.000289,0.002751,0.069872,289.850952,14.765712,0.698722,-1293.995361,294.500488,0.000000
88.500008,65.168526,-1293.950806,-0.000306,0.002751,0.069872,289.884094,14.767399,0.698722,-1293.950806,294.500488,0.000000
88.510002,65.161827,-1294.039795,-0.000293,0.002751,0.069872,289.854279,14.765881,0.698722,-1294.039795,294.500488,0.000000
88.520004,65.162209,-1293.995361,-0.000293,0.002751,0.069872,289.855988,14.765968,0.698722,-1293.995361,294.500488,0.000000
88.530006,65.163322,-1293.995361,-0.000297,0.002751,0.069872,289.860931,14.766220,0.698722,-1293.995361,294.500488,0.000000
88.540001,65.165932,-1294.039795,-0.000293,0.002751,0.069872,289.872528,14.766811,0.698722,-1294.039795,294.500488,0.000000
88.550003,65.180443,-1294.039795,-0.000297,0.002751,0.069872,289.937103,14.770100,0.698722,-1294.039795,294.500488,0.000000
88.560005,65.188271,-1294.084351,-0.000293,0.002751,0.069872,289.971924,14.771873,0.698722,-1294.084351,294.500488,0.000000
88.570007,65.173378,-1294.084351,-0.000306,0.002751,0.069872,289.905670,14.768499,0.698722,-1294.084351,294.500488,0.000000
88.580002,65.172630,-1293.995361,-0.000293,0.002751,0.069872,289.902344,14.768330,0.698722,-1293.995361,294.500488,0.000000
88.590004,65.174110,-1294.084351,-0.000289,0.002751,0.069872,289.908936,14.768664,0.698722,-1294.084351,294.500488,0.000000
88.600006,65.176353,-1293.995361,-0.000293,0.002751,0.069872,289.918915,14.769173,0.698722,-1293.995361,294.500488,0.000000
88.610001,65.176353,-1294.039795,-0.000297,0.002751,0.069872,289.918915,14.769173,0.698722,-1294.039795,294.500488,0.000000
88.620003,65.180077,-1294.039795,-0.000289,0.002751,0.069872,289.935455,14.770016,0.698722,-1294.039795,294.500488,0.000000
88.630005,65.186409,-1293.950806,-0.000293,0.002751,0.069872,289.963623,14.771451,0.698722,-1293.950806,294.500488,0.000000
88.640007,65.179710,-1294.039795,-0.000306,0.002751,0.069872,289.933838,14.769934,0.698722,-1294.039795,294.500488,0.000000
88.650002,65.171883,-1293.995361,-0.000289,0.002751,0.069872,289.899017,14.768160,0.698722,-1293.995361,294.500488,0.000000
88.660004,65.177467,-1294.084351,-0.000297,0.002751,0.069872,289.923859,14.769425,0.698722,-1294.084351,294.500488,0.000000
88.670006,65.182686,-1293.995361,-0.000302,0.002751,0.069872,289.947083,14.770608,0.698722,-1293.995361,294.500488,0.000000
88.680008,65.183434,-1293.950806,-0.000302,0.002751,0.069872,289.950378,14.770777,0.698722,-1293.950806,294.500488,0.000000
88.690002,65.192360,-1294.084351,-0.000293,0.002751,0.069872,289.990112,14.772799,0.698722,-1294.084351,294.500488,0.000000
88.700005,65.192741,-1293.906372,-0.000293,0.002751,0.069872,289.991791,14.772886,0.698722,-1293.906372,294.500488,0.000000
88.710007,65.187157,-1294.084351,-0.000285,0.002751,0.069872,289.966949,14.771621,0.698722,-1294.084351,294.500488,0.000000
88.720001,65.180824,-1293.995361,-0.000310,0.002751,0.069872,289.938782,14.770185,0.698722,-1293.995361,294.500488,0.000000
88.730003,65.178215,-1293.995361,-0.000302,0.002751,0.069872,289.927185,14.769595,0.698722,-1293.995361,294.500488,0.000000
88.740005,65.175606,-1294.128784,-0.000315,0.002751,0.069872,289.915588,14.769003,0.698722,-1294.128784,294.500488,0.000000
88.750008,65.186028,-1293.950806,-0.000302,0.002751,0.069872,289.961945,14.771365,0.698722,-1293.950806,294.500488,0.000000
88.760002,65.177101,-1294.039795,-0.000285,0.002751,0.069872,289.922211,14.769342,0.698722,-1294.039795,294.500488,0.000000
88.770004,65.178581,-1293.995361,-0.000315,0.002751,0.069872,289.928802,14.769677,0.698722,-1293.995361,294.500488,0.000000
88.780006,65.181572,-1294.039795,-0.000293,0.002751,0.069872,289.942108,14.770355,0.698722,-1294.039795,294.500488,0.000000
88.790001,65.178963,-1294.039795,-0.000302,0.002751,0.069872,289.930511,14.769765,0.698722,-1294.039795,294.500488,0.000000
88.800003,65.181572,-1294.039795,-0.000306,0.002751,0.069872,289.942108,14.770355,0.698722,-1294.039795,294.500488,0.000000
88.810005,65.192741,-1294.084351,-0.000293,0.002751,0.069872,289.991791,14.772886,0.698722,-1294.084351,294.500488,0.000000
88.820007,65.189384,-1294.039795,-0.000297,0.002751,0.069872,289.976868,14.772126,0.698722,-1294.039795,294.500488,0.000000
88.830002,65.187523,-1293.995361,-0.000302,0.002751,0.069872,289.968597,14.771704,0.698722,-1293.995361,294.500488,0.000000
88.840004,65.186775,-1294.084351,-0.000306,0.002751,0.069872,289.965271,14.771534,0.698722,-1294.084351,294.500488,0.000000
88.850006,65.189018,-1293.995361,-0.000302,0.002751,0.069872,289.975250,14.772042,0.698722,-1293.995361,294.500488,0.000000
88.860001,65.185295,-1294.084351,-0.000293,0.002751,0.069872,289.958679,14.771199,0.698722,-1294.084351,294.500488,0.000000
88.870003,65.174492,-1293.995361,-0.000297,0.002751,0.069872,289.910614,14.768751,0.698722,-1293.995361,294.500488,0.000000
88.880005,65.181938,-1293.995361,-0.000302,0.002751,0.069872,289.943756,14.770438,0.698722,-1293.995361,294.500488,0.000000
88.890007,65.179329,-1294.039795,-0.000297,0.002751,0.069872,289.932129,14.769847,0.698722,-1294.039795,294.500488,0.000000
88.900002,65.186775,-1293.950806,-0.000310,0.002751,0.069872,289.965271,14.771534,0.698722,-1293.950806,294.500488,0.000000
88.910004,65.190498,-1294.084351,-0.000297,0.002751,0.069872,289.981812,14.772378,0.698722,-1294.084351,294.500488,0.000000
88.920006,65.187889,-1294.039795,-0.000293,0.002751,0.069872,289.970215,14.771787,0.698722,-1294.039795,294.500488,0.000000
88.930008,65.182686,-1293.995361,-0.000302,0.002751,0.069872,289.947083,14.770608,0.698722,-1293.995361,294.500488,0.000000
88.940002,65.175987,-1294.084351,-0.000297,0.002751,0.069872,289.917267,14.769090,0.698722,-1294.084351,294.500488,0.000000
88.950005,65.181938,-1293.995361,-0.000302,0.002751,0.069872,289.943756,14.770438,0.698722,-1293.995361,294.500488,0.000000
88.960007,65.192360,-1294.084351,-0.000297,0.002751,0.069872,289.990112,14.772799,0.698722,-1294.084351,294.500488,0.000000
88.970001,65.193108,-1293.995361,-0.000302,0.002751,0.069872,289.993439,14.772969,0.698722,-1293.995361,294.500488,0.000000
88.980003,65.186028,-1294.039795,-0.000297,0.002751,0.069872,289.961945,14.771365,0.698722,-1294.039795,294.500488,0.000000
88.990005,65.186409,-1294.039795,-0.000297,0.002751,0.069872,289.963623,14.771451,0.698722,-1294.039795,294.500488,0.000000
89.000008,65.182304,-1294.039795,-0.000306,0.002751,0.069872,289.945374,14.770521,0.698722,-1294.039795,294.500488,0.000000
89.010002,65.177849,-1294.084351,-0.000306,0.002751,0.069872,289.925537,14.769512,0.698722,-1294.084351,294.500488,0.000000
89.020004,65.178581,-1294.039795,-0.000306,0.002751,0.069872,289.928802,14.769677,0.698722,-1294.039795,294.500488,0.000000
89.030006,65.190132,-1293.995361,-0.000306,0.002751,0.069872,289.980194,14.772295,0.698722,-1293.995361,294.500488,0.000000
89.040001,65.178581,-1294.039795,-0.000297,0.002751,0.069872,289.928802,14.769677,0.698722,-1294.039795,294.500488,0.000000
89.050003,65.183052,-1293.995361,-0.000302,0.002751,0.069872,289.948700,14.770691,0.698722,-1293.995361,294.500488,0.000000
89.060005,65.171883,-1294.128784,-0.000302,0.002751,0.069872,289.899017,14.768160,0.698722,-1294.128784,294.500488,0.000000
89.070007,65.171883,-1294.039795,-0.000315,0.002751,0.069872,289.899017,14.768160,0.698722,-1294.039795,294.500488,0.000000
89.080002,65.180077,-1294.039795,-0.000297,0.002751,0.069872,289.935455,14.770016,0.698722,-1294.039795,294.500488,0.000000
89.090004,65.178581,-1294.084351,-0.000306,0.002751,0.069872,289.928802,14.769677,0.698722,-1294.084351,294.500488,0.000000
89.100006,65.194603,-1293.995361,-0.000310,0.002751,0.069872,290.000092,14.773308,0.698722,-1293.995361,294.500488,0.000000
89.110001,65.185295,-1294.039795,-0.000289,0.002751,0.069872,289.958679,14.771199,0.698722,-1294.039795,294.500488,0.000000
89.120003,65.166664,-1293.995361,-0.000302,0.002751,0.069872,289.875793,14.766976,0.698722,-1293.995361,294.500488,0.000000
89.130005,65.160713,-1293.950806,-0.000297,0.002751,0.069872,289.849335,14.765629,0.698722,-1293.950806,294.500488,0.000000
89.140007,65.171135,-1294.039795,-0.000302,0.002751,0.069872,289.895691,14.767991,0.698722,-1294.039795,294.500488,0.000000
89.150002,65.164436,-1294.039795,-0.000302,0.002751,0.069872,289.865875,14.766473,0.698722,-1294.039795,294.500488,0.000000
89.160004,65.167412,-1294.084351,-0.000297,0.002751,0.069872,289.879120,14.767146,0.698722,-1294.084351,294.500488,0.000000
89.170006,65.169655,-1293.995361,-0.000302,0.002751,0.069872,289.889099,14.767654,0.698722,-1293.995361,294.500488,0.000000
89.180008,65.163322,-1294.039795,-0.000302,0.002751,0.069872,289.860931,14.766220,0.698722,-1294.039795,294.500488,0.000000
89.190002,65.167412,-1294.084351,-0.000297,0.002751,0.069872,289.879120,14.767146,0.698722,-1294.084351,294.500488,0.000000
89.200005,65.166664,-1293.995361,-0.000302,0.002751,0.069872,289.875793,14.766976,0.698722,-1293.995361,294.500488,0.000000
89.210007,65.171135,-1294.084351,-0.000302,0.002751,0.069872,289.895691,14.767991,0.698722,-1294.084351,294.500488,0.000000
89.220001,65.178963,-1294.039795,-0.000297,0.002751,0.069872,289.930511,14.769765,0.698722,-1294.039795,294.500488,0.000000
89.230003,65.181938,-1293.995361,-0.000297,0.002751,0.069872,289.943756,14.770438,0.698722,-1293.995361,294.500488,0.000000
89.240005,65.170769,-1294.039795,-0.000302,0.002751,0.069872,289.894043,14.767907,0.698722,-1294.039795,294.500488,0.000000
89.250008,65.172997,-1293.950806,-0.000302,0.002751,0.069872,289.903961,14.768412,0.698722,-1293.950806,294.500488,0.000000
89.260002,65.157738,-1294.084351,-0.000297,0.002751,0.069872,289.836090,14.764955,0.698722,-1294.084351,294.500488,0.000000
89.270004,65.155876,-1294.039795,-0.000302,0.002751,0.069872,289.827820,14.764533,0.698722,-1294.039795,294.500488,0.000000
89.280006,65.160713,-1294.039795,-0.000302,0.002751,0.069872,289.849335,14.765629,0.698722,-1294.039795,294.500488,0.000000
89.290001,65.156624,-1294.084351,-0.000306,0.002751,0.069872,289.831146,14.764703,0.698722,-1294.084351,294.500488,0.000000
89.300003,65.165550,-1293.995361,-0.000289,0.002751,0.069872,289.870850,14.766726,0.698722,-1293.995361,294.500488,0.000000
89.310005,65.162575,-1294.084351,-0.000297,0.002751,0.069872,289.857605,14.766050,0.698722,-1294.084351,294.500488,0.000000
89.320007,65.156624,-1294.084351,-0.000293,0.002751,0.069872,289.831146,14.764703,0.698722,-1294.084351,294.500488,0.000000
89.330002,65.161461,-1294.039795,-0.000285,0.002751,0.069872,289.852661,14.765799,0.698722,-1294.039795,294.500488,0.000000
89.340004,65.156242,-1294.128784,-0.000302,0.002751,0.069872,289.829437,14.764615,0.698722,-1294.128784,294.500488,0.000000
89.350006,65.153267,-1293.995361,-0.000293,0.002751,0.069872,289.816193,14.763942,0.698722,-1293.995361,294.500488,0.000000
89.360001,65.164803,-1294.084351,-0.000289,0.002751,0.069872,289.867523,14.766556,0.698722,-1294.084351,294.500488,0.000000
89.370003,65.165184,-1293.995361,-0.000302,0.002751,0.069872,289.869202,14.766642,0.698722,-1293.995361,294.500488,0.000000
89.380005,65.164070,-1294.039795,-0.000293,0.002751,0.069872,289.864258,14.766389,0.698722,-1294.039795,294.500488,0.000000
89.390007,65.149910,-1294.084351,-0.000306,0.002751,0.069872,289.801270,14.763181,0.698722,-1294.084351,294.500488,0.000000
89.400002,65.150291,-1293.995361,-0.000306,0.002751,0.069872,289.802979,14.763268,0.698722,-1293.995361,294.500488,0.000000
89.410004,65.146568,-1294.084351,-0.000297,0.002751,0.069872,289.786407,14.762424,0.698722,-1294.084351,294.500488,0.000000
89.420006,65.156990,-1294.039795,-0.000302,0.002751,0.069872,289.832764,14.764785,0.698722,-1294.039795,294.500488,0.000000
89.430008,65.154381,-1294.039795,-0.000302,0.002751,0.069872,289.821167,14.764194,0.698722,-1294.039795,294.500488,0.000000
89.440002,65.150291,-1294.039795,-0.000297,0.002751,0.069872,289.802979,14.763268,0.698722,-1294.039795,294.500488,0.000000
89.450005,65.155128,-1294.039795,-0.000293,0.002751,0.069872,289.824493,14.764363,0.698722,-1294.039795,294.500488,0.000000
89.460007,65.158104,-1294.039795,-0.000289,0.002751,0.069872,289.837708,14.765038,0.698722,-1294.039795,294.500488,0.000000
89.470001,65.152519,-1293.995361,-0.000302,0.002751,0.069872,289.812866,14.763772,0.698722,-1293.995361,294.500488,0.000000
89.480003,65.149910,-1294.084351,-0.000302,0.002751,0.069872,289.801270,14.763181,0.698722,-1294.084351,294.500488,0.000000
89.490005,65.159218,-1294.084351,-0.000302,0.002751,0.069872,289.842682,14.765290,0.698722,-1294.084351,294.500488,0.000000
89.500008,65.156242,-1293.995361,-0.000315,0.002751,0.069872,289.829437,14.764615,0.698722,-1293.995361,294.500488,0.000000
89.510002,65.149162,-1294.128784,-0.000306,0.002751,0.069872,289.797943,14.763011,0.698722,-1294.128784,294.500488,0.000000
89.520004,65.149162,-1293.950806,-0.000315,0.002751,0.069872,289.797943,14.763011,0.698722,-1293.950806,294.500488,0.000000
89.530006,65.147301,-1294.039795,-0.000302,0.002751,0.069872,289.789673,14.762589,0.698722,-1294.039795,294.500488,0.000000
89.540001,65.143578,-1294.084351,-0.000297,0.002751,0.069872,289.773102,14.761745,0.698722,-1294.084351,294.500488,0.000000
89.550003,65.142097,-1294.039795,-0.000293,0.002751,0.069872,289.766510,14.761411,0.698722,-1294.039795,294.500488,0.000000
89.560005,65.137993,-1293.995361,-0.000280,0.002751,0.069872,289.748260,14.760480,0.698722,-1293.995361,294.500488,0.000000
89.570007,65.143211,-1293.995361,-0.000302,0.002751,0.069872,289.771484,14.761663,0.698722,-1293.995361,294.500488,0.000000
89.580002,65.138374,-1293.950806,-0.000302,0.002751,0.069872,289.749969,14.760567,0.698722,-1293.950806,294.500488,0.000000
89.590004,65.141716,-1294.084351,-0.000306,0.002751,0.069872,289.764832,14.761324,0.698722,-1294.084351,294.500488,0.000000
89.600006,65.144325,-1293.995361,-0.000302,0.002751,0.069872,289.776428,14.761915,0.698722,-1293.995361,294.500488,0.000000
89.610001,65.139854,-1293.995361,-0.000297,0.002751,0.069872,289.756531,14.760902,0.698722,-1293.995361,294.500488,0.000000
89.620003,65.142464,-1293.995361,-0.000310,0.002751,0.069872,289.768158,14.761494,0.698722,-1293.995361,294.500488,0.000000
89.630005,65.133904,-1294.039795,-0.000297,0.002751,0.069872,289.730072,14.759553,0.698722,-1294.039795,294.500488,0.000000
89.640007,65.134270,-1294.039795,-0.000315,0.002751,0.069872,289.731689,14.759637,0.698722,-1294.039795,294.500488,0.000000
89.650002,65.131294,-1293.995361,-0.000297,0.002751,0.069872,289.718475,14.758963,0.698722,-1293.995361,294.500488,0.000000
89.660004,65.141350,-1294.084351,-0.000306,0.002751,0.069872,289.763184,14.761241,0.698722,-1294.084351,294.500488,0.000000
89.670006,65.130547,-1294.039795,-0.000319,0.002751,0.069872,289.715149,14.758793,0.698722,-1294.039795,294.500488,0.000000
89.680008,65.130547,-1294.039795,-0.000306,0.002751,0.069872,289.715149,14.758793,0.698722,-1294.039795,294.500488,0.000000
89.690002,65.131660,-1294.039795,-0.000315,0.002751,0.069872,289.720093,14.759045,0.698722,-1294.039795,294.500488,0.000000
89.700005,65.133522,-1293.995361,-0.000306,0.002751,0.069872,289.728363,14.759467,0.698722,-1293.995361,294.500488,0.000000
89.710007,65.128685,-1294.039795,-0.000302,0.002751,0.069872,289.706848,14.758371,0.698722,-1294.039795,294.500488,0.000000
89.720001,65.132042,-1293.995361,-0.000306,0.002751,0.069872,289.721802,14.759132,0.698722,-1293.995361,294.500488,0.000000
89.730003,65.127205,-1294.039795,-0.000302,0.002751,0.069872,289.700287,14.758035,0.698722,-1294.039795,294.500488,0.000000
89.740005,65.126457,-1294.084351,-0.000297,0.002751,0.069872,289.696960,14.757866,0.698722,-1294.084351,294.500488,0.000000
89.750008,65.133904,-1293.995361,-0.000297,0.002751,0.069872,289.730072,14.759553,0.698722,-1293.995361,294.500488,0.000000
89.760002,65.133904,-1294.084351,-0.000302,0.002751,0.069872,289.730072,14.759553,0.698722,-1294.084351,294.500488,0.000000
89.770004,65.127937,-1294.039795,-0.000293,0.002751,0.069872,289.703522,14.758202,0.698722,-1294.039795,294.500488,0.000000
89.780006,65.118629,-1294.039795,-0.000302,0.002751,0.069872,289.662140,14.756093,0.698722,-1294.039795,294.500488,0.000000
89.790001,65.116020,-1294.084351,-0.000302,0.002751,0.069872,289.650513,14.755501,0.698722,-1294.084351,294.500488,0.000000
89.800003,65.122734,-1294.039795,-0.000302,0.002751,0.069872,289.680389,14.757022,0.698722,-1294.039795,294.500488,0.000000
89.810005,65.114159,-1294.084351,-0.000310,0.002751,0.069872,289.642242,14.755079,0.698722,-1294.084351,294.500488,0.000000
89.820007,65.114540,-1293.950806,-0.000315,0.002751,0.069872,289.643951,14.755165,0.698722,-1293.950806,294.500488,0.000000
89.830002,65.110069,-1294.084351,-0.000310,0.002751,0.069872,289.624054,14.754152,0.698722,-1294.084351,294.500488,0.000000
89.840004,65.106346,-1294.039795,-0.000302,0.002751,0.069872,289.607483,14.753309,0.698722,-1294.039795,294.500488,0.000000
89.850006,65.121986,-1293.950806,-0.000297,0.002751,0.069872,289.677063,14.756853,0.698722,-1293.950806,294.500488,0.000000
89.860001,65.121620,-1294.039795,-0.000306,0.002751,0.069872,289.675446,14.756769,0.698722,-1294.039795,294.500488,0.000000
89.870003,65.125710,-1294.084351,-0.000297,0.002751,0.069872,289.693634,14.757697,0.698722,-1294.084351,294.500488,0.000000
89.880005,65.121239,-1293.950806,-0.000293,0.002751,0.069872,289.673737,14.756683,0.698722,-1293.950806,294.500488,0.000000
89.890007,65.113045,-1294.084351,-0.000293,0.002751,0.069872,289.637299,14.754827,0.698722,-1294.084351,294.500488,0.000000
89.900002,65.120491,-1293.995361,-0.000306,0.002751,0.069872,289.670410,14.756514,0.698722,-1293.995361,294.500488,0.000000
89.910004,65.113045,-1294.084351,-0.000297,0.002751,0.069872,289.637299,14.754827,0.698722,-1294.084351,294.500488,0.000000
89.920006,65.116768,-1294.039795,-0.000315,0.002751,0.069872,289.653839,14.755671,0.698722,-1294.039795,294.500488,0.000000
89.930008,65.117516,-1293.950806,-0.000306,0.002751,0.069872,289.657166,14.755840,0.698722,-1293.950806,294.500488,0.000000
89.940002,65.113045,-1294.084351,-0.000306,0.002751,0.069872,289.637299,14.754827,0.698722,-1294.084351,294.500488,0.000000
89.950005,65.103371,-1293.995361,-0.000297,0.002751,0.069872,289.594269,14.752634,0.698722,-1293.995361,294.500488,0.000000
89.960007,65.100395,-1294.084351,-0.000297,0.002751,0.069872,289.581024,14.751961,0.698722,-1294.084351,294.500488,0.000000
89.970001,65.109322,-1294.039795,-0.000297,0.002751,0.069872,289.620728,14.753983,0.698722,-1294.039795,294.500488,0.000000
89.980003,65.105232,-1294.039795,-0.000293,0.002751,0.069872,289.602539,14.753057,0.698722,-1294.039795,294.500488,0.000000
89.990005,65.101875,-1294.084351,-0.000293,0.002751,0.069872,289.587616,14.752295,0.698722,-1294.084351,294.500488,0.000000
90.000008,65.107841,-1293.995361,-0.000302,0.002751,0.069872,289.614136,14.753648,0.698722,-1293.995361,294.500488,0.000000
90.010002,65.111183,-1294.084351,-0.000302,0.002751,0.069872,289.628998,14.754405,0.698722,-1294.084351,294.500488,0.000000
90.020004,65.104118,-1294.039795,-0.000306,0.002751,0.069872,289.597595,14.752804,0.698722,-1294.039795,294.500488,0.000000
90.030006,65.096657,-1293.995361,-0.000302,0.002751,0.069872,289.564392,14.751113,0.698722,-1293.995361,294.500488,0.000000
90.040001,65.103737,-1294.084351,-0.000297,0.002751,0.069872,289.595886,14.752718,0.698722,-1294.084351,294.500488,0.000000
90.050003,65.107460,-1293.950806,-0.000289,0.002751,0.069872,289.612457,14.753561,0.698722,-1293.950806,294.500488,0.000000
90.060005,65.114906,-1294.128784,-0.000289,0.002751,0.069872,289.645569,14.755248,0.698722,-1294.128784,294.500488,0.000000
90.070007,65.114906,-1294.039795,-0.000302,0.002751,0.069872,289.645569,14.755248,0.698722,-1294.039795,294.500488,0.000000
90.080002,65.106712,-1293.995361,-0.000297,0.002751,0.069872,289.609131,14.753392,0.698722,-1293.995361,294.500488,0.000000
90.090004,65.102257,-1294.084351,-0.000302,0.002751,0.069872,289.589294,14.752382,0.698722,-1294.084351,294.500488,0.000000
90.100006,65.107841,-1293.995361,-0.000297,0.002751,0.069872,289.614136,14.753648,0.698722,-1293.995361,294.500488,0.000000
90.110001,65.097404,-1294.084351,-0.000293,0.002751,0.069872,289.567719,14.751283,0.698722,-1294.084351,294.500488,0.000000
90.120003,65.100395,-1293.995361,-0.000310,0.002751,0.069872,289.581024,14.751961,0.698722,-1293.995361,294.500488,0.000000
90.130005,65.090340,-1293.995361,-0.000289,0.002751,0.069872,289.536285,14.749682,0.698722,-1293.995361,294.500488,0.000000
90.140007,65.089592,-1294.084351,-0.000315,0.002751,0.069872,289.532959,14.749513,0.698722,-1294.084351,294.500488,0.000000
90.150002,65.095177,-1294.039795,-0.000302,0.002751,0.069872,289.557800,14.750778,0.698722,-1294.039795,294.500488,0.000000
90.160004,65.089592,-1294.039795,-0.000306,0.002751,0.069872,289.532959,14.749513,0.698722,-1294.039795,294.500488,0.000000
90.170006,65.085121,-1293.995361,-0.000302,0.002751,0.069872,289.513092,14.748499,0.698722,-1293.995361,294.500488,0.000000
90.180008,65.085487,-1294.084351,-0.000293,0.002751,0.069872,289.514709,14.748582,0.698722,-1294.084351,294.500488,0.000000
90.190002,65.099648,-1294.084351,-0.000289,0.002751,0.069872,289.577698,14.751791,0.698722,-1294.084351,294.500488,0.000000
90.200005,65.092201,-1294.039795,-0.000289,0.002751,0.069872,289.544586,14.750103,0.698722,-1294.039795,294.500488,0.000000
90.210007,65.089592,-1294.084351,-0.000297,0.002751,0.069872,289.532959,14.749513,0.698722,-1294.084351,294.500488,0.000000
90.220001,65.089211,-1294.039795,-0.000302,0.002751,0.069872,289.531281,14.749426,0.698722,-1294.039795,294.500488,0.000000
90.230003,65.092567,-1294.039795,-0.000302,0.002751,0.069872,289.546204,14.750187,0.698722,-1294.039795,294.500488,0.000000
90.240005,65.093681,-1293.995361,-0.000302,0.002751,0.069872,289.551147,14.750440,0.698722,-1293.995361,294.500488,0.000000
90.250008,65.078423,-1293.995361,-0.000297,0.002751,0.069872,289.483276,14.746982,0.698722,-1293.995361,294.500488,0.000000
90.260002,65.082146,-1294.039795,-0.000306,0.002751,0.069872,289.499847,14.747825,0.698722,-1294.039795,294.500488,0.000000
90.270004,65.088097,-1294.084351,-0.000297,0.002751,0.069872,289.526306,14.749174,0.698722,-1294.084351,294.500488,0.000000
90.280006,65.088844,-1293.995361,-0.000289,0.002751,0.069872,289.529633,14.749343,0.698722,-1293.995361,294.500488,0.000000
90.290001,65.080650,-1293.995361,-0.000293,0.002751,0.069872,289.493195,14.747486,0.698722,-1293.995361,294.500488,0.000000
90.300003,65.074318,-1294.039795,-0.000297,0.002751,0.069872,289.465027,14.746051,0.698722,-1294.039795,294.500488,0.000000
90.310005,65.084007,-1294.084351,-0.000297,0.002751,0.069872,289.508118,14.748247,0.698722,-1294.084351,294.500488,0.000000
90.320007,65.085487,-1293.995361,-0.000297,0.002751,0.069872,289.514709,14.748582,0.698722,-1293.995361,294.500488,0.000000
90.330002,65.084007,-1293.995361,-0.000306,0.002751,0.069872,289.508118,14.748247,0.698722,-1293.995361,294.500488,0.000000
90.340004,65.081032,-1294.128784,-0.000302,0.002751,0.069872,289.494873,14.747572,0.698722,-1294.128784,294.500488,0.000000
90.350006,65.081764,-1294.039795,-0.000306,0.002751,0.069872,289.498138,14.747739,0.698722,-1294.039795,294.500488,0.000000
90.360001,65.072090,-1294.084351,-0.000297,0.002751,0.069872,289.455109,14.745546,0.698722,-1294.084351,294.500488,0.000000
90.370003,65.080650,-1294.039795,-0.000306,0.002751,0.069872,289.493195,14.747486,0.698722,-1294.039795,294.500488,0.000000
90.380005,65.069481,-1293.995361,-0.000310,0.002751,0.069872,289.443512,14.744955,0.698722,-1293.995361,294.500488,0.000000
90.390007,65.073952,-1294.128784,-0.000310,0.002751,0.069872,289.463379,14.745968,0.698722,-1294.128784,294.500488,0.000000
90.400002,65.074699,-1293.995361,-0.000297,0.002751,0.069872,289.466705,14.746138,0.698722,-1293.995361,294.500488,0.000000
90.410004,65.075066,-1294.039795,-0.000297,0.002751,0.069881,289.468353,14.746221,0.698813,-1294.039795,294.500488,0.000000
90.420006,65.068733,-1293.995361,-0.000297,0.002752,0.069890,289.440186,14.744785,0.698904,-1293.995361,294.500488,0.000000
90.430008,65.061668,-1294.039795,-0.000297,0.002752,0.069898,289.408752,14.743185,0.698979,-1294.039795,294.500488,0.000000
90.440002,65.073952,-1294.084351,-0.000293,0.002753,0.069916,289.463379,14.745968,0.699161,-1294.084351,294.500488,0.000000
90.450005,65.085121,-1294.039795,-0.000293,0.002753,0.069916,289.513092,14.748499,0.699161,-1294.039795,294.500488,0.000000
90.460007,65.093681,-1294.039795,-0.000302,0.002753,0.069916,289.551147,14.750440,0.699161,-1294.039795,294.500488,0.000000
90.470001,65.095924,-1294.039795,-0.000306,0.002753,0.069916,289.561127,14.750948,0.699161,-1294.039795,294.500488,0.000000
90.480003,65.100395,-1294.039795,-0.000297,0.002753,0.069916,289.581024,14.751961,0.699161,-1294.039795,294.500488,0.000000
90.490005,65.097404,-1294.039795,-0.000297,0.002753,0.069924,289.567719,14.751283,0.699237,-1294.039795,294.500488,0.000000
90.500008,65.116768,-1294.039795,-0.000302,0.002753,0.069924,289.653839,14.755671,0.699237,-1294.039795,294.500488,0.000000
90.510002,65.123848,-1294.039795,-0.000297,0.002753,0.069924,289.685333,14.757275,0.699237,-1294.039795,294.500488,0.000000
90.520004,65.126076,-1294.039795,-0.000302,0.002753,0.069924,289.695251,14.757779,0.699237,-1294.039795,294.500488,0.000000
90.530006,65.133522,-1294.039795,-0.000310,0.002753,0.069924,289.728363,14.759467,0.699237,-1294.039795,294.500488,0.000000
90.540001,65.137993,-1294.039795,-0.000293,0.002753,0.069924,289.748260,14.760480,0.699237,-1294.039795,294.500488,0.000000
90.550003,65.146568,-1294.039795,-0.000297,0.002753,0.069924,289.786407,14.762424,0.699237,-1294.039795,294.500488,0.000000
90.560005,65.140984,-1294.039795,-0.000289,0.002753,0.069924,289.761566,14.761158,0.699237,-1294.039795,294.500488,0.000000
90.570007,65.135017,-1293.995361,-0.000306,0.002753,0.069924,289.735016,14.759806,0.699237,-1293.995361,294.500488,0.000000
90.580002,65.145073,-1294.039795,-0.000310,0.002753,0.069924,289.779755,14.762084,0.699237,-1294.039795,294.500488,0.000000
90.590004,65.141716,-1294.039795,-0.000306,0.002753,0.069924,289.764832,14.761324,0.699237,-1294.039795,294.500488,0.000000
90.600006,65.141350,-1294.039795,-0.000293,0.002753,0.069924,289.763184,14.761241,0.699237,-1294.039795,294.500488,0.000000
90.610001,65.143211,-1294.039795,-0.000289,0.002753,0.069924,289.771484,14.761663,0.699237,-1294.039795,294.500488,0.000000
90.620003,65.146187,-1294.039795,-0.000285,0.002753,0.069924,289.784698,14.762337,0.699237,-1294.039795,294.500488,0.000000
90.630005,65.145439,-1293.995361,-0.000285,0.002753,0.069924,289.781372,14.762168,0.699237,-1293.995361,294.500488,0.000000
90.640007,65.153633,-1294.084351,-0.000302,0.002753,0.069924,289.817841,14.764025,0.699237,-1294.084351,294.500488,0.000000
90.650002,65.151772,-1294.039795,-0.000302,0.002753,0.069924,289.809540,14.763602,0.699237,-1294.039795,294.500488,0.000000
90.660004,65.152153,-1294.039795,-0.000289,0.002753,0.069924,289.811249,14.763689,0.699237,-1294.039795,294.500488,0.000000
90.670006,65.159599,-1294.084351,-0.000302,0.002753,0.069924,289.844360,14.765376,0.699237,-1294.084351,294.500488,0.000000
90.680008,65.165184,-1294.039795,-0.000280,0.002753,0.069924,289.869202,14.766642,0.699237,-1294.039795,294.500488,0.000000
90.690002,65.163689,-1294.084351,-0.000306,0.002753,0.069924,289.862549,14.766303,0.699237,-1294.084351,294.500488,0.000000
90.700005,65.165184,-1293.950806,-0.000293,0.002753,0.069924,289.869202,14.766642,0.699237,-1293.950806,294.500488,0.000000
90.710007,65.165184,-1293.995361,-0.000289,0.002753,0.069924,289.869202,14.766642,0.699237,-1293.995361,294.500488,0.000000
90.720001,65.170769,-1294.039795,-0.000297,0.002753,0.069924,289.894043,14.767907,0.699237,-1294.039795,294.500488,0.000000
90.730003,65.168526,-1294.039795,-0.000297,0.002753,0.069924,289.884094,14.767399,0.699237,-1294.039795,294.500488,0.000000
90.740005,65.162941,-1294.084351,-0.000302,0.002753,0.069924,289.859253,14.766133,0.699237,-1294.084351,294.500488,0.000000
90.750008,65.159599,-1294.039795,-0.000297,0.002753,0.069924,289.844360,14.765376,0.699237,-1294.039795,294.500488,0.000000
90.760002,65.172630,-1294.039795,-0.000302,0.002753,0.069924,289.902344,14.768330,0.699237,-1294.039795,294.500488,0.000000
90.770004,65.162575,-1293.995361,-0.000306,0.002753,0.069924,289.857605,14.766050,0.699237,-1293.995361,294.500488,0.000000
90.780006,65.161461,-1294.084351,-0.000297,0.002753,0.069924,289.852661,14.765799,0.699237,-1294.084351,294.500488,0.000000
90.790001,65.164070,-1294.039795,-0.000306,0.002753,0.069924,289.864258,14.766389,0.699237,-1294.039795,294.500488,0.000000
90.800003,65.169273,-1294.084351,-0.000302,0.002753,0.069924,289.887421,14.767569,0.699237,-1294.084351,294.500488,0.000000
90.810005,65.168907,-1294.084351,-0.000293,0.002753,0.069924,289.885773,14.767486,0.699237,-1294.084351,294.500488,0.000000
90.820007,65.164070,-1294.039795,-0.000302,0.002753,0.069924,289.864258,14.766389,0.699237,-1294.039795,294.500488,0.000000
90.830002,65.162575,-1293.995361,-0.000302,0.002753,0.069924,289.857605,14.766050,0.699237,-1293.995361,294.500488,0.000000
90.840004,65.162941,-1294.084351,-0.000302,0.002753,0.069924,289.859253,14.766133,0.699237,-1294.084351,294.500488,0.000000
90.850006,65.161827,-1294.039795,-0.000289,0.002753,0.069924,289.854279,14.765881,0.699237,-1294.039795,294.500488,0.000000
90.860001,65.162209,-1293.995361,-0.000289,0.002753,0.069924,289.855988,14.765968,0.699237,-1293.995361,294.500488,0.000000
90.870003,65.158485,-1294.039795,-0.000289,0.002753,0.069924,289.839417,14.765123,0.699237,-1294.039795,294.500488,0.000000
90.880005,65.153633,-1293.995361,-0.000289,0.002753,0.069924,289.817841,14.764025,0.699237,-1293.995361,294.500488,0.000000
90.890007,65.159599,-1294.128784,-0.000302,0.002753,0.069924,289.844360,14.765376,0.699237,-1294.128784,294.500488,0.000000
90.900002,65.166664,-1293.906372,-0.000302,0.002753,0.069924,289.875793,14.766976,0.699237,-1293.906372,294.500488,0.000000
90.910004,65.164070,-1294.084351,-0.000306,0.002753,0.069924,289.864258,14.766389,0.699237,-1294.084351,294.500488,0.000000
90.920006,65.162209,-1293.995361,-0.000310,0.002753,0.069924,289.855988,14.765968,0.699237,-1293.995361,294.500488,0.000000
90.930008,65.165932,-1293.995361,-0.000285,0.002753,0.069924,289.872528,14.766811,0.699237,-1293.995361,294.500488,0.000000
90.940002,65.153267,-1294.039795,-0.000289,0.002753,0.069924,289.816193,14.763942,0.699237,-1294.039795,294.500488,0.000000
90.950005,65.155876,-1294.039795,-0.000293,0.002753,0.069924,289.827820,14.764533,0.699237,-1294.039795,294.500488,0.000000
90.960007,65.156624,-1294.039795,-0.000297,0.002753,0.069924,289.831146,14.764703,0.699237,-1294.039795,294.500488,0.000000
90.970001,65.167046,-1294.039795,-0.000302,0.002753,0.069924,289.877502,14.767064,0.699237,-1294.039795,294.500488,0.000000
90.980003,65.164803,-1294.084351,-0.000293,0.002753,0.069924,289.867523,14.766556,0.699237,-1294.084351,294.500488,0.000000
90.990005,65.165932,-1294.039795,-0.000302,0.002753,0.069924,289.872528,14.766811,0.699237,-1294.039795,294.500488,0.000000
91.000008,65.159599,-1294.039795,-0.000306,0.002753,0.069924,289.844360,14.765376,0.699237,-1294.039795,294.500488,0.000000
91.010002,65.152885,-1293.995361,-0.000293,0.002753,0.069924,289.814514,14.763855,0.699237,-1293.995361,294.500488,0.000000
91.020004,65.157356,-1293.995361,-0.000297,0.002753,0.069924,289.834381,14.764868,0.699237,-1293.995361,294.500488,0.000000
91.030006,65.170387,-1294.084351,-0.000297,0.002753,0.069924,289.892365,14.767821,0.699237,-1294.084351,294.500488,0.000000
91.040001,65.156242,-1294.128784,-0.000297,0.002753,0.069924,289.829437,14.764615,0.699237,-1294.128784,294.500488,0.000000
91.050003,65.155128,-1293.995361,-0.000302,0.002753,0.069924,289.824493,14.764363,0.699237,-1293.995361,294.500488,0.000000
91.060005,65.152519,-1294.039795,-0.000315,0.002753,0.069924,289.812866,14.763772,0.699237,-1294.039795,294.500488,0.000000
91.070007,65.163322,-1294.039795,-0.000302,0.002753,0.069924,289.860931,14.766220,0.699237,-1294.039795,294.500488,0.000000
91.080002,65.168907,-1293.995361,-0.000302,0.002753,0.069924,289.885773,14.767486,0.699237,-1293.995361,294.500488,0.000000
91.090004,65.165932,-1294.084351,-0.000293,0.002753,0.069924,289.872528,14.766811,0.699237,-1294.084351,294.500488,0.000000
91.100006,65.155128,-1294.039795,-0.000310,0.002753,0.069924,289.824493,14.764363,0.699237,-1294.039795,294.500488,0.000000
91.110001,65.151772,-1294.084351,-0.000297,0.002753,0.069924,289.809540,14.763602,0.699237,-1294.084351,294.500488,0.000000
91.120003,65.163689,-1294.039795,-0.000306,0.002753,0.069924,289.862549,14.766303,0.699237,-1294.039795,294.500488,0.000000
91.130005,65.167793,-1293.995361,-0.000289,0.002753,0.069924,289.880829,14.767234,0.699237,-1293.995361,294.500488,0.000000
91.140007,65.150291,-1294.128784,-0.000306,0.002753,0.069924,289.802979,14.763268,0.699237,-1294.128784,294.500488,0.000000
91.150002,65.154381,-1293.950806,-0.000293,0.002753,0.069924,289.821167,14.764194,0.699237,-1293.950806,294.500488,0.000000
91.160004,65.157738,-1294.084351,-0.000310,0.002753,0.069924,289.836090,14.764955,0.699237,-1294.084351,294.500488,0.000000
91.170006,65.162209,-1293.995361,-0.000289,0.002753,0.069924,289.855988,14.765968,0.699237,-1293.995361,294.500488,0.000000
91.180008,65.149910,-1293.995361,-0.000285,0.002753,0.069924,289.801270,14.763181,0.699237,-1293.995361,294.500488,0.000000
91.190002,65.145439,-1294.084351,-0.000293,0.002753,0.069924,289.781372,14.762168,0.699237,-1294.084351,294.500488,0.000000
91.200005,65.159599,-1293.995361,-0.000285,0.002753,0.069924,289.844360,14.765376,0.699237,-1293.995361,294.500488,0.000000
91.210007,65.167793,-1294.039795,-0.000289,0.002753,0.069924,289.880829,14.767234,0.699237,-1294.039795,294.500488,0.000000
91.220001,65.159599,-1293.995361,-0.000310,0.002753,0.069924,289.844360,14.765376,0.699237,-1293.995361,294.500488,0.000000
91.230003,65.156624,-1293.950806,-0.000280,0.002753,0.069924,289.831146,14.764703,0.699237,-1293.950806,294.500488,0.000000
91.240005,65.148796,-1294.039795,-0.000297,0.002753,0.069924,289.796326,14.762929,0.699237,-1294.039795,294.500488,0.000000
91.250008,65.151024,-1293.995361,-0.000302,0.002753,0.069924,289.806213,14.763433,0.699237,-1293.995361,294.500488,0.000000
91.260002,65.154015,-1294.084351,-0.000297,0.002753,0.069924,289.819519,14.764111,0.699237,-1294.084351,294.500488,0.000000
91.270004,65.154747,-1293.995361,-0.000310,0.002753,0.069924,289.822784,14.764277,0.699237,-1293.995361,294.500488,0.000000
91.280006,65.144325,-1294.039795,-0.000289,0.002753,0.069924,289.776428,14.761915,0.699237,-1294.039795,294.500488,0.000000
91.290001,65.146187,-1294.039795,-0.000293,0.002753,0.069924,289.784698,14.762337,0.699237,-1294.039795,294.500488,0.000000
91.300003,65.145073,-1293.995361,-0.000302,0.002753,0.069924,289.779755,14.762084,0.699237,-1293.995361,294.500488,0.000000
91.310005,65.143578,-1294.039795,-0.000302,0.002753,0.069924,289.773102,14.761745,0.699237,-1294.039795,294.500488,0.000000
91.320007,65.139488,-1293.995361,-0.000293,0.002753,0.069924,289.754913,14.760818,0.699237,-1293.995361,294.500488,0.000000
91.330002,65.139488,-1294.039795,-0.000302,0.002753,0.069924,289.754913,14.760818,0.699237,-1294.039795,294.500488,0.000000
91.340004,65.144325,-1294.039795,-0.000293,0.002753,0.069924,289.776428,14.761915,0.699237,-1294.039795,294.500488,0.000000
91.350006,65.143578,-1293.995361,-0.000297,0.002753,0.069924,289.773102,14.761745,0.699237,-1293.995361,294.500488,0.000000
91.360001,65.144325,-1294.084351,-0.000285,0.002753,0.069924,289.776428,14.761915,0.699237,-1294.084351,294.500488,0.000000
91.370003,65.142464,-1294.039795,-0.000302,0.002753,0.069924,289.768158,14.761494,0.699237,-1294.039795,294.500488,0.000000
91.380005,65.150291,-1293.995361,-0.000297,0.002753,0.069924,289.802979,14.763268,0.699237,-1293.995361,294.500488,0.000000
91.390007,65.142097,-1294.039795,-0.000302,0.002753,0.069924,289.766510,14.761411,0.699237,-1294.039795,294.500488,0.000000
91.400002,65.135765,-1293.995361,-0.000297,0.002753,0.069924,289.738342,14.759975,0.699237,-1293.995361,294.500488,0.000000
91.410004,65.132790,-1293.995361,-0.000297,0.002753,0.069924,289.725128,14.759300,0.699237,-1293.995361,294.500488,0.000000
91.420006,65.142097,-1293.995361,-0.000306,0.002753,0.069924,289.766510,14.761411,0.699237,-1293.995361,294.500488,0.000000
91.430008,65.142097,-1294.039795,-0.000289,0.002753,0.069924,289.766510,14.761411,0.699237,-1294.039795,294.500488,0.000000
91.440002,65.133522,-1294.039795,-0.000310,0.002753,0.069924,289.728363,14.759467,0.699237,-1294.039795,294.500488,0.000000
91.450005,65.127205,-1293.995361,-0.000293,0.002753,0.069924,289.700287,14.758035,0.699237,-1293.995361,294.500488,0.000000
91.460007,65.129433,-1294.039795,-0.000297,0.002753,0.069924,289.710175,14.758540,0.699237,-1294.039795,294.500488,0.000000
91.470001,65.139488,-1293.995361,-0.000306,0.002753,0.069924,289.754913,14.760818,0.699237,-1293.995361,294.500488,0.000000
91.480003,65.146187,-1294.084351,-0.000289,0.002753,0.069924,289.784698,14.762337,0.699237,-1294.084351,294.500488,0.000000
91.490005,65.138374,-1293.995361,-0.000306,0.002753,0.069924,289.749969,14.760567,0.699237,-1293.995361,294.500488,0.000000
91.500008,65.145073,-1294.039795,-0.000297,0.002753,0.069924,289.779755,14.762084,0.699237,-1294.039795,294.500488,0.000000
91.510002,65.134270,-1294.039795,-0.000302,0.002753,0.069924,289.731689,14.759637,0.699237,-1294.039795,294.500488,0.000000
91.520004,65.137260,-1293.995361,-0.000306,0.002753,0.069924,289.744995,14.760314,0.699237,-1293.995361,294.500488,0.000000
91.530006,65.137260,-1294.039795,-0.000302,0.002753,0.069924,289.744995,14.760314,0.699237,-1294.039795,294.500488,0.000000
91.540001,65.134270,-1294.128784,-0.000297,0.002753,0.069924,289.731689,14.759637,0.699237,-1294.128784,294.500488,0.000000
91.550003,65.138374,-1293.950806,-0.000293,0.002753,0.069924,289.749969,14.760567,0.699237,-1293.950806,294.500488,0.000000
91.560005,65.129433,-1294.128784,-0.000302,0.002753,0.069924,289.710175,14.758540,0.699237,-1294.128784,294.500488,0.000000
91.570007,65.124962,-1293.950806,-0.000297,0.002753,0.069924,289.690308,14.757527,0.699237,-1293.950806,294.500488,0.000000
91.580002,65.113426,-1293.995361,-0.000289,0.002753,0.069924,289.638977,14.754913,0.699237,-1293.995361,294.500488,0.000000
91.590004,65.119377,-1293.995361,-0.000302,0.002753,0.069924,289.665466,14.756262,0.699237,-1293.995361,294.500488,0.000000
91.600006,65.124214,-1293.950806,-0.000293,0.002753,0.069924,289.686981,14.757359,0.699237,-1293.950806,294.500488,0.000000
91.610001,65.123482,-1294.128784,-0.000297,0.002753,0.069924,289.683716,14.757192,0.699237,-1294.128784,294.500488,0.000000
91.620003,65.121239,-1293.950806,-0.000310,0.002753,0.069924,289.673737,14.756683,0.699237,-1293.950806,294.500488,0.000000
91.630005,65.116768,-1294.084351,-0.000285,0.002753,0.069924,289.653839,14.755671,0.699237,-1294.084351,294.500488,0.000000
91.640007,65.120125,-1294.084351,-0.000302,0.002753,0.069924,289.668793,14.756431,0.699237,-1294.084351,294.500488,0.000000
91.650002,65.116020,-1293.950806,-0.000302,0.002753,0.069924,289.650513,14.755501,0.699237,-1293.950806,294.500488,0.000000
91.660004,65.121620,-1294.039795,-0.000289,0.002753,0.069924,289.675446,14.756769,0.699237,-1294.039795,294.500488,0.000000
91.670006,65.116020,-1293.950806,-0.000289,0.002753,0.069924,289.650513,14.755501,0.699237,-1293.950806,294.500488,0.000000
91.680008,65.120872,-1293.995361,-0.000297,0.002753,0.069924,289.672119,14.756600,0.699237,-1293.995361,294.500488,0.000000
91.690002,65.120125,-1293.995361,-0.000297,0.002753,0.069924,289.668793,14.756431,0.699237,-1293.995361,294.500488,0.000000
91.700005,65.120872,-1293.995361,-0.000297,0.002753,0.069924,289.672119,14.756600,0.699237,-1293.995361,294.500488,0.000000
91.710007,65.110435,-1294.084351,-0.000289,0.002753,0.069924,289.625671,14.754235,0.699237,-1294.084351,294.500488,0.000000
91.720001,65.116020,-1294.039795,-0.000297,0.002753,0.069924,289.650513,14.755501,0.699237,-1294.039795,294.500488,0.000000
91.730003,65.114906,-1293.950806,-0.000289,0.002753,0.069924,289.645569,14.755248,0.699237,-1293.950806,294.500488,0.000000
91.740005,65.107841,-1294.084351,-0.000310,0.002753,0.069924,289.614136,14.753648,0.699237,-1294.084351,294.500488,0.000000
91.750008,65.107460,-1293.995361,-0.000293,0.002753,0.069924,289.612457,14.753561,0.699237,-1293.995361,294.500488,0.000000
91.760002,65.105980,-1294.039795,-0.000289,0.002753,0.069924,289.605865,14.753226,0.699237,-1294.039795,294.500488,0.000000
91.770004,65.116768,-1294.084351,-0.000315,0.002753,0.069924,289.653839,14.755671,0.699237,-1294.084351,294.500488,0.000000
91.780006,65.112297,-1293.995361,-0.000297,0.002753,0.069924,289.633972,14.754658,0.699237,-1293.995361,294.500488,0.000000
91.790001,65.104851,-1294.039795,-0.000297,0.002753,0.069924,289.600830,14.752970,0.699237,-1294.039795,294.500488,0.000000
91.800003,65.101128,-1293.950806,-0.000306,0.002753,0.069924,289.584290,14.752126,0.699237,-1293.950806,294.500488,0.000000
91.810005,65.094063,-1294.039795,-0.000297,0.002753,0.069924,289.552856,14.750525,0.699237,-1294.039795,294.500488,0.000000
91.820007,65.107841,-1293.950806,-0.000297,0.002753,0.069924,289.614136,14.753648,0.699237,-1293.950806,294.500488,0.000000
91.830002,65.110817,-1293.995361,-0.000297,0.002753,0.069924,289.627380,14.754322,0.699237,-1293.995361,294.500488,0.000000
91.840004,65.113045,-1294.084351,-0.000289,0.002753,0.069924,289.637299,14.754827,0.699237,-1294.084351,294.500488,0.000000
91.850006,65.107094,-1294.039795,-0.000306,0.002753,0.069924,289.610809,14.753479,0.699237,-1294.039795,294.500488,0.000000
91.860001,65.099648,-1294.084351,-0.000302,0.002753,0.069924,289.577698,14.751791,0.699237,-1294.084351,294.500488,0.000000
91.870003,65.107460,-1293.995361,-0.000306,0.002753,0.069924,289.612457,14.753561,0.699237,-1293.995361,294.500488,0.000000
91.880005,65.104851,-1293.995361,-0.000293,0.002753,0.069924,289.600830,14.752970,0.699237,-1293.995361,294.500488,0.000000
91.890007,65.107094,-1294.039795,-0.000297,0.002753,0.069924,289.610809,14.753479,0.699237,-1294.039795,294.500488,0.000000
91.900002,65.094429,-1294.039795,-0.000285,0.002753,0.069924,289.554474,14.750608,0.699237,-1294.039795,294.500488,0.000000
91.910004,65.104118,-1294.039795,-0.000293,0.002753,0.069924,289.597595,14.752804,0.699237,-1294.039795,294.500488,0.000000
91.920006,65.096657,-1293.995361,-0.000297,0.002753,0.069924,289.564392,14.751113,0.699237,-1293.995361,294.500488,0.000000
91.930008,65.095924,-1293.995361,-0.000289,0.002753,0.069924,289.561127,14.750948,0.699237,-1293.995361,294.500488,0.000000
91.940002,65.090340,-1294.039795,-0.000293,0.002753,0.069924,289.536285,14.749682,0.699237,-1294.039795,294.500488,0.000000
91.950005,65.095543,-1293.950806,-0.000293,0.002753,0.069924,289.559448,14.750860,0.699237,-1293.950806,294.500488,0.000000
91.960007,65.100014,-1294.084351,-0.000293,0.002753,0.069924,289.579315,14.751874,0.699237,-1294.084351,294.500488,0.000000
91.970001,65.101509,-1293.950806,-0.000310,0.002753,0.069924,289.585968,14.752213,0.699237,-1293.950806,294.500488,0.000000
91.980003,65.098534,-1293.995361,-0.000289,0.002753,0.069924,289.572754,14.751538,0.699237,-1293.995361,294.500488,0.000000
91.990005,65.103371,-1294.084351,-0.000289,0.002753,0.069924,289.594269,14.752634,0.699237,-1294.084351,294.500488,0.000000
92.000008,65.100761,-1293.950806,-0.000302,0.002753,0.069924,289.582642,14.752044,0.699237,-1293.950806,294.500488,0.000000
92.010002,65.088097,-1293.995361,-0.000302,0.002753,0.069924,289.526306,14.749174,0.699237,-1293.995361,294.500488,0.000000
92.020004,65.090706,-1293.995361,-0.000302,0.002753,0.069924,289.537933,14.749764,0.699237,-1293.995361,294.500488,0.000000
92.030006,65.089958,-1293.995361,-0.000297,0.002753,0.069924,289.534607,14.749595,0.699237,-1293.995361,294.500488,0.000000
92.040001,65.085869,-1294.039795,-0.000297,0.002753,0.069924,289.516418,14.748669,0.699237,-1294.039795,294.500488,0.000000
92.050003,65.088097,-1293.950806,-0.000297,0.002753,0.069924,289.526306,14.749174,0.699237,-1293.950806,294.500488,0.000000
92.060005,65.085869,-1294.039795,-0.000289,0.002753,0.069924,289.516418,14.748669,0.699237,-1294.039795,294.500488,0.000000
92.070007,65.092567,-1294.084351,-0.000297,0.002753,0.069924,289.546204,14.750187,0.699237,-1294.084351,294.500488,0.000000
92.080002,65.097038,-1294.039795,-0.000285,0.002753,0.069924,289.566101,14.751200,0.699237,-1294.039795,294.500488,0.000000
92.090004,65.098534,-1294.084351,-0.000306,0.002753,0.069924,289.572754,14.751538,0.699237,-1294.084351,294.500488,0.000000
92.100006,65.101875,-1293.995361,-0.000310,0.002753,0.069924,289.587616,14.752295,0.699237,-1293.995361,294.500488,0.000000
92.110001,65.094795,-1294.084351,-0.000289,0.002753,0.069924,289.556122,14.750691,0.699237,-1294.084351,294.500488,0.000000
92.120003,65.086235,-1293.995361,-0.000293,0.002753,0.069924,289.518036,14.748752,0.699237,-1293.995361,294.500488,0.000000
92.130005,65.084755,-1294.084351,-0.000285,0.002753,0.069924,289.511444,14.748417,0.699237,-1294.084351,294.500488,0.000000
92.140007,65.072456,-1294.039795,-0.000289,0.002753,0.069924,289.456757,14.745629,0.699237,-1294.039795,294.500488,0.000000
92.150002,65.079903,-1293.995361,-0.000297,0.002753,0.069924,289.489868,14.747316,0.699237,-1293.995361,294.500488,0.000000
92.160004,65.084373,-1294.039795,-0.000302,0.002753,0.069924,289.509766,14.748329,0.699237,-1294.039795,294.500488,0.000000
92.170006,65.078789,-1293.950806,-0.000302,0.002753,0.069924,289.484924,14.747064,0.699237,-1293.950806,294.500488,0.000000
92.180008,65.079903,-1293.995361,-0.000289,0.002753,0.069924,289.489868,14.747316,0.699237,-1293.995361,294.500488,0.000000
92.190002,65.081032,-1294.039795,-0.000293,0.002753,0.069924,289.494873,14.747572,0.699237,-1294.039795,294.500488,0.000000
92.200005,65.069847,-1293.950806,-0.000293,0.002753,0.069924,289.445129,14.745038,0.699237,-1293.950806,294.500488,0.000000
92.210007,65.079170,-1294.039795,-0.000306,0.002753,0.069924,289.486603,14.747151,0.699237,-1294.039795,294.500488,0.000000
92.220001,65.075813,-1294.039795,-0.000302,0.002753,0.069924,289.471680,14.746390,0.699237,-1294.039795,294.500488,0.000000
92.230003,65.078041,-1294.084351,-0.000289,0.002753,0.069924,289.481598,14.746895,0.699237,-1294.084351,294.500488,0.000000
92.240005,65.068733,-1293.995361,-0.000306,0.002753,0.069924,289.440186,14.744785,0.699237,-1293.995361,294.500488,0.000000
92.250008,65.070229,-1293.995361,-0.000306,0.002753,0.069924,289.446838,14.745125,0.699237,-1293.995361,294.500488,0.000000
92.260002,65.070595,-1294.084351,-0.000293,0.002753,0.069924,289.448456,14.745208,0.699237,-1294.084351,294.500488,0.000000
92.270004,65.070595,-1293.995361,-0.000297,0.002753,0.069924,289.448456,14.745208,0.699237,-1293.995361,294.500488,0.000000
92.280006,65.063148,-1294.039795,-0.000293,0.002753,0.069924,289.415344,14.743520,0.699237,-1294.039795,294.500488,0.000000
92.290001,65.058311,-1294.084351,-0.000285,0.002753,0.069924,289.393829,14.742424,0.699237,-1294.084351,294.500488,0.000000
92.300003,65.070976,-1293.995361,-0.000306,0.002753,0.069924,289.450165,14.745294,0.699237,-1293.995361,294.500488,0.000000
92.310005,65.061668,-1294.084351,-0.000302,0.002753,0.069924,289.408752,14.743185,0.699237,-1294.084351,294.500488,0.000000
92.320007,65.077293,-1293.995361,-0.000289,0.002753,0.069924,289.478271,14.746725,0.699237,-1293.995361,294.500488,0.000000
92.330002,65.064644,-1294.039795,-0.000293,0.002753,0.069924,289.421997,14.743859,0.699237,-1294.039795,294.500488,0.000000
92.340004,65.057945,-1294.128784,-0.000297,0.002753,0.069924,289.392181,14.742341,0.699237,-1294.128784,294.500488,0.000000
92.350006,65.067253,-1293.995361,-0.000297,0.002753,0.069924,289.433594,14.744451,0.699237,-1293.995361,294.500488,0.000000
92.360001,65.069115,-1294.084351,-0.000293,0.002753,0.069924,289.441864,14.744872,0.699237,-1294.084351,294.500488,0.000000
92.370003,65.061287,-1294.039795,-0.000297,0.002753,0.069924,289.407043,14.743098,0.699237,-1294.039795,294.500488,0.000000
92.380005,65.060921,-1294.039795,-0.000297,0.002753,0.069924,289.405426,14.743015,0.699237,-1294.039795,294.500488,0.000000
92.390007,65.065758,-1294.128784,-0.000293,0.002753,0.069924,289.426941,14.744112,0.699237,-1294.128784,294.500488,0.000000
92.400002,65.061668,-1294.039795,-0.000306,0.002753,0.069924,289.408752,14.743185,0.699237,-1294.039795,294.500488,0.000000
92.410004,65.066872,-1293.995361,-0.000302,0.002753,0.069924,289.431915,14.744364,0.699237,-1293.995361,294.500488,0.000000
92.420006,65.060539,-1294.039795,-0.000297,0.002753,0.069924,289.403748,14.742929,0.699237,-1294.039795,294.500488,0.000000
92.430008,65.059425,-1294.039795,-0.000293,0.002753,0.069924,289.398773,14.742677,0.699237,-1294.039795,294.500488,0.000000
92.440002,65.070229,-1294.084351,-0.000297,0.002753,0.069924,289.446838,14.745125,0.699237,-1294.084351,294.500488,0.000000
92.450005,65.060921,-1294.039795,-0.000306,0.002753,0.069924,289.405426,14.743015,0.699237,-1294.039795,294.500488,0.000000
92.460007,65.052727,-1294.039795,-0.000293,0.002753,0.069924,289.368988,14.741158,0.699237,-1294.039795,294.500488,0.000000
92.470001,65.047890,-1293.995361,-0.000302,0.002753,0.069924,289.347473,14.740063,0.699237,-1293.995361,294.500488,0.000000
92.480003,65.062035,-1293.950806,-0.000289,0.002753,0.069924,289.410370,14.743267,0.699237,-1293.950806,294.500488,0.000000
92.490005,65.056816,-1294.039795,-0.000306,0.002753,0.069924,289.387177,14.742085,0.699237,-1294.039795,294.500488,0.000000
92.500008,65.059425,-1293.995361,-0.000293,0.002753,0.069924,289.398773,14.742677,0.699237,-1293.995361,294.500488,0.000000
92.510002,65.049751,-1294.084351,-0.000302,0.002753,0.069924,289.355743,14.740485,0.699237,-1294.084351,294.500488,0.000000
92.520004,65.055702,-1293.995361,-0.000293,0.002753,0.069924,289.382202,14.741833,0.699237,-1293.995361,294.500488,0.000000
92.530006,65.058311,-1294.039795,-0.000297,0.002753,0.069924,289.393829,14.742424,0.699237,-1294.039795,294.500488,0.000000
92.540001,65.057198,-1294.039795,-0.000289,0.002753,0.069924,289.388855,14.742171,0.699237,-1294.039795,294.500488,0.000000
92.550003,65.046761,-1294.039795,-0.000293,0.002753,0.069924,289.342438,14.739807,0.699237,-1294.039795,294.500488,0.000000
92.560005,65.051613,-1294.039795,-0.000280,0.002753,0.069924,289.364014,14.740906,0.699237,-1294.039795,294.500488,0.000000
92.570007,65.052727,-1293.995361,-0.000297,0.002753,0.069924,289.368988,14.741158,0.699237,-1293.995361,294.500488,0.000000
92.580002,65.055702,-1293.995361,-0.000302,0.002753,0.069924,289.382202,14.741833,0.699237,-1293.995361,294.500488,0.000000
92.590004,65.047142,-1294.039795,-0.000293,0.002753,0.069924,289.344147,14.739893,0.699237,-1294.039795,294.500488,0.000000
92.600006,65.049751,-1293.995361,-0.000293,0.002753,0.069924,289.355743,14.740485,0.699237,-1293.995361,294.500488,0.000000
92.610001,65.044533,-1294.084351,-0.000289,0.002753,0.069924,289.332520,14.739302,0.699237,-1294.084351,294.500488,0.000000
92.620003,65.056068,-1294.039795,-0.000302,0.002753,0.069924,289.383850,14.741916,0.699237,-1294.039795,294.500488,0.000000
92.630005,65.058311,-1293.995361,-0.000289,0.002753,0.069924,289.393829,14.742424,0.699237,-1293.995361,294.500488,0.000000
92.640007,65.048622,-1294.039795,-0.000297,0.002753,0.069924,289.350708,14.740228,0.699237,-1294.039795,294.500488,0.000000
92.650002,65.055702,-1293.995361,-0.000293,0.002753,0.069924,289.382202,14.741833,0.699237,-1293.995361,294.500488,0.000000
92.660004,65.043419,-1294.128784,-0.000297,0.002753,0.069924,289.327576,14.739050,0.699237,-1294.128784,294.500488,0.000000
92.670006,65.046761,-1293.995361,-0.000293,0.002753,0.069924,289.342438,14.739807,0.699237,-1293.995361,294.500488,0.000000
92.680008,65.038948,-1294.039795,-0.000302,0.002753,0.069924,289.307678,14.738036,0.699237,-1294.039795,294.500488,0.000000
92.690002,65.036339,-1294.039795,-0.000302,0.002753,0.069924,289.296082,14.737446,0.699237,-1294.039795,294.500488,0.000000
92.700005,65.040810,-1293.950806,-0.000297,0.002753,0.069924,289.315979,14.738459,0.699237,-1293.950806,294.500488,0.000000
92.710007,65.045280,-1294.039795,-0.000297,0.002753,0.069924,289.335846,14.739471,0.699237,-1294.039795,294.500488,0.000000
92.720001,65.047890,-1293.995361,-0.000293,0.002753,0.069924,289.347473,14.740063,0.699237,-1293.995361,294.500488,0.000000
92.730003,65.043785,-1294.039795,-0.000285,0.002753,0.069924,289.329193,14.739132,0.699237,-1294.039795,294.500488,0.000000
92.740005,65.039696,-1293.995361,-0.000297,0.002753,0.069924,289.311005,14.738206,0.699237,-1293.995361,294.500488,0.000000
92.750008,65.043419,-1293.995361,-0.000310,0.002753,0.069924,289.327576,14.739050,0.699237,-1293.995361,294.500488,0.000000
92.760002,65.051231,-1294.039795,-0.000310,0.002753,0.069924,289.362335,14.740820,0.699237,-1294.039795,294.500488,0.000000
92.770004,65.042671,-1294.039795,-0.000297,0.002753,0.069924,289.324249,14.738880,0.699237,-1294.039795,294.500488,0.000000
92.780006,65.040443,-1294.084351,-0.000293,0.002753,0.069924,289.314331,14.738375,0.699237,-1294.084351,294.500488,0.000000
92.790001,65.041557,-1294.039795,-0.000293,0.002753,0.069924,289.319305,14.738627,0.699237,-1294.039795,294.500488,0.000000
92.800003,65.039314,-1293.995361,-0.000306,0.002753,0.069924,289.309326,14.738119,0.699237,-1293.995361,294.500488,0.000000
92.810005,65.041557,-1294.084351,-0.000297,0.002753,0.069924,289.319305,14.738627,0.699237,-1294.084351,294.500488,0.000000
92.820007,65.041557,-1294.039795,-0.000297,0.002753,0.069924,289.319305,14.738627,0.699237,-1294.039795,294.500488,0.000000
92.830002,65.031868,-1294.039795,-0.000289,0.002753,0.069924,289.276184,14.736432,0.699237,-1294.039795,294.500488,0.000000
92.840004,65.049751,-1294.039795,-0.000297,0.002753,0.069924,289.355743,14.740485,0.699237,-1294.039795,294.500488,0.000000
92.850006,65.044533,-1293.995361,-0.000310,0.002753,0.069924,289.332520,14.739302,0.699237,-1293.995361,294.500488,0.000000
92.860001,65.029640,-1294.039795,-0.000285,0.002753,0.069924,289.266296,14.735928,0.699237,-1294.039795,294.500488,0.000000
92.870003,65.028145,-1293.950806,-0.000297,0.002753,0.069924,289.259644,14.735588,0.699237,-1293.950806,294.500488,0.000000
92.880005,65.018471,-1294.039795,-0.000297,0.002753,0.069924,289.216614,14.733397,0.699237,-1294.039795,294.500488,0.000000
92.890007,65.036705,-1294.084351,-0.000293,0.002753,0.069924,289.297699,14.737528,0.699237,-1294.084351,294.500488,0.000000
92.900002,65.030006,-1293.950806,-0.000293,0.002753,0.069924,289.267914,14.736011,0.699237,-1293.950806,294.500488,0.000000
92.910004,65.031868,-1294.039795,-0.000289,0.002753,0.069924,289.276184,14.736432,0.699237,-1294.039795,294.500488,0.000000
92.920006,65.034111,-1293.950806,-0.000306,0.002753,0.069924,289.286163,14.736940,0.699237,-1293.950806,294.500488,0.000000
92.930008,65.035225,-1293.995361,-0.000302,0.002753,0.069924,289.291138,14.737193,0.699237,-1293.995361,294.500488,0.000000
92.940002,65.024803,-1293.995361,-0.000302,0.002753,0.069924,289.244781,14.734831,0.699237,-1293.995361,294.500488,0.000000
92.950005,65.019585,-1294.039795,-0.000297,0.002753,0.069924,289.221558,14.733649,0.699237,-1294.039795,294.500488,0.000000
92.960007,65.031120,-1294.084351,-0.000285,0.002753,0.069924,289.272858,14.736262,0.699237,-1294.084351,294.500488,0.000000
92.970001,65.026665,-1293.950806,-0.000310,0.002753,0.069924,289.253052,14.735253,0.699237,-1293.950806,294.500488,0.000000
92.980003,65.023674,-1294.039795,-0.000293,0.002753,0.069924,289.239746,14.734575,0.699237,-1294.039795,294.500488,0.000000
92.990005,65.018089,-1294.084351,-0.000306,0.002753,0.069924,289.214905,14.733310,0.699237,-1294.084351,294.500488,0.000000
93.000008,65.021446,-1293.950806,-0.000293,0.002753,0.069924,289.229828,14.734070,0.699237,-1293.950806,294.500488,0.000000
93.010002,65.026283,-1294.084351,-0.000285,0.002753,0.069924,289.251343,14.735167,0.699237,-1294.084351,294.500488,0.000000
93.020004,65.024422,-1294.039795,-0.000293,0.002753,0.069924,289.243073,14.734745,0.699237,-1294.039795,294.500488,0.000000
93.030006,65.021812,-1294.084351,-0.000297,0.002753,0.069924,289.231476,14.734154,0.699237,-1294.084351,294.500488,0.000000
93.040001,65.016228,-1294.039795,-0.000306,0.002753,0.069924,289.206635,14.732888,0.699237,-1294.039795,294.500488,0.000000
93.050003,65.022560,-1294.084351,-0.000293,0.002753,0.069924,289.234802,14.734323,0.699237,-1294.084351,294.500488,0.000000
93.060005,65.010277,-1294.084351,-0.000285,0.002753,0.069924,289.180145,14.731539,0.699237,-1294.084351,294.500488,0.000000
93.070007,65.015114,-1293.995361,-0.000293,0.002753,0.069924,289.201660,14.732635,0.699237,-1293.995361,294.500488,0.000000
93.080002,65.016975,-1293.950806,-0.000289,0.002753,0.069924,289.209961,14.733057,0.699237,-1293.950806,294.500488,0.000000
93.090004,65.001335,-1294.084351,-0.000297,0.002755,0.069968,289.140381,14.729513,0.699676,-1294.084351,294.500488,0.000000
93.100006,65.013618,-1294.039795,-0.000302,0.002756,0.070002,289.195007,14.732296,0.700024,-1294.039795,294.500488,0.000000
93.110001,65.039696,-1293.995361,-0.000306,0.002757,0.070037,289.311005,14.738206,0.700372,-1293.995361,294.500488,0.000000
93.120003,65.076561,-1294.039795,-0.000315,0.002759,0.070089,289.475006,14.746559,0.700887,-1294.039795,294.500488,0.000000
93.130005,65.205025,-1293.995361,-0.000297,0.002760,0.070098,290.046448,14.775670,0.700978,-1293.995361,294.500488,0.000000
93.140007,65.321953,-1294.039795,-0.000306,0.002760,0.070098,290.566559,14.802166,0.700978,-1294.039795,294.500488,0.000000
93.150002,65.366631,-1294.039795,-0.000297,0.002760,0.070098,290.765289,14.812291,0.700978,-1294.039795,294.500488,0.000000
93.160004,65.384880,-1294.084351,-0.000302,0.002760,0.070098,290.846466,14.816426,0.700978,-1294.084351,294.500488,0.000000
93.170006,65.405739,-1293.950806,-0.000293,0.002760,0.070098,290.939270,14.821152,0.700978,-1293.950806,294.500488,0.000000
93.180008,65.423973,-1293.995361,-0.000280,0.002760,0.070098,291.020355,14.825285,0.700978,-1293.995361,294.500488,0.000000
93.190002,65.452278,-1294.084351,-0.000302,0.002760,0.070098,291.146271,14.831698,0.700978,-1294.084351,294.500488,0.000000
93.200005,65.472389,-1293.995361,-0.000297,0.002760,0.070098,291.235718,14.836256,0.700978,-1293.995361,294.500488,0.000000
93.210007,65.487282,-1293.995361,-0.000297,0.002760,0.070098,291.301971,14.839630,0.700978,-1293.995361,294.500488,0.000000
93.220001,65.492500,-1294.039795,-0.000293,0.002760,0.070098,291.325195,14.840813,0.700978,-1294.039795,294.500488,0.000000
93.230003,65.497704,-1294.039795,-0.000285,0.002760,0.070098,291.348328,14.841991,0.700978,-1294.039795,294.500488,0.000000
93.240005,65.496223,-1293.995361,-0.000297,0.002760,0.070098,291.341766,14.841657,0.700978,-1293.995361,294.500488,0.000000
93.250008,65.499947,-1293.995361,-0.000293,0.002760,0.070098,291.358307,14.842500,0.700978,-1293.995361,294.500488,0.000000
93.260002,65.502556,-1294.084351,-0.000285,0.002760,0.070098,291.369934,14.843092,0.700978,-1294.084351,294.500488,0.000000
93.270004,65.521919,-1294.039795,-0.000297,0.002760,0.070098,291.456055,14.847479,0.700978,-1294.039795,294.500488,0.000000
93.280006,65.523399,-1294.084351,-0.000285,0.002760,0.070098,291.462646,14.847815,0.700978,-1294.084351,294.500488,0.000000
93.290001,65.528252,-1293.995361,-0.000302,0.002760,0.070098,291.484222,14.848913,0.700978,-1293.995361,294.500488,0.000000
93.300003,65.526375,-1293.950806,-0.000293,0.002760,0.070098,291.475861,14.848489,0.700978,-1293.950806,294.500488,0.000000
93.310005,65.531593,-1294.039795,-0.000280,0.002760,0.070098,291.499084,14.849671,0.700978,-1294.039795,294.500488,0.000000
93.320007,65.539421,-1293.950806,-0.000302,0.002760,0.070098,291.533905,14.851445,0.700978,-1293.950806,294.500488,0.000000
93.330002,65.542397,-1293.995361,-0.000297,0.002760,0.070098,291.547150,14.852119,0.700978,-1293.995361,294.500488,0.000000
93.340004,65.543877,-1294.039795,-0.000297,0.002760,0.070098,291.553711,14.852454,0.700978,-1294.039795,294.500488,0.000000
93.350006,65.550209,-1293.995361,-0.000297,0.002760,0.070098,291.581879,14.853889,0.700978,-1293.995361,294.500488,0.000000
93.360008,65.547234,-1294.084351,-0.000289,0.002760,0.070098,291.568665,14.853215,0.700978,-1294.084351,294.500488,0.000000
93.370003,65.558784,-1293.950806,-0.000297,0.002760,0.070098,291.620026,14.855833,0.700978,-1293.950806,294.500488,0.000000
93.380005,65.546120,-1293.995361,-0.000297,0.002760,0.070098,291.563690,14.852962,0.700978,-1293.995361,294.500488,0.000000
93.390007,65.544258,-1294.039795,-0.000302,0.002760,0.070098,291.555420,14.852542,0.700978,-1294.039795,294.500488,0.000000
93.400002,65.545738,-1293.995361,-0.000289,0.002760,0.070098,291.562012,14.852877,0.700978,-1293.995361,294.500488,0.000000
93.410004,65.559898,-1293.995361,-0.000293,0.002760,0.070098,291.625000,14.856086,0.700978,-1293.995361,294.500488,0.000000
93.420006,65.561012,-1293.995361,-0.000289,0.002760,0.070098,291.629944,14.856339,0.700978,-1293.995361,294.500488,0.000000
93.430008,65.555428,-1293.995361,-0.000297,0.002760,0.070098,291.605103,14.855073,0.700978,-1293.995361,294.500488,0.000000
93.440002,65.552818,-1294.039795,-0.000289,0.002760,0.070098,291.593506,14.854481,0.700978,-1294.039795,294.500488,0.000000
93.450005,65.555061,-1293.906372,-0.000297,0.002760,0.070098,291.603485,14.854989,0.700978,-1293.906372,294.500488,0.000000
93.460007,65.563622,-1294.084351,-0.000289,0.002760,0.070098,291.641541,14.856929,0.700978,-1294.084351,294.500488,0.000000
93.470001,65.565483,-1294.039795,-0.000293,0.002760,0.070098,291.649841,14.857351,0.700978,-1294.039795,294.500488,0.000000
93.480003,65.556923,-1293.995361,-0.000302,0.002760,0.070098,291.611755,14.855412,0.700978,-1293.995361,294.500488,0.000000
93.490005,65.564369,-1294.084351,-0.000289,0.002760,0.070098,291.644867,14.857099,0.700978,-1294.084351,294.500488,0.000000
93.500008,65.565102,-1294.084351,-0.000293,0.002760,0.070098,291.648132,14.857265,0.700978,-1294.084351,294.500488,0.000000
93.510002,65.563988,-1294.084351,-0.000285,0.002760,0.070098,291.643188,14.857012,0.700978,-1294.084351,294.500488,0.000000
93.520004,65.568092,-1294.039795,-0.000306,0.002760,0.070098,291.661438,14.857943,0.700978,-1294.039795,294.500488,0.000000
93.530006,65.562874,-1293.995361,-0.000285,0.002760,0.070098,291.638214,14.856759,0.700978,-1293.995361,294.500488,0.000000
93.540001,65.563240,-1293.950806,-0.000306,0.002760,0.070098,291.639862,14.856842,0.700978,-1293.950806,294.500488,0.000000
93.550003,65.575905,-1293.995361,-0.000289,0.002760,0.070098,291.696198,14.859713,0.700978,-1293.995361,294.500488,0.000000
93.560005,65.563240,-1294.084351,-0.000293,0.002760,0.070098,291.639862,14.856842,0.700978,-1294.084351,294.500488,0.000000
93.570007,65.555794,-1293.950806,-0.000293,0.002760,0.070098,291.606720,14.855155,0.700978,-1293.950806,294.500488,0.000000
93.580002,65.562874,-1294.039795,-0.000280,0.002760,0.070098,291.638214,14.856759,0.700978,-1294.039795,294.500488,0.000000
93.590004,65.566597,-1294.039795,-0.000297,0.002760,0.070098,291.654785,14.857604,0.700978,-1294.039795,294.500488,0.000000
93.600006,65.557655,-1293.950806,-0.000289,0.002760,0.070098,291.615021,14.855577,0.700978,-1293.950806,294.500488,0.000000
93.610008,65.568092,-1294.039795,-0.000293,0.002760,0.070098,291.661438,14.857943,0.700978,-1294.039795,294.500488,0.000000
93.620003,65.582603,-1294.039795,-0.000297,0.002760,0.070098,291.725983,14.861231,0.700978,-1294.039795,294.500488,0.000000
93.630005,65.567345,-1293.950806,-0.000289,0.002760,0.070098,291.658112,14.857773,0.700978,-1293.950806,294.500488,0.000000
93.640007,65.564735,-1294.039795,-0.000293,0.002760,0.070098,291.646515,14.857182,0.700978,-1294.039795,294.500488,0.000000
93.650002,65.566963,-1293.950806,-0.000289,0.002760,0.070098,291.656433,14.857686,0.700978,-1293.950806,294.500488,0.000000
93.660004,65.563622,-1294.084351,-0.000289,0.002760,0.070098,291.641541,14.856929,0.700978,-1294.084351,294.500488,0.000000
93.670006,65.571815,-1293.995361,-0.000289,0.002760,0.070098,291.678009,14.858786,0.700978,-1293.995361,294.500488,0.000000
93.680008,65.573296,-1293.995361,-0.000285,0.002760,0.070098,291.684601,14.859120,0.700978,-1293.995361,294.500488,0.000000
93.690002,65.571434,-1294.039795,-0.000293,0.002760,0.070098,291.676300,14.858700,0.700978,-1294.039795,294.500488,0.000000
93.700005,65.565483,-1293.995361,-0.000297,0.002760,0.070098,291.649841,14.857351,0.700978,-1293.995361,294.500488,0.000000
93.710007,65.565102,-1294.128784,-0.000297,0.002760,0.070098,291.648132,14.857265,0.700978,-1294.128784,294.500488,0.000000
93.720001,65.572929,-1294.039795,-0.000302,0.002760,0.070098,291.682953,14.859038,0.700978,-1294.039795,294.500488,0.000000
93.730003,65.574791,-1294.084351,-0.000280,0.002760,0.070098,291.691223,14.859460,0.700978,-1294.084351,294.500488,0.000000
93.740005,65.566963,-1294.039795,-0.000297,0.002760,0.070098,291.656433,14.857686,0.700978,-1294.039795,294.500488,0.000000
93.750008,65.561760,-1293.995361,-0.000302,0.002760,0.070098,291.633270,14.856507,0.700978,-1293.995361,294.500488,0.000000
93.760002,65.571815,-1293.995361,-0.000289,0.002760,0.070098,291.678009,14.858786,0.700978,-1293.995361,294.500488,0.000000
93.770004,65.574425,-1294.039795,-0.000293,0.002760,0.070098,291.689606,14.859378,0.700978,-1294.039795,294.500488,0.000000
93.780006,65.571068,-1293.995361,-0.000289,0.002760,0.070098,291.674683,14.858616,0.700978,-1293.995361,294.500488,0.000000
93.790001,65.560646,-1294.084351,-0.000297,0.002760,0.070098,291.628326,14.856255,0.700978,-1294.084351,294.500488,0.000000
93.800003,65.569572,-1293.995361,-0.000293,0.002760,0.070098,291.668030,14.858277,0.700978,-1293.995361,294.500488,0.000000
93.810005,65.582603,-1294.084351,-0.000302,0.002760,0.070098,291.725983,14.861231,0.700978,-1294.084351,294.500488,0.000000
93.820007,65.569206,-1293.995361,-0.000293,0.002760,0.070098,291.666382,14.858194,0.700978,-1293.995361,294.500488,0.000000
93.830002,65.568092,-1294.039795,-0.000302,0.002760,0.070098,291.661438,14.857943,0.700978,-1294.039795,294.500488,0.000000
93.840004,65.569954,-1294.084351,-0.000297,0.002760,0.070098,291.669708,14.858364,0.700978,-1294.084351,294.500488,0.000000
93.850006,65.574791,-1293.950806,-0.000293,0.002760,0.070098,291.691223,14.859460,0.700978,-1293.950806,294.500488,0.000000
93.860008,65.576286,-1294.039795,-0.000297,0.002760,0.070098,291.697876,14.859798,0.700978,-1294.039795,294.500488,0.000000
93.870003,65.572182,-1293.995361,-0.000297,0.002760,0.070098,291.679626,14.858869,0.700978,-1293.995361,294.500488,0.000000
93.880005,65.564735,-1294.039795,-0.000285,0.002760,0.070098,291.646515,14.857182,0.700978,-1294.039795,294.500488,0.000000
93.890007,65.573677,-1294.084351,-0.000285,0.002760,0.070098,291.686279,14.859208,0.700978,-1294.084351,294.500488,0.000000
93.900002,65.574791,-1293.995361,-0.000293,0.002760,0.070098,291.691223,14.859460,0.700978,-1293.995361,294.500488,0.000000
93.910004,65.580009,-1293.950806,-0.000289,0.002760,0.070098,291.714447,14.860642,0.700978,-1293.950806,294.500488,0.000000
93.920006,65.565849,-1294.039795,-0.000297,0.002760,0.070098,291.651459,14.857434,0.700978,-1294.039795,294.500488,0.000000
93.930008,65.565483,-1293.995361,-0.000276,0.002760,0.070098,291.649841,14.857351,0.700978,-1293.995361,294.500488,0.000000
93.940002,65.566597,-1293.995361,-0.000285,0.002760,0.070098,291.654785,14.857604,0.700978,-1293.995361,294.500488,0.000000
93.950005,65.567345,-1294.039795,-0.000293,0.002760,0.070098,291.658112,14.857773,0.700978,-1294.039795,294.500488,0.000000
93.960007,65.569954,-1293.995361,-0.000289,0.002760,0.070098,291.669708,14.858364,0.700978,-1293.995361,294.500488,0.000000
93.970001,65.566597,-1293.995361,-0.000310,0.002760,0.070098,291.654785,14.857604,0.700978,-1293.995361,294.500488,0.000000
93.980003,65.574043,-1293.950806,-0.000280,0.002760,0.070098,291.687927,14.859290,0.700978,-1293.950806,294.500488,0.000000
93.990005,65.568092,-1294.084351,-0.000289,0.002760,0.070098,291.661438,14.857943,0.700978,-1294.084351,294.500488,0.000000
94.000008,65.576286,-1293.995361,-0.000289,0.002760,0.070098,291.697876,14.859798,0.700978,-1293.995361,294.500488,0.000000
94.010002,65.566963,-1294.039795,-0.000289,0.002760,0.070098,291.656433,14.857686,0.700978,-1294.039795,294.500488,0.000000
94.020004,65.565849,-1294.039795,-0.000289,0.002760,0.070098,291.651459,14.857434,0.700978,-1294.039795,294.500488,0.000000
94.030006,65.578148,-1294.084351,-0.000289,0.002760,0.070098,291.706177,14.860221,0.700978,-1294.084351,294.500488,0.000000
94.040001,65.571815,-1294.084351,-0.000297,0.002760,0.070098,291.678009,14.858786,0.700978,-1294.084351,294.500488,0.000000
94.050003,65.569572,-1293.950806,-0.000302,0.002760,0.070098,291.668030,14.858277,0.700978,-1293.950806,294.500488,0.000000
94.060005,65.569206,-1294.084351,-0.000293,0.002760,0.070098,291.666382,14.858194,0.700978,-1294.084351,294.500488,0.000000
94.070007,65.561760,-1294.039795,-0.000302,0.002760,0.070098,291.633270,14.856507,0.700978,-1294.039795,294.500488,0.000000
94.080002,65.562874,-1294.039795,-0.000302,0.002760,0.070098,291.638214,14.856759,0.700978,-1294.039795,294.500488,0.000000
94.090004,65.568840,-1294.039795,-0.000297,0.002760,0.070098,291.664764,14.858112,0.700978,-1294.039795,294.500488,0.000000
94.100006,65.563240,-1293.995361,-0.000302,0.002760,0.070098,291.639862,14.856842,0.700978,-1293.995361,294.500488,0.000000
94.110008,65.566963,-1294.039795,-0.000302,0.002760,0.070098,291.656433,14.857686,0.700978,-1294.039795,294.500488,0.000000
94.120003,65.567345,-1293.950806,-0.000289,0.002760,0.070098,291.658112,14.857773,0.700978,-1293.950806,294.500488,0.000000
94.130005,65.579628,-1294.039795,-0.000289,0.002760,0.070098,291.712769,14.860556,0.700978,-1294.039795,294.500488,0.000000
94.140007,65.561012,-1294.039795,-0.000297,0.002760,0.070098,291.629944,14.856339,0.700978,-1294.039795,294.500488,0.000000
94.150002,65.566963,-1293.995361,-0.000285,0.002760,0.070098,291.656433,14.857686,0.700978,-1293.995361,294.500488,0.000000
94.160004,65.566963,-1293.995361,-0.000285,0.002760,0.070098,291.656433,14.857686,0.700978,-1293.995361,294.500488,0.000000
94.170006,65.559898,-1293.995361,-0.000280,0.002760,0.070098,291.625000,14.856086,0.700978,-1293.995361,294.500488,0.000000
94.180008,65.574043,-1293.950806,-0.000302,0.002760,0.070098,291.687927,14.859290,0.700978,-1293.950806,294.500488,0.000000
94.190002,65.553932,-1294.039795,-0.000306,0.002760,0.070098,291.598450,14.854733,0.700978,-1294.039795,294.500488,0.000000
94.200005,65.554680,-1293.995361,-0.000297,0.002760,0.070098,291.601776,14.854903,0.700978,-1293.995361,294.500488,0.000000
94.210007,65.574425,-1294.039795,-0.000289,0.002760,0.070098,291.689606,14.859378,0.700978,-1294.039795,294.500488,0.000000
94.220001,65.569206,-1294.084351,-0.000302,0.002760,0.070098,291.666382,14.858194,0.700978,-1294.084351,294.500488,0.000000
94.230003,65.563988,-1294.039795,-0.000302,0.002760,0.070098,291.643188,14.857012,0.700978,-1294.039795,294.500488,0.000000
94.240005,65.559517,-1293.995361,-0.000293,0.002760,0.070098,291.623291,14.855999,0.700978,-1293.995361,294.500488,0.000000
94.250008,65.570320,-1293.995361,-0.000297,0.002760,0.070098,291.671356,14.858447,0.700978,-1293.995361,294.500488,0.000000
94.260002,65.566231,-1293.950806,-0.000285,0.002760,0.070098,291.653168,14.857520,0.700978,-1293.950806,294.500488,0.000000
94.270004,65.556541,-1294.039795,-0.000306,0.002760,0.070098,291.610046,14.855325,0.700978,-1294.039795,294.500488,0.000000
94.280006,65.562508,-1294.039795,-0.000285,0.002760,0.070098,291.636597,14.856677,0.700978,-1294.039795,294.500488,0.000000
94.290001,65.559517,-1294.039795,-0.000302,0.002760,0.070098,291.623291,14.855999,0.700978,-1294.039795,294.500488,0.000000
94.300003,65.566963,-1294.039795,-0.000293,0.002760,0.070098,291.656433,14.857686,0.700978,-1294.039795,294.500488,0.000000
94.310005,65.565102,-1294.039795,-0.000297,0.002760,0.070098,291.648132,14.857265,0.700978,-1294.039795,294.500488,0.000000
94.320007,65.561378,-1294.084351,-0.000293,0.002760,0.070098,291.631592,14.856421,0.700978,-1294.084351,294.500488,0.000000
94.330002,65.558784,-1294.084351,-0.000285,0.002760,0.070098,291.620026,14.855833,0.700978,-1294.084351,294.500488,0.000000
94.340004,65.556923,-1294.084351,-0.000293,0.002760,0.070098,291.611755,14.855412,0.700978,-1294.084351,294.500488,0.000000
94.350006,65.566231,-1293.995361,-0.000293,0.002760,0.070098,291.653168,14.857520,0.700978,-1293.995361,294.500488,0.000000
94.360008,65.574043,-1294.173218,-0.000302,0.002760,0.070098,291.687927,14.859290,0.700978,-1294.173218,294.500488,0.000000
94.370003,65.560646,-1293.950806,-0.000293,0.002760,0.070098,291.628326,14.856255,0.700978,-1293.950806,294.500488,0.000000
94.380005,65.552452,-1294.039795,-0.000293,0.002760,0.070098,291.591858,14.854398,0.700978,-1294.039795,294.500488,0.000000
94.390007,65.555794,-1294.084351,-0.000302,0.002760,0.070098,291.606720,14.855155,0.700978,-1294.084351,294.500488,0.000000
94.400002,65.553200,-1293.995361,-0.000293,0.002760,0.070098,291.595184,14.854568,0.700978,-1293.995361,294.500488,0.000000
94.410004,65.557655,-1294.039795,-0.000302,0.002760,0.070098,291.615021,14.855577,0.700978,-1294.039795,294.500488,0.000000
94.420006,65.558784,-1293.950806,-0.000293,0.002760,0.070098,291.620026,14.855833,0.700978,-1293.950806,294.500488,0.000000
94.430008,65.569954,-1293.950806,-0.000289,0.002760,0.070098,291.669708,14.858364,0.700978,-1293.950806,294.500488,0.000000
94.440002,65.565102,-1294.128784,-0.000306,0.002760,0.070098,291.648132,14.857265,0.700978,-1294.128784,294.500488,0.000000
94.450005,65.562508,-1294.039795,-0.000293,0.002760,0.070098,291.636597,14.856677,0.700978,-1294.039795,294.500488,0.000000
94.460007,65.556541,-1294.039795,-0.000297,0.002760,0.070098,291.610046,14.855325,0.700978,-1294.039795,294.500488,0.000000
94.470001,65.559517,-1293.995361,-0.000289,0.002760,0.070098,291.623291,14.855999,0.700978,-1293.995361,294.500488,0.000000
94.480003,65.568459,-1294.084351,-0.000280,0.002760,0.070098,291.663055,14.858025,0.700978,-1294.084351,294.500488,0.000000
94.490005,65.567345,-1294.084351,-0.000285,0.002760,0.070098,291.658112,14.857773,0.700978,-1294.084351,294.500488,0.000000
94.500008,65.557289,-1293.950806,-0.000289,0.002760,0.070098,291.613373,14.855494,0.700978,-1293.950806,294.500488,0.000000
94.510002,65.561378,-1294.039795,-0.000302,0.002760,0.070098,291.631592,14.856421,0.700978,-1294.039795,294.500488,0.000000
94.520004,65.553200,-1293.950806,-0.000293,0.002760,0.070098,291.595184,14.854568,0.700978,-1293.950806,294.500488,0.000000
94.530006,65.550209,-1294.039795,-0.000306,0.002760,0.070098,291.581879,14.853889,0.700978,-1294.039795,294.500488,0.000000
94.540001,65.556175,-1294.039795,-0.000293,0.002760,0.070098,291.608429,14.855242,0.700978,-1294.039795,294.500488,0.000000
94.550003,65.561012,-1293.995361,-0.000293,0.002760,0.070098,291.629944,14.856339,0.700978,-1293.995361,294.500488,0.000000
94.560005,65.556923,-1294.039795,-0.000285,0.002760,0.070098,291.611755,14.855412,0.700978,-1294.039795,294.500488,0.000000
94.570007,65.556175,-1293.995361,-0.000310,0.002760,0.070098,291.608429,14.855242,0.700978,-1293.995361,294.500488,0.000000
94.580002,65.559898,-1294.128784,-0.000293,0.002760,0.070098,291.625000,14.856086,0.700978,-1294.128784,294.500488,0.000000
94.590004,65.551704,-1293.995361,-0.000297,0.002760,0.070098,291.588531,14.854228,0.700978,-1293.995361,294.500488,0.000000
94.600006,65.551338,-1294.039795,-0.000289,0.002760,0.070098,291.586914,14.854146,0.700978,-1294.039795,294.500488,0.000000
94.610008,65.560646,-1294.039795,-0.000297,0.002760,0.070098,291.628326,14.856255,0.700978,-1294.039795,294.500488,0.000000
94.620003,65.563988,-1293.995361,-0.000293,0.002760,0.070098,291.643188,14.857012,0.700978,-1293.995361,294.500488,0.000000
94.630005,65.545006,-1293.995361,-0.000293,0.002760,0.070098,291.558746,14.852711,0.700978,-1293.995361,294.500488,0.000000
94.640007,65.561378,-1293.995361,-0.000306,0.002760,0.070098,291.631592,14.856421,0.700978,-1293.995361,294.500488,0.000000
94.650002,65.546120,-1294.039795,-0.000276,0.002760,0.070098,291.563690,14.852962,0.700978,-1294.039795,294.500488,0.000000
94.660004,65.543144,-1294.084351,-0.000280,0.002760,0.070098,291.550476,14.852289,0.700978,-1294.084351,294.500488,0.000000
94.670006,65.551704,-1293.995361,-0.000297,0.002760,0.070098,291.588531,14.854228,0.700978,-1293.995361,294.500488,0.000000
94.680008,65.553200,-1294.039795,-0.000293,0.002760,0.070098,291.595184,14.854568,0.700978,-1294.039795,294.500488,0.000000
94.690002,65.554314,-1294.084351,-0.000293,0.002760,0.070098,291.600159,14.854820,0.700978,-1294.084351,294.500488,0.000000
94.700005,65.556923,-1293.995361,-0.000297,0.002760,0.070098,291.611755,14.855412,0.700978,-1293.995361,294.500488,0.000000
94.710007,65.555794,-1294.039795,-0.000297,0.002760,0.070098,291.606720,14.855155,0.700978,-1294.039795,294.500488,0.000000
94.720001,65.546120,-1293.995361,-0.000289,0.002760,0.070098,291.563690,14.852962,0.700978,-1293.995361,294.500488,0.000000
94.730003,65.547981,-1294.039795,-0.000280,0.002760,0.070098,291.571991,14.853385,0.700978,-1294.039795,294.500488,0.000000
94.740005,65.545738,-1293.995361,-0.000297,0.002760,0.070098,291.562012,14.852877,0.700978,-1293.995361,294.500488,0.000000
94.750008,65.553566,-1294.084351,-0.000289,0.002760,0.070098,291.596832,14.854650,0.700978,-1294.084351,294.500488,0.000000
94.760002,65.558784,-1294.084351,-0.000285,0.002760,0.070098,291.620026,14.855833,0.700978,-1294.084351,294.500488,0.000000
94.770004,65.553932,-1294.039795,-0.000310,0.002760,0.070098,291.598450,14.854733,0.700978,-1294.039795,294.500488,0.000000
94.780006,65.557289,-1294.039795,-0.000289,0.002760,0.070098,291.613373,14.855494,0.700978,-1294.039795,294.500488,0.000000
94.790001,65.547981,-1294.128784,-0.000297,0.002760,0.070098,291.571991,14.853385,0.700978,-1294.128784,294.500488,0.000000
94.800003,65.543144,-1293.995361,-0.000276,0.002760,0.070098,291.550476,14.852289,0.700978,-1293.995361,294.500488,0.000000
94.810005,65.541283,-1294.039795,-0.000289,0.002760,0.070098,291.542175,14.851867,0.700978,-1294.039795,294.500488,0.000000
94.820007,65.540154,-1294.039795,-0.000302,0.002760,0.070098,291.537170,14.851611,0.700978,-1294.039795,294.500488,0.000000
94.830002,65.542763,-1294.039795,-0.000280,0.002760,0.070098,291.548767,14.852202,0.700978,-1294.039795,294.500488,0.000000
94.840004,65.541283,-1294.084351,-0.000297,0.002760,0.070098,291.542175,14.851867,0.700978,-1294.084351,294.500488,0.000000
94.850006,65.543510,-1293.995361,-0.000297,0.002760,0.070098,291.552094,14.852372,0.700978,-1293.995361,294.500488,0.000000
94.860008,65.530846,-1293.995361,-0.000302,0.002760,0.070098,291.495758,14.849503,0.700978,-1293.995361,294.500488,0.000000
94.870003,65.530479,-1293.995361,-0.000289,0.002760,0.070098,291.494141,14.849419,0.700978,-1293.995361,294.500488,0.000000
94.880005,65.538673,-1293.995361,-0.000285,0.002760,0.070098,291.530579,14.851276,0.700978,-1293.995361,294.500488,0.000000
94.890007,65.547615,-1294.084351,-0.000293,0.002760,0.070098,291.570343,14.853302,0.700978,-1294.084351,294.500488,0.000000
94.900002,65.537560,-1294.039795,-0.000289,0.002760,0.070098,291.525635,14.851024,0.700978,-1294.039795,294.500488,0.000000
94.910004,65.540901,-1294.039795,-0.000289,0.002760,0.070098,291.540497,14.851781,0.700978,-1294.039795,294.500488,0.000000
94.920006,65.542015,-1293.995361,-0.000302,0.002760,0.070098,291.545441,14.852034,0.700978,-1293.995361,294.500488,0.000000
94.930008,65.535698,-1293.995361,-0.000280,0.002760,0.070098,291.517334,14.850601,0.700978,-1293.995361,294.500488,0.000000
94.940002,65.530479,-1294.084351,-0.000293,0.002760,0.070098,291.494141,14.849419,0.700978,-1294.084351,294.500488,0.000000
94.950005,65.537926,-1294.039795,-0.000285,0.002760,0.070098,291.527252,14.851107,0.700978,-1294.039795,294.500488,0.000000
94.960007,65.542015,-1294.128784,-0.000276,0.002760,0.070098,291.545441,14.852034,0.700978,-1294.128784,294.500488,0.000000
94.970001,65.544258,-1294.039795,-0.000297,0.002760,0.070098,291.555420,14.852542,0.700978,-1294.039795,294.500488,0.000000
94.980003,65.543877,-1293.995361,-0.000297,0.002760,0.070098,291.553711,14.852454,0.700978,-1293.995361,294.500488,0.000000
94.990005,65.534203,-1294.039795,-0.000302,0.002760,0.070098,291.510681,14.850263,0.700978,-1294.039795,294.500488,0.000000
95.000008,65.527870,-1293.995361,-0.000289,0.002760,0.070098,291.482513,14.848827,0.700978,-1293.995361,294.500488,0.000000
95.010002,65.520790,-1293.995361,-0.000289,0.002760,0.070098,291.451019,14.847223,0.700978,-1293.995361,294.500488,0.000000
95.020004,65.523033,-1294.039795,-0.000297,0.002760,0.070098,291.460999,14.847732,0.700978,-1294.039795,294.500488,0.000000
95.030006,65.521919,-1294.039795,-0.000293,0.002760,0.070098,291.456055,14.847479,0.700978,-1294.039795,294.500488,0.000000
95.040001,65.536064,-1294.039795,-0.000306,0.002760,0.070098,291.518982,14.850684,0.700978,-1294.039795,294.500488,0.000000
95.050003,65.530479,-1293.950806,-0.000297,0.002760,0.070098,291.494141,14.849419,0.700978,-1293.950806,294.500488,0.000000
95.060005,65.527122,-1294.084351,-0.000302,0.002760,0.070098,291.479187,14.848658,0.700978,-1294.084351,294.500488,0.000000
95.070007,65.520790,-1294.039795,-0.000289,0.002760,0.070098,291.451019,14.847223,0.700978,-1294.039795,294.500488,0.000000
95.080002,65.522285,-1294.039795,-0.000289,0.002760,0.070098,291.457672,14.847562,0.700978,-1294.039795,294.500488,0.000000
95.090004,65.528252,-1294.039795,-0.000302,0.002760,0.070098,291.484222,14.848913,0.700978,-1294.039795,294.500488,0.000000
95.100006,65.535698,-1293.995361,-0.000289,0.002760,0.070098,291.517334,14.850601,0.700978,-1293.995361,294.500488,0.000000
95.110008,65.533455,-1294.084351,-0.000293,0.002760,0.070098,291.507355,14.850093,0.700978,-1294.084351,294.500488,0.000000
95.120003,65.526375,-1294.039795,-0.000297,0.002760,0.070098,291.475861,14.848489,0.700978,-1294.039795,294.500488,0.000000
95.130005,65.524513,-1293.995361,-0.000297,0.002760,0.070098,291.467590,14.848067,0.700978,-1293.995361,294.500488,0.000000
95.140007,65.533836,-1294.084351,-0.000297,0.002760,0.070098,291.509064,14.850180,0.700978,-1294.084351,294.500488,0.000000
95.150002,65.521919,-1294.039795,-0.000297,0.002760,0.070098,291.456055,14.847479,0.700978,-1294.039795,294.500488,0.000000
95.160004,65.516335,-1294.128784,-0.000293,0.002760,0.070098,291.431213,14.846213,0.700978,-1294.128784,294.500488,0.000000
95.170006,65.521172,-1293.995361,-0.000302,0.002760,0.070098,291.452728,14.847310,0.700978,-1293.995361,294.500488,0.000000
95.180008,65.526009,-1294.039795,-0.000293,0.002760,0.070098,291.474243,14.848406,0.700978,-1294.039795,294.500488,0.000000
95.190002,65.522652,-1294.084351,-0.000302,0.002760,0.070098,291.459320,14.847645,0.700978,-1294.084351,294.500488,0.000000
95.200005,65.520790,-1294.039795,-0.000302,0.002760,0.070098,291.451019,14.847223,0.700978,-1294.039795,294.500488,0.000000
95.210007,65.515587,-1294.039795,-0.000289,0.002760,0.070098,291.427887,14.846044,0.700978,-1294.039795,294.500488,0.000000
95.220001,65.518929,-1293.995361,-0.000293,0.002760,0.070098,291.442749,14.846802,0.700978,-1293.995361,294.500488,0.000000
95.230003,65.525642,-1294.128784,-0.000297,0.002760,0.070098,291.472626,14.848323,0.700978,-1294.128784,294.500488,0.000000
95.240005,65.518196,-1294.039795,-0.000289,0.002760,0.070098,291.439484,14.846635,0.700978,-1294.039795,294.500488,0.000000
95.250008,65.512978,-1294.039795,-0.000293,0.002760,0.070098,291.416290,14.845453,0.700978,-1294.039795,294.500488,0.000000
95.260002,65.517448,-1294.084351,-0.000289,0.002760,0.070098,291.436157,14.846466,0.700978,-1294.084351,294.500488,0.000000
95.270004,65.520058,-1294.039795,-0.000289,0.002760,0.070098,291.447784,14.847057,0.700978,-1294.039795,294.500488,0.000000
95.280006,65.519310,-1294.084351,-0.000297,0.002760,0.070098,291.444458,14.846888,0.700978,-1294.084351,294.500488,0.000000
95.290001,65.522285,-1294.039795,-0.000285,0.002760,0.070098,291.457672,14.847562,0.700978,-1294.039795,294.500488,0.000000
95.300003,65.517067,-1294.084351,-0.000285,0.002760,0.070098,291.434479,14.846379,0.700978,-1294.084351,294.500488,0.000000
95.310005,65.513725,-1293.995361,-0.000302,0.002760,0.070098,291.419617,14.845622,0.700978,-1293.995361,294.500488,0.000000
95.320007,65.518196,-1293.950806,-0.000297,0.002760,0.070098,291.439484,14.846635,0.700978,-1293.950806,294.500488,0.000000
95.330002,65.517067,-1294.084351,-0.000289,0.002760,0.070098,291.434479,14.846379,0.700978,-1294.084351,294.500488,0.000000
95.340004,65.506645,-1294.039795,-0.000297,0.002760,0.070098,291.388123,14.844018,0.700978,-1294.039795,294.500488,0.000000
95.350006,65.505898,-1293.950806,-0.000289,0.002760,0.070098,291.384796,14.843848,0.700978,-1293.950806,294.500488,0.000000
95.360008,65.518196,-1294.039795,-0.000289,0.002760,0.070098,291.439484,14.846635,0.700978,-1294.039795,294.500488,0.000000
95.370003,65.520790,-1294.039795,-0.000297,0.002760,0.070098,291.451019,14.847223,0.700978,-1294.039795,294.500488,0.000000
95.380005,65.514839,-1294.039795,-0.000280,0.002760,0.070098,291.424561,14.845875,0.700978,-1294.039795,294.500488,0.000000
95.390007,65.508141,-1294.084351,-0.000289,0.002760,0.070098,291.394775,14.844357,0.700978,-1294.084351,294.500488,0.000000
95.400002,65.502556,-1294.039795,-0.000293,0.002760,0.070098,291.369934,14.843092,0.700978,-1294.039795,294.500488,0.000000
95.410004,65.514091,-1294.039795,-0.000289,0.002760,0.070098,291.421234,14.845706,0.700978,-1294.039795,294.500488,0.000000
95.420006,65.508507,-1293.995361,-0.000285,0.002760,0.070098,291.396393,14.844440,0.700978,-1293.995361,294.500488,0.000000
95.430008,65.503288,-1294.039795,-0.000280,0.002760,0.070098,291.373169,14.843257,0.700978,-1294.039795,294.500488,0.000000
95.440002,65.504784,-1294.039795,-0.000293,0.002760,0.070098,291.379822,14.843596,0.700978,-1294.039795,294.500488,0.000000
95.450005,65.514091,-1293.995361,-0.000293,0.002760,0.070098,291.421234,14.845706,0.700978,-1293.995361,294.500488,0.000000
95.460007,65.511864,-1294.084351,-0.000289,0.002760,0.070098,291.411316,14.845201,0.700978,-1294.084351,294.500488,0.000000
95.470001,65.505531,-1294.039795,-0.000302,0.002760,0.070098,291.383148,14.843765,0.700978,-1294.039795,294.500488,0.000000
95.480003,65.501427,-1294.084351,-0.000280,0.002760,0.070098,291.364899,14.842835,0.700978,-1294.084351,294.500488,0.000000
95.490005,65.507393,-1294.039795,-0.000289,0.002760,0.070098,291.391449,14.844188,0.700978,-1294.039795,294.500488,0.000000
95.500008,65.521538,-1293.995361,-0.000297,0.002760,0.070098,291.454346,14.847392,0.700978,-1293.995361,294.500488,0.000000
95.510002,65.510750,-1293.995361,-0.000297,0.002760,0.070098,291.406372,14.844948,0.700978,-1293.995361,294.500488,0.000000
95.520004,65.498833,-1294.039795,-0.000293,0.002760,0.070098,291.353363,14.842247,0.700978,-1294.039795,294.500488,0.000000
95.530006,65.494362,-1294.039795,-0.000293,0.002760,0.070098,291.333466,14.841234,0.700978,-1294.039795,294.500488,0.000000
95.540001,65.500694,-1294.039795,-0.000310,0.002760,0.070098,291.361633,14.842669,0.700978,-1294.039795,294.500488,0.000000
95.550003,65.487648,-1293.995361,-0.000302,0.002760,0.070098,291.303619,14.839713,0.700978,-1293.995361,294.500488,0.000000
95.560005,65.492500,-1294.128784,-0.000302,0.002760,0.070098,291.325195,14.840813,0.700978,-1294.128784,294.500488,0.000000
95.570007,65.498085,-1293.995361,-0.000293,0.002760,0.070098,291.350037,14.842078,0.700978,-1293.995361,294.500488,0.000000
95.580002,65.498833,-1293.995361,-0.000280,0.002760,0.070098,291.353363,14.842247,0.700978,-1293.995361,294.500488,0.000000
95.590004,65.502174,-1294.039795,-0.000289,0.002760,0.070098,291.368225,14.843005,0.700978,-1294.039795,294.500488,0.000000
95.600006,65.500313,-1293.995361,-0.000306,0.002760,0.070098,291.359955,14.842584,0.700978,-1293.995361,294.500488,0.000000
95.610008,65.491005,-1294.039795,-0.000293,0.002760,0.070098,291.318542,14.840473,0.700978,-1294.039795,294.500488,0.000000
95.620003,65.494362,-1293.995361,-0.000297,0.002760,0.070098,291.333466,14.841234,0.700978,-1293.995361,294.500488,0.000000
95.630005,65.491753,-1293.995361,-0.000280,0.002760,0.070098,291.321869,14.840643,0.700978,-1293.995361,294.500488,0.000000
95.640007,65.498085,-1294.039795,-0.000293,0.002760,0.070098,291.350037,14.842078,0.700978,-1294.039795,294.500488,0.000000
95.650002,65.496971,-1293.950806,-0.000285,0.002760,0.070098,291.345093,14.841826,0.700978,-1293.950806,294.500488,0.000000
95.660004,65.492500,-1294.084351,-0.000285,0.002760,0.070098,291.325195,14.840813,0.700978,-1294.084351,294.500488,0.000000
95.670006,65.489143,-1293.995361,-0.000302,0.002760,0.070098,291.310272,14.840053,0.700978,-1293.995361,294.500488,0.000000
95.680008,65.492867,-1294.039795,-0.000289,0.002760,0.070098,291.326813,14.840896,0.700978,-1294.039795,294.500488,0.000000
95.690002,65.489891,-1294.084351,-0.000293,0.002760,0.070098,291.313599,14.840221,0.700978,-1294.084351,294.500488,0.000000
95.700005,65.494728,-1293.950806,-0.000285,0.002760,0.070098,291.335114,14.841318,0.700978,-1293.950806,294.500488,0.000000
95.710007,65.491386,-1294.084351,-0.000289,0.002760,0.070098,291.320251,14.840561,0.700978,-1294.084351,294.500488,0.000000
95.720001,65.495110,-1293.995361,-0.000297,0.002760,0.070098,291.336792,14.841404,0.700978,-1293.995361,294.500488,0.000000
95.730003,65.497337,-1294.084351,-0.000289,0.002760,0.070098,291.346710,14.841908,0.700978,-1294.084351,294.500488,0.000000
95.740005,65.483925,-1294.039795,-0.000289,0.002760,0.070098,291.287048,14.838870,0.700978,-1294.039795,294.500488,0.000000
95.750008,65.484306,-1293.995361,-0.000293,0.002760,0.070098,291.288757,14.838956,0.700978,-1293.995361,294.500488,0.000000
95.760002,65.492500,-1294.084351,-0.000289,0.002760,0.070098,291.325195,14.840813,0.700978,-1294.084351,294.500488,0.000000
95.770004,65.486916,-1294.039795,-0.000302,0.002760,0.070098,291.300354,14.839547,0.700978,-1294.039795,294.500488,0.000000
95.780006,65.474251,-1294.084351,-0.000289,0.002760,0.070098,291.244019,14.836677,0.700978,-1294.084351,294.500488,0.000000
95.790001,65.468666,-1294.084351,-0.000293,0.002760,0.070098,291.219177,14.835411,0.700978,-1294.084351,294.500488,0.000000
95.800003,65.477974,-1293.995361,-0.000297,0.002760,0.070098,291.260590,14.837522,0.700978,-1293.995361,294.500488,0.000000
95.810005,65.479469,-1294.128784,-0.000289,0.002760,0.070098,291.267212,14.837860,0.700978,-1294.128784,294.500488,0.000000
95.820007,65.485786,-1293.995361,-0.000297,0.002760,0.070098,291.295319,14.839292,0.700978,-1293.995361,294.500488,0.000000
95.830002,65.478340,-1293.950806,-0.000289,0.002760,0.070098,291.262207,14.837604,0.700978,-1293.950806,294.500488,0.000000
95.840004,65.476860,-1294.084351,-0.000293,0.002760,0.070098,291.255615,14.837269,0.700978,-1294.084351,294.500488,0.000000
95.850006,65.480202,-1293.950806,-0.000280,0.002760,0.070098,291.270477,14.838026,0.700978,-1293.950806,294.500488,0.000000
95.860008,65.475365,-1294.084351,-0.000289,0.002760,0.070098,291.248962,14.836929,0.700978,-1294.084351,294.500488,0.000000
95.870003,65.478340,-1294.039795,-0.000302,0.002760,0.070098,291.262207,14.837604,0.700978,-1294.039795,294.500488,0.000000
95.880005,65.478722,-1294.084351,-0.000285,0.002760,0.070098,291.263885,14.837690,0.700978,-1294.084351,294.500488,0.000000
95.890007,65.489891,-1294.084351,-0.000293,0.002760,0.070098,291.313599,14.840221,0.700978,-1294.084351,294.500488,0.000000
95.900002,65.486916,-1293.995361,-0.000297,0.002760,0.070098,291.300354,14.839547,0.700978,-1293.995361,294.500488,0.000000
95.910004,65.478722,-1294.084351,-0.000293,0.002760,0.070098,291.263885,14.837690,0.700978,-1294.084351,294.500488,0.000000
95.920006,65.471275,-1294.084351,-0.000289,0.002760,0.070098,291.230774,14.836003,0.700978,-1294.084351,294.500488,0.000000
95.930008,65.469032,-1294.039795,-0.000289,0.002760,0.070098,291.220795,14.835495,0.700978,-1294.039795,294.500488,0.000000
95.940002,65.468666,-1294.084351,-0.000302,0.002760,0.070098,291.219177,14.835411,0.700978,-1294.084351,294.500488,0.000000
95.950005,65.476860,-1293.995361,-0.000293,0.002760,0.070098,291.255615,14.837269,0.700978,-1293.995361,294.500488,0.000000
95.960007,65.471275,-1294.039795,-0.000293,0.002760,0.070098,291.230774,14.836003,0.700978,-1294.039795,294.500488,0.000000
95.970001,65.478722,-1294.039795,-0.000297,0.002760,0.070098,291.263885,14.837690,0.700978,-1294.039795,294.500488,0.000000
95.980003,65.483559,-1294.084351,-0.000293,0.002760,0.070098,291.285431,14.838787,0.700978,-1294.084351,294.500488,0.000000
95.990005,65.467918,-1294.039795,-0.000293,0.002760,0.070098,291.215851,14.835242,0.700978,-1294.039795,294.500488,0.000000
96.000008,65.456001,-1294.039795,-0.000293,0.002760,0.070098,291.162842,14.832541,0.700978,-1294.039795,294.500488,0.000000
96.010002,65.459358,-1294.039795,-0.000302,0.002760,0.070098,291.177765,14.833302,0.700978,-1294.039795,294.500488,0.000000
96.020004,65.459724,-1294.039795,-0.000289,0.002760,0.070098,291.179382,14.833385,0.700978,-1294.039795,294.500488,0.000000
96.030006,65.468285,-1294.039795,-0.000302,0.002760,0.070098,291.217468,14.835325,0.700978,-1294.039795,294.500488,0.000000
96.040001,65.472755,-1293.995361,-0.000289,0.002760,0.070098,291.237366,14.836338,0.700978,-1293.995361,294.500488,0.000000
96.050003,65.458611,-1294.039795,-0.000276,0.002760,0.070098,291.174438,14.833133,0.700978,-1294.039795,294.500488,0.000000
96.060005,65.458611,-1294.039795,-0.000289,0.002760,0.070098,291.174438,14.833133,0.700978,-1294.039795,294.500488,0.000000
96.070007,65.454521,-1293.995361,-0.000280,0.002760,0.070098,291.156250,14.832207,0.700978,-1293.995361,294.500488,0.000000
96.080002,65.459358,-1294.039795,-0.000293,0.002760,0.070098,291.177765,14.833302,0.700978,-1294.039795,294.500488,0.000000
96.090004,65.462334,-1294.039795,-0.000293,0.002760,0.070098,291.191010,14.833977,0.700978,-1294.039795,294.500488,0.000000
96.100006,65.463448,-1293.995361,-0.000280,0.002760,0.070098,291.195953,14.834229,0.700978,-1293.995361,294.500488,0.000000
96.110008,65.460472,-1294.128784,-0.000302,0.002760,0.070098,291.182709,14.833555,0.700978,-1294.128784,294.500488,0.000000
96.120003,65.460838,-1293.995361,-0.000293,0.002760,0.070098,291.184357,14.833637,0.700978,-1293.995361,294.500488,0.000000
96.130005,65.461967,-1294.039795,-0.000293,0.002760,0.070098,291.189362,14.833894,0.700978,-1294.039795,294.500488,0.000000
96.140007,65.447060,-1294.039795,-0.000306,0.002760,0.070098,291.123047,14.830516,0.700978,-1294.039795,294.500488,0.000000
96.150002,65.439247,-1293.995361,-0.000289,0.002760,0.070098,291.088318,14.828745,0.700978,-1293.995361,294.500488,0.000000
96.160004,65.450417,-1294.039795,-0.000285,0.002760,0.070098,291.138000,14.831276,0.700978,-1294.039795,294.500488,0.000000
96.170006,65.450417,-1294.039795,-0.000293,0.002760,0.070098,291.138000,14.831276,0.700978,-1294.039795,294.500488,0.000000
96.180008,65.446693,-1293.950806,-0.000293,0.002760,0.070098,291.121429,14.830433,0.700978,-1293.950806,294.500488,0.000000
96.190002,65.437019,-1294.039795,-0.000280,0.002760,0.070098,291.078400,14.828240,0.700978,-1294.039795,294.500488,0.000000
96.200005,65.448189,-1293.995361,-0.000293,0.002760,0.070098,291.128082,14.830771,0.700978,-1293.995361,294.500488,0.000000
96.210007,65.451912,-1294.084351,-0.000297,0.002760,0.070098,291.144653,14.831614,0.700978,-1294.084351,294.500488,0.000000
96.220001,65.447441,-1294.039795,-0.000293,0.002760,0.070098,291.124756,14.830602,0.700978,-1294.039795,294.500488,0.000000
96.230003,65.443336,-1294.084351,-0.000285,0.002760,0.070098,291.106506,14.829672,0.700978,-1294.084351,294.500488,0.000000
96.240005,65.438881,-1294.039795,-0.000297,0.002760,0.070098,291.086670,14.828663,0.700978,-1294.039795,294.500488,0.000000
96.250008,65.436272,-1293.995361,-0.000276,0.002760,0.070098,291.075073,14.828072,0.700978,-1293.995361,294.500488,0.000000
96.260002,65.438881,-1294.039795,-0.000289,0.002760,0.070098,291.086670,14.828663,0.700978,-1294.039795,294.500488,0.000000
96.270004,65.422859,-1294.039795,-0.000306,0.002760,0.070098,291.015411,14.825032,0.700978,-1294.039795,294.500488,0.000000
96.280006,65.426964,-1293.995361,-0.000285,0.002760,0.070098,291.033661,14.825962,0.700978,-1293.995361,294.500488,0.000000
96.290001,65.435524,-1294.084351,-0.000297,0.002760,0.070098,291.071747,14.827902,0.700978,-1294.084351,294.500488,0.000000
96.300003,65.442223,-1293.995361,-0.000276,0.002760,0.070098,291.101532,14.829420,0.700978,-1293.995361,294.500488,0.000000
96.310005,65.435524,-1294.084351,-0.000293,0.002760,0.070098,291.071747,14.827902,0.700978,-1294.084351,294.500488,0.000000
96.320007,65.424721,-1294.084351,-0.000297,0.002760,0.070098,291.023682,14.825454,0.700978,-1294.084351,294.500488,0.000000
96.330002,65.420998,-1294.039795,-0.000293,0.002760,0.070098,291.007141,14.824610,0.700978,-1294.039795,294.500488,0.000000
96.340004,65.426216,-1294.084351,-0.000302,0.002760,0.070098,291.030334,14.825793,0.700978,-1294.084351,294.500488,0.000000
96.350006,65.425835,-1293.995361,-0.000272,0.002760,0.070098,291.028656,14.825706,0.700978,-1293.995361,294.500488,0.000000
96.360008,65.423973,-1294.039795,-0.000289,0.002760,0.070098,291.020355,14.825285,0.700978,-1294.039795,294.500488,0.000000
96.370003,65.427330,-1293.995361,-0.000297,0.002760,0.070098,291.035309,14.826045,0.700978,-1293.995361,294.500488,0.000000
96.380005,65.423241,-1294.039795,-0.000285,0.002760,0.070098,291.017120,14.825118,0.700978,-1294.039795,294.500488,0.000000
96.390007,65.420998,-1293.995361,-0.000297,0.002760,0.070098,291.007141,14.824610,0.700978,-1293.995361,294.500488,0.000000
96.400002,65.414299,-1293.906372,-0.000285,0.002760,0.070098,290.977325,14.823092,0.700978,-1293.906372,294.500488,0.000000
96.410004,65.420631,-1294.039795,-0.000285,0.002760,0.070098,291.005493,14.824528,0.700978,-1294.039795,294.500488,0.000000
96.420006,65.425835,-1294.039795,-0.000289,0.002760,0.070098,291.028656,14.825706,0.700978,-1294.039795,294.500488,0.000000
96.430008,65.424721,-1294.039795,-0.000289,0.002760,0.070098,291.023682,14.825454,0.700978,-1294.039795,294.500488,0.000000
96.440002,65.422493,-1294.084351,-0.000293,0.002760,0.070098,291.013794,14.824948,0.700978,-1294.084351,294.500488,0.000000
96.450005,65.409081,-1293.995361,-0.000289,0.002760,0.070098,290.954132,14.821909,0.700978,-1293.995361,294.500488,0.000000
96.460007,65.403130,-1294.084351,-0.000297,0.002760,0.070098,290.927643,14.820561,0.700978,-1294.084351,294.500488,0.000000
96.470001,65.407967,-1294.039795,-0.000289,0.002760,0.070098,290.949158,14.821657,0.700978,-1294.039795,294.500488,0.000000
96.480003,65.414299,-1294.084351,-0.000285,0.002760,0.070098,290.977325,14.823092,0.700978,-1294.084351,294.500488,0.000000
96.490005,65.415047,-1294.039795,-0.000280,0.002760,0.070098,290.980652,14.823262,0.700978,-1294.039795,294.500488,0.000000
96.500008,65.420250,-1293.995361,-0.000289,0.002760,0.070098,291.003815,14.824440,0.700978,-1293.995361,294.500488,0.000000
96.510002,65.404991,-1294.084351,-0.000293,0.002760,0.070098,290.935944,14.820983,0.700978,-1294.084351,294.500488,0.000000
96.520004,65.403130,-1294.039795,-0.000289,0.002760,0.070098,290.927643,14.820561,0.700978,-1294.039795,294.500488,0.000000
96.530006,65.399773,-1294.084351,-0.000285,0.002760,0.070098,290.912720,14.819800,0.700978,-1294.084351,294.500488,0.000000
96.540001,65.397163,-1294.084351,-0.000289,0.002760,0.070098,290.901123,14.819209,0.700978,-1294.084351,294.500488,0.000000
96.550003,65.395302,-1293.995361,-0.000289,0.002760,0.070098,290.892822,14.818788,0.700978,-1293.995361,294.500488,0.000000
96.560005,65.402748,-1294.084351,-0.000285,0.002760,0.070098,290.925964,14.820475,0.700978,-1294.084351,294.500488,0.000000
96.570007,65.411324,-1293.995361,-0.000289,0.002760,0.070098,290.964111,14.822417,0.700978,-1293.995361,294.500488,0.000000
96.580002,65.394188,-1294.084351,-0.000280,0.002760,0.070098,290.887878,14.818535,0.700978,-1294.084351,294.500488,0.000000
96.590004,65.384880,-1294.084351,-0.000289,0.002760,0.070098,290.846466,14.816426,0.700978,-1294.084351,294.500488,0.000000
96.600006,65.398659,-1294.084351,-0.000293,0.002760,0.070098,290.907776,14.819548,0.700978,-1294.084351,294.500488,0.000000
96.610008,65.401634,-1293.995361,-0.000297,0.002760,0.070098,290.920990,14.820223,0.700978,-1293.995361,294.500488,0.000000
96.620003,65.414299,-1294.039795,-0.000289,0.002760,0.070098,290.977325,14.823092,0.700978,-1294.039795,294.500488,0.000000
96.630005,65.400887,-1294.039795,-0.000285,0.002760,0.070098,290.917664,14.820053,0.700978,-1294.039795,294.500488,0.000000
96.640007,65.390831,-1294.039795,-0.000293,0.002760,0.070098,290.872955,14.817774,0.700978,-1294.039795,294.500488,0.000000
96.650002,65.397911,-1294.039795,-0.000297,0.002760,0.070098,290.904449,14.819378,0.700978,-1294.039795,294.500488,0.000000
96.660004,65.397163,-1294.128784,-0.000285,0.002760,0.070098,290.901123,14.819209,0.700978,-1294.128784,294.500488,0.000000
96.670006,65.394188,-1294.039795,-0.000285,0.002760,0.070098,290.887878,14.818535,0.700978,-1294.039795,294.500488,0.000000
96.680008,65.398659,-1294.039795,-0.000293,0.002760,0.070098,290.907776,14.819548,0.700978,-1294.039795,294.500488,0.000000
96.690002,65.393440,-1294.084351,-0.000285,0.002760,0.070098,290.884552,14.818365,0.700978,-1294.084351,294.500488,0.000000
96.700005,65.402748,-1294.039795,-0.000297,0.002760,0.070098,290.925964,14.820475,0.700978,-1294.039795,294.500488,0.000000
96.710007,65.390465,-1294.084351,-0.000285,0.002760,0.070098,290.871307,14.817692,0.700978,-1294.084351,294.500488,0.000000
96.720001,65.375206,-1294.039795,-0.000293,0.002760,0.070098,290.803436,14.814233,0.700978,-1294.039795,294.500488,0.000000
96.730003,65.373711,-1294.039795,-0.000293,0.002760,0.070098,290.796783,14.813894,0.700978,-1294.039795,294.500488,0.000000
96.740005,65.387856,-1294.084351,-0.000293,0.002760,0.070098,290.859711,14.817100,0.700978,-1294.084351,294.500488,0.000000
96.750008,65.386742,-1293.995361,-0.000293,0.002760,0.070098,290.854767,14.816847,0.700978,-1293.995361,294.500488,0.000000
96.760002,65.377800,-1294.039795,-0.000280,0.002760,0.070098,290.814972,14.814821,0.700978,-1294.039795,294.500488,0.000000
96.770004,65.374077,-1293.995361,-0.000285,0.002760,0.070098,290.798431,14.813977,0.700978,-1293.995361,294.500488,0.000000
96.780006,65.384880,-1294.039795,-0.000293,0.002760,0.070098,290.846466,14.816426,0.700978,-1294.039795,294.500488,0.000000
96.790001,65.385246,-1294.039795,-0.000289,0.002760,0.070098,290.848114,14.816508,0.700978,-1294.039795,294.500488,0.000000
96.800003,65.377434,-1293.995361,-0.000297,0.002760,0.070098,290.813354,14.814738,0.700978,-1293.995361,294.500488,0.000000
96.810005,65.380409,-1294.039795,-0.000289,0.002760,0.070098,290.826599,14.815413,0.700978,-1294.039795,294.500488,0.000000
96.820007,65.378929,-1294.039795,-0.000297,0.002760,0.070098,290.820007,14.815078,0.700978,-1294.039795,294.500488,0.000000
96.830002,65.377434,-1294.084351,-0.000289,0.002760,0.070098,290.813354,14.814738,0.700978,-1294.084351,294.500488,0.000000
96.840004,65.383018,-1293.995361,-0.000289,0.002760,0.070098,290.838196,14.816004,0.700978,-1293.995361,294.500488,0.000000
96.850006,65.376320,-1293.995361,-0.000297,0.002760,0.070098,290.808380,14.814486,0.700978,-1293.995361,294.500488,0.000000
96.860008,65.378548,-1293.995361,-0.000297,0.002760,0.070098,290.818298,14.814991,0.700978,-1293.995361,294.500488,0.000000
96.870003,65.378548,-1294.039795,-0.000280,0.002760,0.070098,290.818298,14.814991,0.700978,-1294.039795,294.500488,0.000000
96.880005,65.382271,-1294.039795,-0.000285,0.002760,0.070098,290.834869,14.815834,0.700978,-1294.039795,294.500488,0.000000
96.890007,65.368874,-1294.039795,-0.000293,0.002760,0.070098,290.775269,14.812799,0.700978,-1294.039795,294.500488,0.000000
96.900002,65.370735,-1293.995361,-0.000297,0.002760,0.070098,290.783539,14.813220,0.700978,-1293.995361,294.500488,0.000000
96.910004,65.364769,-1294.084351,-0.000297,0.002760,0.070098,290.757019,14.811869,0.700978,-1294.084351,294.500488,0.000000
96.920006,65.373711,-1293.995361,-0.000297,0.002760,0.070098,290.796783,14.813894,0.700978,-1293.995361,294.500488,0.000000
96.930008,65.371849,-1293.995361,-0.000289,0.002760,0.070098,290.788513,14.813473,0.700978,-1293.995361,294.500488,0.000000
96.940002,65.367012,-1294.039795,-0.000280,0.002760,0.070098,290.766998,14.812377,0.700978,-1294.039795,294.500488,0.000000
96.950005,65.371101,-1294.039795,-0.000280,0.002760,0.070098,290.785187,14.813304,0.700978,-1294.039795,294.500488,0.000000
96.960007,65.369606,-1294.128784,-0.000297,0.002760,0.070098,290.778534,14.812964,0.700978,-1294.128784,294.500488,0.000000
96.970001,65.366264,-1293.995361,-0.000280,0.002760,0.070098,290.763672,14.812207,0.700978,-1293.995361,294.500488,0.000000
96.980003,65.363289,-1294.039795,-0.000289,0.002760,0.070098,290.750427,14.811533,0.700978,-1294.039795,294.500488,0.000000
96.990005,65.353233,-1294.084351,-0.000293,0.002760,0.070098,290.705688,14.809255,0.700978,-1294.084351,294.500488,0.000000
97.000008,65.365517,-1293.995361,-0.000280,0.002760,0.070098,290.760345,14.812038,0.700978,-1293.995361,294.500488,0.000000
97.010002,65.355461,-1294.084351,-0.000285,0.002760,0.070098,290.715607,14.809759,0.700978,-1294.084351,294.500488,0.000000
97.020004,65.350624,-1294.039795,-0.000293,0.002760,0.070098,290.694092,14.808662,0.700978,-1294.039795,294.500488,0.000000
97.030006,65.354713,-1294.084351,-0.000289,0.002760,0.070098,290.712280,14.809589,0.700978,-1294.084351,294.500488,0.000000
97.040001,65.349129,-1294.039795,-0.000293,0.002760,0.070098,290.687439,14.808324,0.700978,-1294.039795,294.500488,0.000000
97.050003,65.355095,-1293.950806,-0.000306,0.002760,0.070098,290.713989,14.809676,0.700978,-1293.950806,294.500488,0.000000
97.060005,65.356575,-1294.039795,-0.000280,0.002760,0.070098,290.720551,14.810012,0.700978,-1294.039795,294.500488,0.000000
97.070007,65.358070,-1293.950806,-0.000293,0.002760,0.070098,290.727203,14.810350,0.700978,-1293.950806,294.500488,0.000000
97.080002,65.359932,-1294.039795,-0.000306,0.002760,0.070098,290.735504,14.810773,0.700978,-1294.039795,294.500488,0.000000
97.090004,65.359184,-1293.995361,-0.000285,0.002760,0.070098,290.732178,14.810603,0.700978,-1293.995361,294.500488,0.000000
97.100006,65.361046,-1294.084351,-0.000302,0.002760,0.070098,290.740448,14.811025,0.700978,-1294.084351,294.500488,0.000000
97.110008,65.352119,-1294.084351,-0.000293,0.002760,0.070098,290.700745,14.809002,0.700978,-1294.084351,294.500488,0.000000
97.120003,65.345406,-1294.039795,-0.000302,0.002760,0.070098,290.670868,14.807481,0.700978,-1294.039795,294.500488,0.000000
97.130005,65.355843,-1293.995361,-0.000289,0.002760,0.070098,290.717316,14.809846,0.700978,-1293.995361,294.500488,0.000000
97.140007,65.363289,-1294.039795,-0.000302,0.002760,0.070098,290.750427,14.811533,0.700978,-1294.039795,294.500488,0.000000
97.150002,65.352852,-1294.039795,-0.000289,0.002760,0.070098,290.704010,14.809168,0.700978,-1294.039795,294.500488,0.000000
97.160004,65.346153,-1294.039795,-0.000293,0.002760,0.070098,290.674194,14.807650,0.700978,-1294.039795,294.500488,0.000000
97.170006,65.348763,-1293.995361,-0.000297,0.002760,0.070098,290.685822,14.808242,0.700978,-1293.995361,294.500488,0.000000
97.180008,65.348763,-1294.084351,-0.000289,0.002760,0.070098,290.685822,14.808242,0.700978,-1294.084351,294.500488,0.000000
97.190002,65.352486,-1294.084351,-0.000293,0.002760,0.070098,290.702362,14.809085,0.700978,-1294.084351,294.500488,0.000000
97.200005,65.358818,-1294.039795,-0.000297,0.002760,0.070098,290.730530,14.810520,0.700978,-1294.039795,294.500488,0.000000
97.210007,65.356575,-1294.039795,-0.000289,0.002760,0.070098,290.720551,14.810012,0.700978,-1294.039795,294.500488,0.000000
97.220001,65.353600,-1293.995361,-0.000297,0.002760,0.070098,290.707336,14.809338,0.700978,-1293.995361,294.500488,0.000000
97.230003,65.349876,-1293.950806,-0.000285,0.002760,0.070098,290.690765,14.808494,0.700978,-1293.950806,294.500488,0.000000
97.240005,65.337212,-1294.039795,-0.000289,0.002760,0.070098,290.634430,14.805623,0.700978,-1294.039795,294.500488,0.000000
97.250008,65.342430,-1293.906372,-0.000293,0.002760,0.070098,290.657654,14.806807,0.700978,-1293.906372,294.500488,0.000000
97.260002,65.346901,-1294.039795,-0.000289,0.002760,0.070098,290.677521,14.807819,0.700978,-1294.039795,294.500488,0.000000
97.270004,65.348763,-1294.039795,-0.000285,0.002760,0.070098,290.685822,14.808242,0.700978,-1294.039795,294.500488,0.000000
97.280006,65.339073,-1293.995361,-0.000272,0.002760,0.070098,290.642700,14.806046,0.700978,-1293.995361,294.500488,0.000000
97.290001,65.346519,-1294.039795,-0.000293,0.002760,0.070098,290.675842,14.807734,0.700978,-1294.039795,294.500488,0.000000
97.300003,65.338707,-1293.995361,-0.000306,0.002760,0.070098,290.641083,14.805963,0.700978,-1293.995361,294.500488,0.000000
97.310005,65.342796,-1294.084351,-0.000289,0.002760,0.070098,290.659271,14.806889,0.700978,-1294.084351,294.500488,0.000000
97.320007,65.347267,-1293.995361,-0.000289,0.002760,0.070098,290.679169,14.807902,0.700978,-1293.995361,294.500488,0.000000
97.330002,65.343925,-1294.039795,-0.000289,0.002760,0.070098,290.664307,14.807145,0.700978,-1294.039795,294.500488,0.000000
97.340004,65.331627,-1294.039795,-0.000285,0.002760,0.070098,290.609589,14.804358,0.700978,-1294.039795,294.500488,0.000000
97.350006,65.329399,-1293.995361,-0.000293,0.002760,0.070098,290.599670,14.803853,0.700978,-1293.995361,294.500488,0.000000
97.360008,65.339821,-1294.039795,-0.000293,0.002760,0.070098,290.646027,14.806215,0.700978,-1294.039795,294.500488,0.000000
97.370003,65.339821,-1293.995361,-0.000280,0.002760,0.070098,290.646027,14.806215,0.700978,-1293.995361,294.500488,0.000000
97.380005,65.337212,-1294.039795,-0.000293,0.002760,0.070098,290.634430,14.805623,0.700978,-1294.039795,294.500488,0.000000
97.390007,65.329399,-1294.084351,-0.000293,0.002760,0.070098,290.599670,14.803853,0.700978,-1294.084351,294.500488,0.000000
97.400002,65.338707,-1294.039795,-0.000297,0.002760,0.070098,290.641083,14.805963,0.700978,-1294.039795,294.500488,0.000000
97.410004,65.337593,-1294.084351,-0.000293,0.002760,0.070098,290.636139,14.805711,0.700978,-1294.084351,294.500488,0.000000
97.420006,65.334236,-1294.039795,-0.000293,0.002760,0.070098,290.621185,14.804950,0.700978,-1294.039795,294.500488,0.000000
97.430008,65.320839,-1294.039795,-0.000285,0.002760,0.070098,290.561615,14.801914,0.700978,-1294.039795,294.500488,0.000000
97.440002,65.329018,-1294.084351,-0.000289,0.002760,0.070098,290.597992,14.803767,0.700978,-1294.084351,294.500488,0.000000
97.450005,65.333870,-1293.950806,-0.000285,0.002760,0.070098,290.619568,14.804866,0.700978,-1293.950806,294.500488,0.000000
97.460007,65.334236,-1294.084351,-0.000285,0.002760,0.070098,290.621185,14.804950,0.700978,-1294.084351,294.500488,0.000000
97.470001,65.326424,-1293.995361,-0.000293,0.002760,0.070098,290.586456,14.803180,0.700978,-1293.995361,294.500488,0.000000
97.480003,65.320839,-1294.128784,-0.000293,0.002760,0.070098,290.561615,14.801914,0.700978,-1294.128784,294.500488,0.000000
97.490005,65.320091,-1294.039795,-0.000297,0.002760,0.070098,290.558289,14.801744,0.700978,-1294.039795,294.500488,0.000000
97.500008,65.329018,-1294.039795,-0.000285,0.002760,0.070098,290.597992,14.803767,0.700978,-1294.039795,294.500488,0.000000
97.510002,65.325294,-1294.039795,-0.000285,0.002760,0.070098,290.581421,14.802923,0.700978,-1294.039795,294.500488,0.000000
97.520004,65.329399,-1293.995361,-0.000293,0.002760,0.070098,290.599670,14.803853,0.700978,-1293.995361,294.500488,0.000000
97.530006,65.330147,-1293.995361,-0.000285,0.002760,0.070098,290.602997,14.804023,0.700978,-1293.995361,294.500488,0.000000
97.540001,65.322319,-1294.084351,-0.000280,0.002760,0.070098,290.568176,14.802249,0.700978,-1294.084351,294.500488,0.000000
97.550003,65.318596,-1294.039795,-0.000293,0.002760,0.070098,290.551636,14.801406,0.700978,-1294.039795,294.500488,0.000000
97.560005,65.318977,-1294.128784,-0.000289,0.002760,0.070098,290.553314,14.801492,0.700978,-1294.128784,294.500488,0.000000
97.570007,65.320457,-1294.039795,-0.000297,0.002760,0.070098,290.559906,14.801826,0.700978,-1294.039795,294.500488,0.000000
97.580002,65.323814,-1294.039795,-0.000289,0.002760,0.070098,290.574829,14.802588,0.700978,-1294.039795,294.500488,0.000000
97.590004,65.323067,-1294.039795,-0.000297,0.002760,0.070098,290.571503,14.802419,0.700978,-1294.039795,294.500488,0.000000
97.600006,65.322319,-1293.950806,-0.000285,0.002760,0.070098,290.568176,14.802249,0.700978,-1293.950806,294.500488,0.000000
97.610008,65.328285,-1294.039795,-0.000297,0.002760,0.070098,290.594727,14.803600,0.700978,-1294.039795,294.500488,0.000000
97.620003,65.326790,-1293.995361,-0.000285,0.002760,0.070098,290.588074,14.803262,0.700978,-1293.995361,294.500488,0.000000
97.630005,65.311516,-1293.995361,-0.000285,0.002760,0.070098,290.520142,14.799801,0.700978,-1293.995361,294.500488,0.000000
97.640007,65.308922,-1293.995361,-0.000285,0.002760,0.070098,290.508606,14.799213,0.700978,-1293.995361,294.500488,0.000000
97.650002,65.313011,-1293.950806,-0.000289,0.002760,0.070098,290.526794,14.800140,0.700978,-1293.950806,294.500488,0.000000
97.660004,65.317116,-1294.084351,-0.000293,0.002760,0.070098,290.545044,14.801069,0.700978,-1294.084351,294.500488,0.000000
97.670006,65.312263,-1293.995361,-0.000289,0.002760,0.070098,290.523468,14.799971,0.700978,-1293.995361,294.500488,0.000000
97.680008,65.306679,-1293.995361,-0.000289,0.002760,0.070098,290.498627,14.798705,0.700978,-1293.995361,294.500488,0.000000
97.690002,65.311897,-1293.995361,-0.000293,0.002760,0.070098,290.521820,14.799888,0.700978,-1293.995361,294.500488,0.000000
97.700005,65.310402,-1294.039795,-0.000289,0.002760,0.070098,290.515167,14.799548,0.700978,-1294.039795,294.500488,0.000000
97.710007,65.314873,-1294.039795,-0.000293,0.002760,0.070098,290.535065,14.800561,0.700978,-1294.039795,294.500488,0.000000
97.720001,65.321953,-1293.995361,-0.000297,0.002760,0.070098,290.566559,14.802166,0.700978,-1293.995361,294.500488,0.000000
97.730003,65.305931,-1294.039795,-0.000297,0.002760,0.070098,290.495300,14.798535,0.700978,-1294.039795,294.500488,0.000000
97.740005,65.308922,-1294.084351,-0.000306,0.002760,0.070098,290.508606,14.799213,0.700978,-1294.084351,294.500488,0.000000
97.750008,65.307060,-1293.950806,-0.000293,0.002760,0.070098,290.500305,14.798792,0.700978,-1293.950806,294.500488,0.000000
97.760002,65.303703,-1293.995361,-0.000293,0.002760,0.070098,290.485382,14.798031,0.700978,-1293.995361,294.500488,0.000000
97.770004,65.313393,-1293.995361,-0.000289,0.002760,0.070098,290.528473,14.800226,0.700978,-1293.995361,294.500488,0.000000
97.780006,65.307426,-1294.084351,-0.000285,0.002760,0.070098,290.501953,14.798875,0.700978,-1294.084351,294.500488,0.000000
97.790001,65.302589,-1293.995361,-0.000285,0.002760,0.070098,290.480438,14.797779,0.700978,-1293.995361,294.500488,0.000000
97.800003,65.307060,-1294.039795,-0.000293,0.002760,0.070098,290.500305,14.798792,0.700978,-1294.039795,294.500488,0.000000
97.810005,65.305199,-1294.084351,-0.000293,0.002760,0.070098,290.492035,14.798369,0.700978,-1294.084351,294.500488,0.000000
97.820007,65.303703,-1294.039795,-0.000285,0.002760,0.070098,290.485382,14.798031,0.700978,-1294.039795,294.500488,0.000000
97.830002,65.308540,-1294.128784,-0.000285,0.002760,0.070098,290.506897,14.799127,0.700978,-1294.128784,294.500488,0.000000
97.840004,65.303337,-1294.084351,-0.000293,0.002760,0.070098,290.483765,14.797948,0.700978,-1294.084351,294.500488,0.000000
97.850006,65.309654,-1293.995361,-0.000289,0.002760,0.070098,290.511841,14.799379,0.700978,-1293.995361,294.500488,0.000000
97.860008,65.305565,-1294.084351,-0.000293,0.002760,0.070098,290.493652,14.798452,0.700978,-1294.084351,294.500488,0.000000
97.870003,65.301476,-1293.995361,-0.000297,0.002760,0.070098,290.475464,14.797526,0.700978,-1293.995361,294.500488,0.000000
97.880005,65.296257,-1294.039795,-0.000285,0.002760,0.070098,290.452271,14.796344,0.700978,-1294.039795,294.500488,0.000000
97.890007,65.306679,-1294.084351,-0.000293,0.002760,0.070098,290.498627,14.798705,0.700978,-1294.084351,294.500488,0.000000
97.900002,65.307426,-1294.039795,-0.000276,0.002760,0.070098,290.501953,14.798875,0.700978,-1294.039795,294.500488,0.000000
97.910004,65.305199,-1294.084351,-0.000297,0.002760,0.070098,290.492035,14.798369,0.700978,-1294.084351,294.500488,0.000000
97.920006,65.291039,-1293.950806,-0.000310,0.002760,0.070098,290.429047,14.795160,0.700978,-1293.950806,294.500488,0.000000
97.930008,65.300728,-1294.039795,-0.000285,0.002760,0.070098,290.472137,14.797357,0.700978,-1294.039795,294.500488,0.000000
97.940002,65.302956,-1294.128784,-0.000302,0.002760,0.070098,290.482056,14.797861,0.700978,-1294.128784,294.500488,0.000000
97.950005,65.302208,-1293.995361,-0.000289,0.002760,0.070098,290.478729,14.797691,0.700978,-1293.995361,294.500488,0.000000
97.960007,65.290291,-1294.039795,-0.000289,0.002760,0.070098,290.425720,14.794991,0.700978,-1294.039795,294.500488,0.000000
97.970001,65.300346,-1293.995361,-0.000289,0.002760,0.070098,290.470459,14.797271,0.700978,-1293.995361,294.500488,0.000000
97.980003,65.301094,-1293.995361,-0.000272,0.002760,0.070098,290.473785,14.797440,0.700978,-1293.995361,294.500488,0.000000
97.990005,65.291039,-1294.039795,-0.000289,0.002760,0.070098,290.429047,14.795160,0.700978,-1294.039795,294.500488,0.000000
98.000008,65.289558,-1293.950806,-0.000293,0.002760,0.070098,290.422455,14.794826,0.700978,-1293.950806,294.500488,0.000000
98.010002,65.288811,-1294.039795,-0.000285,0.002760,0.070098,290.419128,14.794656,0.700978,-1294.039795,294.500488,0.000000
98.020004,65.296257,-1294.039795,-0.000302,0.002760,0.070098,290.452271,14.796344,0.700978,-1294.039795,294.500488,0.000000
98.030006,65.290672,-1294.039795,-0.000276,0.002760,0.070098,290.427429,14.795078,0.700978,-1294.039795,294.500488,0.000000
98.040001,65.294395,-1294.039795,-0.000293,0.002760,0.070098,290.443970,14.795921,0.700978,-1294.039795,294.500488,0.000000
98.050003,65.292900,-1293.950806,-0.000280,0.002760,0.070098,290.437317,14.795583,0.700978,-1293.950806,294.500488,0.000000
98.060005,65.280251,-1294.084351,-0.000280,0.002760,0.070098,290.381042,14.792717,0.700978,-1294.084351,294.500488,0.000000
98.070007,65.294029,-1293.995361,-0.000280,0.002760,0.070098,290.442352,14.795838,0.700978,-1293.995361,294.500488,0.000000
98.080002,65.291039,-1293.950806,-0.000297,0.002760,0.070098,290.429047,14.795160,0.700978,-1293.950806,294.500488,0.000000
98.090004,65.284340,-1294.084351,-0.000289,0.002760,0.070098,290.399261,14.793643,0.700978,-1294.084351,294.500488,0.000000
98.100006,65.291420,-1293.995361,-0.000293,0.002760,0.070098,290.430756,14.795248,0.700978,-1293.995361,294.500488,0.000000
98.110008,65.279869,-1294.128784,-0.000293,0.002760,0.070098,290.379364,14.792629,0.700978,-1294.128784,294.500488,0.000000
98.120003,65.291039,-1294.084351,-0.000285,0.002760,0.070098,290.429047,14.795160,0.700978,-1294.084351,294.500488,0.000000
98.130005,65.288811,-1294.039795,-0.000267,0.002760,0.070098,290.419128,14.794656,0.700978,-1294.039795,294.500488,0.000000
98.140007,65.274666,-1294.039795,-0.000285,0.002760,0.070098,290.356201,14.791451,0.700978,-1294.039795,294.500488,0.000000
98.150002,65.282112,-1293.906372,-0.000280,0.002760,0.070098,290.389343,14.793138,0.700978,-1293.906372,294.500488,0.000000
98.160004,65.287697,-1294.039795,-0.000285,0.002760,0.070098,290.414185,14.794403,0.700978,-1294.039795,294.500488,0.000000
98.170006,65.289558,-1293.995361,-0.000280,0.002760,0.070098,290.422455,14.794826,0.700978,-1293.995361,294.500488,0.000000
98.180008,65.282112,-1293.995361,-0.000293,0.002760,0.070098,290.389343,14.793138,0.700978,-1293.995361,294.500488,0.000000
98.190002,65.277260,-1294.084351,-0.000289,0.002760,0.070098,290.367767,14.792039,0.700978,-1294.084351,294.500488,0.000000
98.200005,65.286949,-1293.995361,-0.000297,0.002760,0.070098,290.410858,14.794234,0.700978,-1293.995361,294.500488,0.000000
98.210007,65.275398,-1294.039795,-0.000293,0.002760,0.070098,290.359467,14.791616,0.700978,-1294.039795,294.500488,0.000000
98.220001,65.282112,-1294.039795,-0.000302,0.002760,0.070098,290.389343,14.793138,0.700978,-1294.039795,294.500488,0.000000
98.230003,65.285088,-1294.039795,-0.000285,0.002760,0.070098,290.402588,14.793813,0.700978,-1294.039795,294.500488,0.000000
98.240005,65.293648,-1294.039795,-0.000293,0.002760,0.070098,290.440643,14.795753,0.700978,-1294.039795,294.500488,0.000000
98.250008,65.286201,-1294.039795,-0.000280,0.002760,0.070098,290.407532,14.794065,0.700978,-1294.039795,294.500488,0.000000
98.260002,65.272423,-1294.084351,-0.000280,0.002760,0.070098,290.346252,14.790943,0.700978,-1294.084351,294.500488,0.000000
98.270004,65.273170,-1293.950806,-0.000293,0.002760,0.070098,290.349548,14.791112,0.700978,-1293.950806,294.500488,0.000000
98.280006,65.275398,-1294.128784,-0.000285,0.002760,0.070098,290.359467,14.791616,0.700978,-1294.128784,294.500488,0.000000
98.290001,65.275032,-1294.039795,-0.000285,0.002760,0.070098,290.357849,14.791533,0.700978,-1294.039795,294.500488,0.000000
98.300003,65.277260,-1293.950806,-0.000289,0.002760,0.070098,290.367767,14.792039,0.700978,-1293.950806,294.500488,0.000000
98.310005,65.277260,-1294.084351,-0.000285,0.002760,0.070098,290.367767,14.792039,0.700978,-1294.084351,294.500488,0.000000
98.320007,65.266838,-1294.039795,-0.000280,0.002760,0.070098,290.321381,14.789678,0.700978,-1294.039795,294.500488,0.000000
98.330002,65.265343,-1294.039795,-0.000280,0.002760,0.070098,290.314758,14.789338,0.700978,-1294.039795,294.500488,0.000000
98.340004,65.274666,-1294.039795,-0.000306,0.002760,0.070098,290.356201,14.791451,0.700978,-1294.039795,294.500488,0.000000
98.350006,65.270927,-1294.039795,-0.000293,0.002760,0.070098,290.339600,14.790604,0.700978,-1294.039795,294.500488,0.000000
98.360008,65.256416,-1294.039795,-0.000285,0.002760,0.070098,290.275024,14.787314,0.700978,-1294.039795,294.500488,0.000000
98.370003,65.277641,-1293.950806,-0.000297,0.002760,0.070098,290.369446,14.792125,0.700978,-1293.950806,294.500488,0.000000
98.380005,65.273170,-1293.995361,-0.000280,0.002760,0.070098,290.349548,14.791112,0.700978,-1293.995361,294.500488,0.000000
98.390007,65.259026,-1294.084351,-0.000285,0.002760,0.070098,290.286652,14.787907,0.700978,-1294.084351,294.500488,0.000000
98.400002,65.274284,-1293.950806,-0.000276,0.002760,0.070098,290.354523,14.791364,0.700978,-1293.950806,294.500488,0.000000
98.410004,65.270561,-1294.084351,-0.000293,0.002760,0.070098,290.337952,14.790521,0.700978,-1294.084351,294.500488,0.000000
98.420006,65.276527,-1294.039795,-0.000289,0.002760,0.070098,290.364502,14.791872,0.700978,-1294.039795,294.500488,0.000000
98.430008,65.272057,-1294.039795,-0.000293,0.002760,0.070098,290.344604,14.790859,0.700978,-1294.039795,294.500488,0.000000
98.440002,65.269447,-1294.039795,-0.000297,0.002760,0.070098,290.333008,14.790268,0.700978,-1294.039795,294.500488,0.000000
98.450005,65.266090,-1294.039795,-0.000297,0.002760,0.070098,290.318085,14.789508,0.700978,-1294.039795,294.500488,0.000000
98.460007,65.267204,-1294.084351,-0.000293,0.002760,0.070098,290.323029,14.789760,0.700978,-1294.084351,294.500488,0.000000
98.470001,65.264229,-1293.995361,-0.000289,0.002760,0.070098,290.309784,14.789085,0.700978,-1293.995361,294.500488,0.000000
98.480003,65.267586,-1294.084351,-0.000293,0.002760,0.070098,290.324707,14.789846,0.700978,-1294.084351,294.500488,0.000000
98.490005,65.265724,-1294.039795,-0.000293,0.002760,0.070098,290.316437,14.789425,0.700978,-1294.039795,294.500488,0.000000
98.500008,65.270561,-1293.995361,-0.000285,0.002760,0.070098,290.337952,14.790521,0.700978,-1293.995361,294.500488,0.000000
98.510002,65.263863,-1294.039795,-0.000297,0.002760,0.070098,290.308167,14.789002,0.700978,-1294.039795,294.500488,0.000000
98.520004,65.264229,-1293.950806,-0.000297,0.002760,0.070098,290.309784,14.789085,0.700978,-1293.950806,294.500488,0.000000
98.530006,65.270927,-1294.039795,-0.000289,0.002760,0.070098,290.339600,14.790604,0.700978,-1294.039795,294.500488,0.000000
98.540001,65.269066,-1294.084351,-0.000293,0.002760,0.070098,290.331299,14.790182,0.700978,-1294.084351,294.500488,0.000000
98.550003,65.258644,-1293.995361,-0.000280,0.002760,0.070098,290.284943,14.787820,0.700978,-1293.995361,294.500488,0.000000
98.560005,65.256783,-1294.084351,-0.000293,0.002760,0.070098,290.276672,14.787398,0.700978,-1294.084351,294.500488,0.000000
98.570007,65.264229,-1294.039795,-0.000289,0.002760,0.070098,290.309784,14.789085,0.700978,-1294.039795,294.500488,0.000000
98.580002,65.260887,-1294.039795,-0.000276,0.002760,0.070098,290.294922,14.788328,0.700978,-1294.039795,294.500488,0.000000
98.590004,65.253807,-1294.039795,-0.000293,0.002760,0.070098,290.263428,14.786724,0.700978,-1294.039795,294.500488,0.000000
98.600006,65.257896,-1294.039795,-0.000289,0.002760,0.070098,290.281616,14.787651,0.700978,-1294.039795,294.500488,0.000000
98.610008,65.265343,-1294.084351,-0.000293,0.002760,0.070098,290.314758,14.789338,0.700978,-1294.084351,294.500488,0.000000
98.620003,65.266838,-1293.995361,-0.000276,0.002760,0.070098,290.321381,14.789678,0.700978,-1293.995361,294.500488,0.000000
98.630005,65.255302,-1294.084351,-0.000293,0.002760,0.070098,290.270081,14.787063,0.700978,-1294.084351,294.500488,0.000000
98.640007,65.251564,-1294.039795,-0.000297,0.002760,0.070098,290.253448,14.786216,0.700978,-1294.039795,294.500488,0.000000
98.650002,65.252312,-1293.995361,-0.000289,0.002760,0.070098,290.256775,14.786386,0.700978,-1293.995361,294.500488,0.000000
98.660004,65.245613,-1294.039795,-0.000289,0.002760,0.070098,290.226990,14.784867,0.700978,-1294.039795,294.500488,0.000000
98.670006,65.247841,-1293.995361,-0.000285,0.002760,0.070098,290.236877,14.785373,0.700978,-1293.995361,294.500488,0.000000
98.680008,65.257164,-1294.039795,-0.000289,0.002760,0.070098,290.278351,14.787484,0.700978,-1294.039795,294.500488,0.000000
98.690002,65.258644,-1294.039795,-0.000289,0.002760,0.070098,290.284943,14.787820,0.700978,-1294.039795,294.500488,0.000000
98.700005,65.253059,-1294.084351,-0.000280,0.002760,0.070098,290.260101,14.786554,0.700978,-1294.084351,294.500488,0.000000
98.710007,65.240028,-1294.084351,-0.000280,0.002760,0.070098,290.202148,14.783602,0.700978,-1294.084351,294.500488,0.000000
98.720001,65.243385,-1293.950806,-0.000293,0.002760,0.070098,290.217072,14.784363,0.700978,-1293.950806,294.500488,0.000000
98.730003,65.254921,-1293.995361,-0.000289,0.002760,0.070098,290.268372,14.786977,0.700978,-1293.995361,294.500488,0.000000
98.740005,65.248589,-1294.039795,-0.000297,0.002760,0.070098,290.240204,14.785542,0.700978,-1294.039795,294.500488,0.000000
98.750008,65.244865,-1293.950806,-0.000297,0.002760,0.070098,290.223663,14.784698,0.700978,-1293.950806,294.500488,0.000000
98.760002,65.240028,-1294.039795,-0.000293,0.002760,0.070098,290.202148,14.783602,0.700978,-1294.039795,294.500488,0.000000
98.770004,65.228477,-1294.039795,-0.000276,0.002760,0.070098,290.150757,14.780985,0.700978,-1294.039795,294.500488,0.000000
98.780006,65.237419,-1293.950806,-0.000293,0.002760,0.070098,290.190521,14.783010,0.700978,-1293.950806,294.500488,0.000000
98.790001,65.237053,-1294.039795,-0.000297,0.002760,0.070098,290.188904,14.782928,0.700978,-1294.039795,294.500488,0.000000
98.800003,65.238167,-1293.995361,-0.000293,0.002760,0.070098,290.193848,14.783179,0.700978,-1293.995361,294.500488,0.000000
98.810005,65.247475,-1294.084351,-0.000293,0.002760,0.070098,290.235260,14.785289,0.700978,-1294.084351,294.500488,0.000000
98.820007,65.260506,-1293.950806,-0.000285,0.002760,0.070098,290.293213,14.788242,0.700978,-1293.950806,294.500488,0.000000
98.830002,65.246361,-1293.995361,-0.000280,0.002760,0.070098,290.230316,14.785036,0.700978,-1293.995361,294.500488,0.000000
98.840004,65.236671,-1294.084351,-0.000289,0.002760,0.070098,290.187195,14.782842,0.700978,-1294.084351,294.500488,0.000000
98.850006,65.237801,-1293.995361,-0.000289,0.002760,0.070098,290.192230,14.783097,0.700978,-1293.995361,294.500488,0.000000
98.860008,65.232201,-1294.084351,-0.000285,0.002760,0.070098,290.167328,14.781828,0.700978,-1294.084351,294.500488,0.000000
98.870003,65.240028,-1293.995361,-0.000285,0.002760,0.070098,290.202148,14.783602,0.700978,-1293.995361,294.500488,0.000000
98.880005,65.242638,-1294.039795,-0.000280,0.002760,0.070098,290.213745,14.784193,0.700978,-1294.039795,294.500488,0.000000
98.890007,65.235558,-1294.039795,-0.000285,0.002760,0.070098,290.182251,14.782589,0.700978,-1294.039795,294.500488,0.000000
98.900002,65.225883,-1293.950806,-0.000280,0.002760,0.070098,290.139221,14.780396,0.700978,-1293.950806,294.500488,0.000000
98.910004,65.231087,-1294.039795,-0.000280,0.002760,0.070098,290.162354,14.781575,0.700978,-1294.039795,294.500488,0.000000
98.920006,65.231087,-1293.995361,-0.000280,0.002760,0.070098,290.162354,14.781575,0.700978,-1293.995361,294.500488,0.000000
98.930008,65.231087,-1294.084351,-0.000293,0.002760,0.070098,290.162354,14.781575,0.700978,-1294.084351,294.500488,0.000000
98.940002,65.224022,-1294.039795,-0.000289,0.002760,0.070098,290.130951,14.779975,0.700978,-1294.039795,294.500488,0.000000
98.950005,65.229225,-1294.039795,-0.000280,0.002760,0.070098,290.154083,14.781154,0.700978,-1294.039795,294.500488,0.000000
98.960007,65.237053,-1294.039795,-0.000293,0.002760,0.070098,290.188904,14.782928,0.700978,-1294.039795,294.500488,0.000000
98.970001,65.238167,-1294.039795,-0.000285,0.002760,0.070098,290.193848,14.783179,0.700978,-1294.039795,294.500488,0.000000
98.980003,65.233696,-1294.039795,-0.000297,0.002760,0.070098,290.173981,14.782166,0.700978,-1294.039795,294.500488,0.000000
98.990005,65.224388,-1294.084351,-0.000285,0.002760,0.070098,290.132568,14.780058,0.700978,-1294.084351,294.500488,0.000000
99.000008,65.234062,-1293.950806,-0.000280,0.002760,0.070098,290.175598,14.782249,0.700978,-1293.950806,294.500488,0.000000
99.010002,65.232582,-1293.995361,-0.000276,0.002760,0.070098,290.169006,14.781914,0.700978,-1293.995361,294.500488,0.000000
99.020004,65.230721,-1293.950806,-0.000289,0.002760,0.070098,290.160736,14.781493,0.700978,-1293.950806,294.500488,0.000000
99.030006,65.225502,-1294.039795,-0.000285,0.002760,0.070098,290.137512,14.780310,0.700978,-1294.039795,294.500488,0.000000
99.040001,65.229225,-1294.039795,-0.000289,0.002760,0.070098,290.154083,14.781154,0.700978,-1294.039795,294.500488,0.000000
99.050003,65.220299,-1293.950806,-0.000280,0.002760,0.070098,290.114380,14.779131,0.700978,-1293.950806,294.500488,0.000000
99.060005,65.221413,-1294.039795,-0.000293,0.002760,0.070098,290.119324,14.779383,0.700978,-1294.039795,294.500488,0.000000
99.070007,65.216194,-1294.084351,-0.000293,0.002760,0.070098,290.096130,14.778201,0.700978,-1294.084351,294.500488,0.000000
99.080002,65.219551,-1294.039795,-0.000293,0.002760,0.070098,290.111053,14.778962,0.700978,-1294.039795,294.500488,0.000000
99.090004,65.221031,-1294.128784,-0.000289,0.002760,0.070098,290.117645,14.779297,0.700978,-1294.128784,294.500488,0.000000
99.100006,65.221413,-1294.084351,-0.000289,0.002760,0.070098,290.119324,14.779383,0.700978,-1294.084351,294.500488,0.000000
99.110008,65.219917,-1294.039795,-0.000280,0.002760,0.070098,290.112671,14.779044,0.700978,-1294.039795,294.500488,0.000000
99.120003,65.223274,-1293.950806,-0.000297,0.002760,0.070098,290.127625,14.779805,0.700978,-1293.950806,294.500488,0.000000
99.130005,65.219917,-1294.084351,-0.000297,0.002760,0.070098,290.112671,14.779044,0.700978,-1294.084351,294.500488,0.000000
99.140007,65.222160,-1294.084351,-0.000302,0.002760,0.070098,290.122650,14.779552,0.700978,-1294.084351,294.500488,0.000000
99.150002,65.214714,-1294.039795,-0.000280,0.002760,0.070098,290.089539,14.777865,0.700978,-1294.039795,294.500488,0.000000
99.160004,65.207253,-1294.084351,-0.000289,0.002760,0.070098,290.056335,14.776175,0.700978,-1294.084351,294.500488,0.000000
99.170006,65.203163,-1294.039795,-0.000289,0.002760,0.070098,290.038147,14.775248,0.700978,-1294.039795,294.500488,0.000000
99.180008,65.222160,-1294.084351,-0.000289,0.002760,0.070098,290.122650,14.779552,0.700978,-1294.084351,294.500488,0.000000
99.190002,65.228111,-1293.995361,-0.000293,0.002760,0.070098,290.149139,14.780901,0.700978,-1293.995361,294.500488,0.000000
99.200005,65.218803,-1294.039795,-0.000285,0.002760,0.070098,290.107727,14.778792,0.700978,-1294.039795,294.500488,0.000000
99.210007,65.210609,-1294.039795,-0.000285,0.002760,0.070098,290.071289,14.776936,0.700978,-1294.039795,294.500488,0.000000
99.220001,65.212837,-1294.039795,-0.000293,0.002760,0.070098,290.081177,14.777440,0.700978,-1294.039795,294.500488,0.000000
99.230003,65.220299,-1294.084351,-0.000285,0.002760,0.070098,290.114380,14.779131,0.700978,-1294.084351,294.500488,0.000000
99.240005,65.219551,-1294.128784,-0.000310,0.002760,0.070098,290.111053,14.778962,0.700978,-1294.128784,294.500488,0.000000
99.250008,65.212471,-1293.950806,-0.000289,0.002760,0.070098,290.079559,14.777357,0.700978,-1293.950806,294.500488,0.000000
99.260002,65.203529,-1294.084351,-0.000293,0.002760,0.070098,290.039795,14.775331,0.700978,-1294.084351,294.500488,0.000000
99.270004,65.205391,-1294.084351,-0.000289,0.002760,0.070098,290.048065,14.775753,0.700978,-1294.084351,294.500488,0.000000
99.280006,65.205772,-1294.084351,-0.000280,0.002760,0.070098,290.049774,14.775839,0.700978,-1294.084351,294.500488,0.000000
99.290001,65.191246,-1294.039795,-0.000280,0.002760,0.070098,289.985138,14.772547,0.700978,-1294.039795,294.500488,0.000000
99.300003,65.195351,-1294.039795,-0.000285,0.002760,0.070098,290.003418,14.773478,0.700978,-1294.039795,294.500488,0.000000
99.310005,65.195717,-1294.039795,-0.000285,0.002760,0.070098,290.005035,14.773561,0.700978,-1294.039795,294.500488,0.000000
99.320007,65.207634,-1293.995361,-0.000297,0.002760,0.070098,290.058044,14.776261,0.700978,-1293.995361,294.500488,0.000000
99.330002,65.200554,-1294.039795,-0.000293,0.002760,0.070098,290.026550,14.774657,0.700978,-1294.039795,294.500488,0.000000
99.340004,65.199440,-1293.995361,-0.000289,0.002760,0.070098,290.021606,14.774405,0.700978,-1293.995361,294.500488,0.000000
99.350006,65.194603,-1293.906372,-0.000289,0.002760,0.070098,290.000092,14.773308,0.700978,-1293.906372,294.500488,0.000000
99.360008,65.187889,-1294.084351,-0.000289,0.002760,0.070098,289.970215,14.771787,0.700978,-1294.084351,294.500488,0.000000
99.370003,65.198326,-1294.039795,-0.000297,0.002760,0.070098,290.016632,14.774152,0.700978,-1294.039795,294.500488,0.000000
99.380005,65.196083,-1294.039795,-0.000289,0.002760,0.070098,290.006653,14.773643,0.700978,-1294.039795,294.500488,0.000000
99.390007,65.193474,-1294.084351,-0.000289,0.002760,0.070098,289.995056,14.773052,0.700978,-1294.084351,294.500488,0.000000
99.400002,65.199074,-1294.039795,-0.000285,0.002760,0.070098,290.019958,14.774321,0.700978,-1294.039795,294.500488,0.000000
99.410004,65.202049,-1294.084351,-0.000293,0.002760,0.070098,290.033203,14.774996,0.700978,-1294.084351,294.500488,0.000000
99.420006,65.190132,-1294.039795,-0.000289,0.002760,0.070098,289.980194,14.772295,0.700978,-1294.039795,294.500488,0.000000
99.430008,65.182686,-1294.039795,-0.000289,0.002760,0.070098,289.947083,14.770608,0.700978,-1294.039795,294.500488,0.000000
99.440002,65.181572,-1294.039795,-0.000302,0.002760,0.070098,289.942108,14.770355,0.700978,-1294.039795,294.500488,0.000000
99.450005,65.185295,-1293.995361,-0.000293,0.002760,0.070098,289.958679,14.771199,0.700978,-1293.995361,294.500488,0.000000
99.460007,65.179710,-1294.084351,-0.000280,0.002760,0.070098,289.933838,14.769934,0.700978,-1294.084351,294.500488,0.000000
99.470001,65.186775,-1294.039795,-0.000297,0.002760,0.070098,289.965271,14.771534,0.700978,-1294.039795,294.500488,0.000000
99.480003,65.184914,-1294.039795,-0.000280,0.002760,0.070098,289.956970,14.771112,0.700978,-1294.039795,294.500488,0.000000
99.490005,65.185295,-1294.039795,-0.000293,0.002760,0.070098,289.958679,14.771199,0.700978,-1294.039795,294.500488,0.000000
99.500008,65.188271,-1293.995361,-0.000280,0.002760,0.070098,289.971924,14.771873,0.700978,-1293.995361,294.500488,0.000000
99.510002,65.178581,-1294.084351,-0.000293,0.002760,0.070098,289.928802,14.769677,0.700978,-1294.084351,294.500488,0.000000
99.520004,65.181190,-1293.995361,-0.000293,0.002760,0.070098,289.940430,14.770268,0.700978,-1293.995361,294.500488,0.000000
99.530006,65.189018,-1294.039795,-0.000289,0.002760,0.070098,289.975250,14.772042,0.700978,-1294.039795,294.500488,0.000000
99.540001,65.177101,-1294.084351,-0.000297,0.002760,0.070098,289.922211,14.769342,0.700978,-1294.084351,294.500488,0.000000
99.550003,65.187523,-1293.950806,-0.000280,0.002760,0.070098,289.968597,14.771704,0.700978,-1293.950806,294.500488,0.000000
99.560005,65.177101,-1294.084351,-0.000293,0.002760,0.070098,289.922211,14.769342,0.700978,-1294.084351,294.500488,0.000000
99.570007,65.174492,-1294.039795,-0.000285,0.002760,0.070098,289.910614,14.768751,0.700978,-1294.039795,294.500488,0.000000
99.580002,65.179710,-1294.039795,-0.000289,0.002760,0.070098,289.933838,14.769934,0.700978,-1294.039795,294.500488,0.000000
99.590004,65.190498,-1294.084351,-0.000293,0.002760,0.070098,289.981812,14.772378,0.700978,-1294.084351,294.500488,0.000000
99.600006,65.192360,-1293.950806,-0.000280,0.002760,0.070098,289.990112,14.772799,0.700978,-1293.950806,294.500488,0.000000
99.610008,65.176720,-1294.084351,-0.000280,0.002760,0.070098,289.920532,14.769256,0.700978,-1294.084351,294.500488,0.000000
99.620003,65.172630,-1294.039795,-0.000289,0.002760,0.070098,289.902344,14.768330,0.700978,-1294.039795,294.500488,0.000000
99.630005,65.172997,-1294.084351,-0.000302,0.002760,0.070098,289.903961,14.768412,0.700978,-1294.084351,294.500488,0.000000
99.640007,65.168526,-1294.039795,-0.000289,0.002760,0.070098,289.884094,14.767399,0.700978,-1294.039795,294.500488,0.000000
99.650002,65.162575,-1293.995361,-0.000285,0.002760,0.070098,289.857605,14.766050,0.700978,-1293.995361,294.500488,0.000000
99.660004,65.152885,-1294.039795,-0.000285,0.002760,0.070098,289.814514,14.763855,0.700978,-1294.039795,294.500488,0.000000
99.670006,65.162209,-1293.950806,-0.000302,0.002760,0.070098,289.855988,14.765968,0.700978,-1293.950806,294.500488,0.000000
99.680008,65.170387,-1294.084351,-0.000276,0.002760,0.070098,289.892365,14.767821,0.700978,-1294.084351,294.500488,0.000000
99.690002,65.166298,-1294.039795,-0.000297,0.002760,0.070098,289.874176,14.766894,0.700978,-1294.039795,294.500488,0.000000
99.700005,65.151772,-1294.039795,-0.000293,0.002760,0.070098,289.809540,14.763602,0.700978,-1294.039795,294.500488,0.000000
99.710007,65.157738,-1294.039795,-0.000302,0.002760,0.070098,289.836090,14.764955,0.700978,-1294.039795,294.500488,0.000000
99.720001,65.163322,-1294.039795,-0.000280,0.002760,0.070098,289.860931,14.766220,0.700978,-1294.039795,294.500488,0.000000
99.730003,65.163689,-1294.039795,-0.000280,0.002760,0.070098,289.862549,14.766303,0.700978,-1294.039795,294.500488,0.000000
99.740005,65.156242,-1294.039795,-0.000293,0.002760,0.070098,289.829437,14.764615,0.700978,-1294.039795,294.500488,0.000000
99.750008,65.164803,-1294.039795,-0.000276,0.002760,0.070098,289.867523,14.766556,0.700978,-1294.039795,294.500488,0.000000
99.760002,65.164803,-1294.084351,-0.000285,0.002760,0.070098,289.867523,14.766556,0.700978,-1294.084351,294.500488,0.000000
99.770004,65.162941,-1293.995361,-0.000306,0.002760,0.070098,289.859253,14.766133,0.700978,-1293.995361,294.500488,0.000000
99.780006,65.154381,-1294.039795,-0.000289,0.002760,0.070098,289.821167,14.764194,0.700978,-1294.039795,294.500488,0.000000
99.790009,65.150658,-1294.084351,-0.000289,0.002760,0.070098,289.804596,14.763350,0.700978,-1294.084351,294.500488,0.000000
99.800003,65.157738,-1293.950806,-0.000276,0.002760,0.070098,289.836090,14.764955,0.700978,-1293.950806,294.500488,0.000000
99.810005,65.163689,-1294.084351,-0.000293,0.002760,0.070098,289.862549,14.766303,0.700978,-1294.084351,294.500488,0.000000
99.820007,65.151024,-1294.039795,-0.000280,0.002760,0.070098,289.806213,14.763433,0.700978,-1294.039795,294.500488,0.000000
99.830002,65.146935,-1294.084351,-0.000297,0.002760,0.070098,289.788025,14.762506,0.700978,-1294.084351,294.500488,0.000000
99.840004,65.143959,-1294.084351,-0.000289,0.002760,0.070098,289.774811,14.761832,0.700978,-1294.084351,294.500488,0.000000
99.850006,65.148048,-1293.950806,-0.000280,0.002760,0.070098,289.792999,14.762759,0.700978,-1293.950806,294.500488,0.000000
99.860008,65.146187,-1294.039795,-0.000272,0.002760,0.070098,289.784698,14.762337,0.700978,-1294.039795,294.500488,0.000000
99.870003,65.155128,-1293.995361,-0.000289,0.002760,0.070098,289.824493,14.764363,0.700978,-1293.995361,294.500488,0.000000
99.880005,65.139122,-1294.039795,-0.000272,0.002760,0.070098,289.753296,14.760736,0.700978,-1294.039795,294.500488,0.000000
99.890007,65.142097,-1294.084351,-0.000285,0.002760,0.070098,289.766510,14.761411,0.700978,-1294.084351,294.500488,0.000000
99.900002,65.144325,-1294.039795,-0.000289,0.002760,0.070098,289.776428,14.761915,0.700978,-1294.039795,294.500488,0.000000
99.910004,65.145821,-1293.995361,-0.000285,0.002760,0.070098,289.783081,14.762254,0.700978,-1293.995361,294.500488,0.000000
99.920006,65.147301,-1294.039795,-0.000276,0.002760,0.070098,289.789673,14.762589,0.700978,-1294.039795,294.500488,0.000000
99.930008,65.146568,-1294.084351,-0.000276,0.002760,0.070098,289.786407,14.762424,0.700978,-1294.084351,294.500488,0.000000
99.940002,65.145821,-1294.039795,-0.000297,0.002760,0.070098,289.783081,14.762254,0.700978,-1294.039795,294.500488,0.000000
99.950005,65.136513,-1293.995361,-0.000280,0.002760,0.070098,289.741669,14.760145,0.700978,-1293.995361,294.500488,0.000000
99.960007,65.134270,-1294.084351,-0.000285,0.002760,0.070098,289.731689,14.759637,0.700978,-1294.084351,294.500488,0.000000
99.970001,65.133904,-1294.084351,-0.000297,0.002760,0.070098,289.730072,14.759553,0.700978,-1294.084351,294.500488,0.000000
99.980003,65.137627,-1294.039795,-0.000272,0.002760,0.070098,289.746643,14.760398,0.700978,-1294.039795,294.500488,0.000000
99.990005,65.142464,-1294.084351,-0.000280,0.002760,0.070098,289.768158,14.761494,0.700978,-1294.084351,294.500488,0.000000
100.000008,65.135017,-1293.995361,-0.000280,0.002760,0.070098,289.735016,14.759806,0.700978,-1293.995361,294.500488,0.000000
100.010002,65.121620,-1294.128784,-0.000289,0.002760,0.070098,289.675446,14.756769,0.700978,-1294.128784,294.500488,0.000000
100.020004,65.127571,-1293.995361,-0.000289,0.002760,0.070098,289.701904,14.758119,0.700978,-1293.995361,294.500488,0.000000
100.030006,65.146187,-1294.039795,-0.000285,0.002760,0.070098,289.784698,14.762337,0.700978,-1294.039795,294.500488,0.000000
100.040009,65.137260,-1293.995361,-0.000297,0.002760,0.070098,289.744995,14.760314,0.700978,-1293.995361,294.500488,0.000000
100.050003,65.129066,-1293.995361,-0.000285,0.002760,0.070098,289.708557,14.758457,0.700978,-1293.995361,294.500488,0.000000
100.060005,65.129433,-1294.128784,-0.000302,0.002760,0.070098,289.710175,14.758540,0.700978,-1294.128784,294.500488,0.000000
100.070007,65.124596,-1294.039795,-0.000293,0.002760,0.070098,289.688660,14.757444,0.700978,-1294.039795,294.500488,0.000000
100.080002,65.125710,-1294.084351,-0.000289,0.002760,0.070098,289.693634,14.757697,0.700978,-1294.084351,294.500488,0.000000
100.090004,65.130547,-1294.039795,-0.000293,0.002760,0.070098,289.715149,14.758793,0.700978,-1294.039795,294.500488,0.000000
100.100006,65.126457,-1294.084351,-0.000297,0.002760,0.070098,289.696960,14.757866,0.700978,-1294.084351,294.500488,0.000000
100.110008,65.119377,-1294.084351,-0.000297,0.002760,0.070098,289.665466,14.756262,0.700978,-1294.084351,294.500488,0.000000
100.120003,65.118263,-1294.039795,-0.000297,0.002760,0.070098,289.660492,14.756009,0.700978,-1294.039795,294.500488,0.000000
100.130005,65.124214,-1293.995361,-0.000285,0.002760,0.070098,289.686981,14.757359,0.700978,-1293.995361,294.500488,0.000000
100.140007,65.113426,-1293.995361,-0.000302,0.002760,0.070098,289.638977,14.754913,0.700978,-1293.995361,294.500488,0.000000
100.150002,65.119377,-1293.995361,-0.000285,0.002760,0.070098,289.665466,14.756262,0.700978,-1293.995361,294.500488,0.000000
100.160004,65.119377,-1294.084351,-0.000285,0.002760,0.070098,289.665466,14.756262,0.700978,-1294.084351,294.500488,0.000000
100.170006,65.113792,-1293.950806,-0.000293,0.002760,0.070098,289.640625,14.754995,0.700978,-1293.950806,294.500488,0.000000
100.180008,65.110069,-1294.084351,-0.000280,0.002760,0.070098,289.624054,14.754152,0.700978,-1294.084351,294.500488,0.000000
100.190002,65.104485,-1294.039795,-0.000302,0.002760,0.070107,289.599213,14.752887,0.701069,-1294.039795,294.500488,0.000000
100.200005,65.105598,-1293.995361,-0.000297,0.002760,0.070107,289.604156,14.753139,0.701069,-1293.995361,294.500488,0.000000
100.210007,65.114906,-1294.084351,-0.000280,0.002760,0.070107,289.645569,14.755248,0.701069,-1294.084351,294.500488,0.000000
100.220001,65.098534,-1293.995361,-0.000280,0.002760,0.070107,289.572754,14.751538,0.701069,-1293.995361,294.500488,0.000000
100.230003,65.101509,-1294.039795,-0.000293,0.002760,0.070107,289.585968,14.752213,0.701069,-1294.039795,294.500488,0.000000
100.240005,65.103371,-1294.084351,-0.000297,0.002760,0.070107,289.594269,14.752634,0.701069,-1294.084351,294.500488,0.000000
100.250008,65.104485,-1293.995361,-0.000289,0.002760,0.070107,289.599213,14.752887,0.701069,-1293.995361,294.500488,0.000000
100.260002,65.097038,-1294.084351,-0.000280,0.002760,0.070107,289.566101,14.751200,0.701069,-1294.084351,294.500488,0.000000
100.270004,65.099648,-1293.995361,-0.000293,0.002760,0.070107,289.577698,14.751791,0.701069,-1293.995361,294.500488,0.000000
100.280006,65.096291,-1294.039795,-0.000289,0.002760,0.070107,289.562775,14.751030,0.701069,-1294.039795,294.500488,0.000000
100.290009,65.095177,-1293.995361,-0.000297,0.002760,0.070107,289.557800,14.750778,0.701069,-1293.995361,294.500488,0.000000
100.300003,65.107094,-1293.995361,-0.000285,0.002760,0.070107,289.610809,14.753479,0.701069,-1293.995361,294.500488,0.000000
100.310005,65.096291,-1294.084351,-0.000285,0.002760,0.070107,289.562775,14.751030,0.701069,-1294.084351,294.500488,0.000000
100.320007,65.088844,-1294.084351,-0.000302,0.002760,0.070107,289.529633,14.749343,0.701069,-1294.084351,294.500488,0.000000
100.330002,65.093681,-1294.084351,-0.000285,0.002760,0.070107,289.551147,14.750440,0.701069,-1294.084351,294.500488,0.000000
100.340004,65.107841,-1294.084351,-0.000289,0.002760,0.070107,289.614136,14.753648,0.701069,-1294.084351,294.500488,0.000000
100.350006,65.097786,-1293.995361,-0.000293,0.002760,0.070107,289.569427,14.751369,0.701069,-1293.995361,294.500488,0.000000
100.360008,65.091820,-1294.084351,-0.000280,0.002760,0.070107,289.542877,14.750017,0.701069,-1294.084351,294.500488,0.000000
100.370003,65.097786,-1294.039795,-0.000306,0.002760,0.070107,289.569427,14.751369,0.701069,-1294.039795,294.500488,0.000000
100.380005,65.096291,-1294.039795,-0.000285,0.002760,0.070107,289.562775,14.751030,0.701069,-1294.039795,294.500488,0.000000
100.390007,65.101875,-1294.039795,-0.000285,0.002760,0.070107,289.587616,14.752295,0.701069,-1294.039795,294.500488,0.000000
100.400002,65.100761,-1293.995361,-0.000285,0.002760,0.070107,289.582642,14.752044,0.701069,-1293.995361,294.500488,0.000000
100.410004,65.087730,-1294.084351,-0.000289,0.002760,0.070107,289.524689,14.749090,0.701069,-1294.084351,294.500488,0.000000
100.420006,65.085121,-1293.995361,-0.000293,0.002760,0.070107,289.513092,14.748499,0.701069,-1293.995361,294.500488,0.000000
100.430008,65.091820,-1294.084351,-0.000280,0.002760,0.070107,289.542877,14.750017,0.701069,-1294.084351,294.500488,0.000000
100.440002,65.089211,-1294.039795,-0.000302,0.002760,0.070107,289.531281,14.749426,0.701069,-1294.039795,294.500488,0.000000
100.450005,65.087730,-1294.084351,-0.000289,0.002760,0.070107,289.524689,14.749090,0.701069,-1294.084351,294.500488,0.000000
100.460007,65.088097,-1294.039795,-0.000289,0.002760,0.070107,289.526306,14.749174,0.701069,-1294.039795,294.500488,0.000000
100.470001,65.083626,-1294.039795,-0.000293,0.002760,0.070107,289.506439,14.748160,0.701069,-1294.039795,294.500488,0.000000
100.480003,65.096291,-1294.039795,-0.000289,0.002760,0.070107,289.562775,14.751030,0.701069,-1294.039795,294.500488,0.000000
100.490005,65.102623,-1294.084351,-0.000280,0.002760,0.070107,289.590942,14.752465,0.701069,-1294.084351,294.500488,0.000000
100.500008,65.096657,-1294.039795,-0.000289,0.002760,0.070107,289.564392,14.751113,0.701069,-1294.039795,294.500488,0.000000
100.510002,65.090340,-1294.084351,-0.000297,0.002760,0.070107,289.536285,14.749682,0.701069,-1294.084351,294.500488,0.000000
100.520004,65.087349,-1293.995361,-0.000293,0.002760,0.070107,289.522980,14.749004,0.701069,-1293.995361,294.500488,0.000000
100.530006,65.085121,-1294.084351,-0.000280,0.002760,0.070107,289.513092,14.748499,0.701069,-1294.084351,294.500488,0.000000
100.540009,65.075066,-1294.084351,-0.000285,0.002760,0.070107,289.468353,14.746221,0.701069,-1294.084351,294.500488,0.000000
100.550003,65.091072,-1293.950806,-0.000280,0.002760,0.070107,289.539551,14.749847,0.701069,-1293.950806,294.500488,0.000000
100.560005,65.089958,-1293.995361,-0.000297,0.002760,0.070107,289.534607,14.749595,0.701069,-1293.995361,294.500488,0.000000
100.570007,65.092567,-1294.039795,-0.000297,0.002760,0.070107,289.546204,14.750187,0.701069,-1294.039795,294.500488,0.000000
100.580002,65.082893,-1294.039795,-0.000280,0.002760,0.070107,289.503174,14.747994,0.701069,-1294.039795,294.500488,0.000000
100.590004,65.079536,-1293.995361,-0.000293,0.002760,0.070107,289.488251,14.747233,0.701069,-1293.995361,294.500488,0.000000
100.600006,65.083260,-1293.995361,-0.000285,0.002760,0.070107,289.504791,14.748077,0.701069,-1293.995361,294.500488,0.000000
100.610008,65.083260,-1294.039795,-0.000280,0.002760,0.070107,289.504791,14.748077,0.701069,-1294.039795,294.500488,0.000000
100.620003,65.088478,-1293.950806,-0.000293,0.002760,0.070107,289.528015,14.749260,0.701069,-1293.950806,294.500488,0.000000
100.630005,65.082893,-1294.039795,-0.000289,0.002760,0.070107,289.503174,14.747994,0.701069,-1294.039795,294.500488,0.000000
100.640007,65.086983,-1294.039795,-0.000289,0.002760,0.070107,289.521362,14.748921,0.701069,-1294.039795,294.500488,0.000000
100.650002,65.086617,-1294.084351,-0.000285,0.002760,0.070107,289.519745,14.748837,0.701069,-1294.084351,294.500488,0.000000
100.660004,65.084007,-1294.084351,-0.000293,0.002760,0.070107,289.508118,14.748247,0.701069,-1294.084351,294.500488,0.000000
100.670006,65.079903,-1293.995361,-0.000302,0.002760,0.070107,289.489868,14.747316,0.701069,-1293.995361,294.500488,0.000000
100.680008,65.071342,-1293.995361,-0.000289,0.002760,0.070107,289.451782,14.745378,0.701069,-1293.995361,294.500488,0.000000
100.690002,65.067986,-1294.039795,-0.000293,0.002760,0.070107,289.436859,14.744617,0.701069,-1294.039795,294.500488,0.000000
100.700005,65.077675,-1293.950806,-0.000297,0.002760,0.070107,289.479950,14.746812,0.701069,-1293.950806,294.500488,0.000000
100.710007,65.073952,-1294.084351,-0.000289,0.002760,0.070107,289.463379,14.745968,0.701069,-1294.084351,294.500488,0.000000
100.720001,65.066124,-1293.995361,-0.000285,0.002760,0.070107,289.428589,14.744194,0.701069,-1293.995361,294.500488,0.000000
100.730003,65.079170,-1294.039795,-0.000280,0.002760,0.070107,289.486603,14.747151,0.701069,-1294.039795,294.500488,0.000000
100.740005,65.068733,-1294.039795,-0.000297,0.002760,0.070107,289.440186,14.744785,0.701069,-1294.039795,294.500488,0.000000
100.750008,65.075813,-1294.039795,-0.000285,0.002760,0.070107,289.471680,14.746390,0.701069,-1294.039795,294.500488,0.000000
100.760002,65.071709,-1294.084351,-0.000297,0.002760,0.070107,289.453430,14.745460,0.701069,-1294.084351,294.500488,0.000000
100.770004,65.071709,-1293.995361,-0.000289,0.002760,0.070107,289.453430,14.745460,0.701069,-1293.995361,294.500488,0.000000
100.780006,65.067619,-1294.084351,-0.000289,0.002760,0.070114,289.435211,14.744533,0.701144,-1294.084351,294.500488,0.000000
100.790009,65.062401,-1294.039795,-0.000293,0.002760,0.070114,289.412018,14.743351,0.701144,-1294.039795,294.500488,0.000000
100.800003,65.058311,-1293.995361,-0.000276,0.002760,0.070114,289.393829,14.742424,0.701144,-1293.995361,294.500488,0.000000
100.810005,65.064644,-1294.084351,-0.000280,0.002760,0.070114,289.421997,14.743859,0.701144,-1294.084351,294.500488,0.000000
100.820007,65.060539,-1293.995361,-0.000289,0.002760,0.070114,289.403748,14.742929,0.701144,-1293.995361,294.500488,0.000000
100.830002,65.065392,-1293.995361,-0.000289,0.002760,0.070114,289.425323,14.744028,0.701144,-1293.995361,294.500488,0.000000
100.840004,65.053093,-1294.128784,-0.000293,0.002760,0.070114,289.370605,14.741241,0.701144,-1294.128784,294.500488,0.000000
100.850006,65.068367,-1293.995361,-0.000297,0.002760,0.070114,289.438538,14.744702,0.701144,-1293.995361,294.500488,0.000000
100.860008,65.063530,-1294.039795,-0.000285,0.002760,0.070114,289.417023,14.743607,0.701144,-1294.039795,294.500488,0.000000
100.870003,65.057945,-1294.039795,-0.000285,0.002760,0.070114,289.392181,14.742341,0.701144,-1294.039795,294.500488,0.000000
100.880005,65.063148,-1294.084351,-0.000285,0.002760,0.070114,289.415344,14.743520,0.701144,-1294.084351,294.500488,0.000000
100.890007,65.058678,-1294.039795,-0.000280,0.002761,0.070124,289.395447,14.742507,0.701235,-1294.039795,294.500488,0.000000
100.900002,65.059059,-1293.995361,-0.000293,0.002761,0.070124,289.397156,14.742594,0.701235,-1293.995361,294.500488,0.000000
100.910004,65.060921,-1294.084351,-0.000280,0.002761,0.070124,289.405426,14.743015,0.701235,-1294.084351,294.500488,0.000000
100.920006,65.067253,-1294.084351,-0.000285,0.002761,0.070124,289.433594,14.744451,0.701235,-1294.084351,294.500488,0.000000
100.930008,65.060173,-1294.128784,-0.000293,0.002761,0.070124,289.402100,14.742846,0.701235,-1294.128784,294.500488,0.000000
100.940002,65.065392,-1294.084351,-0.000293,0.002761,0.070124,289.425323,14.744028,0.701235,-1294.084351,294.500488,0.000000
100.950005,65.067253,-1293.995361,-0.000285,0.002761,0.070124,289.433594,14.744451,0.701235,-1293.995361,294.500488,0.000000
100.960007,65.067986,-1294.084351,-0.000293,0.002761,0.070124,289.436859,14.744617,0.701235,-1294.084351,294.500488,0.000000
100.970001,65.067253,-1294.039795,-0.000280,0.002761,0.070124,289.433594,14.744451,0.701235,-1294.039795,294.500488,0.000000
100.980003,65.068367,-1294.084351,-0.000280,0.002761,0.070124,289.438538,14.744702,0.701235,-1294.084351,294.500488,0.000000
100.990005,65.064262,-1294.039795,-0.000293,0.002761,0.070124,289.420288,14.743773,0.701235,-1294.039795,294.500488,0.000000
101.000008,65.065758,-1293.995361,-0.000302,0.002761,0.070124,289.426941,14.744112,0.701235,-1293.995361,294.500488,0.000000
101.010002,65.064644,-1294.084351,-0.000285,0.002761,0.070124,289.421997,14.743859,0.701235,-1294.084351,294.500488,0.000000
101.020004,65.066505,-1293.995361,-0.000293,0.002761,0.070124,289.430267,14.744281,0.701235,-1293.995361,294.500488,0.000000
101.030006,65.060173,-1294.084351,-0.000280,0.002761,0.070124,289.402100,14.742846,0.701235,-1294.084351,294.500488,0.000000
101.040009,65.067253,-1294.039795,-0.000285,0.002761,0.070124,289.433594,14.744451,0.701235,-1294.039795,294.500488,0.000000
101.050003,65.069847,-1293.995361,-0.000293,0.002761,0.070124,289.445129,14.745038,0.701235,-1293.995361,294.500488,0.000000
101.060005,65.073952,-1293.995361,-0.000280,0.002761,0.070124,289.463379,14.745968,0.701235,-1293.995361,294.500488,0.000000
101.070007,65.066505,-1294.039795,-0.000280,0.002761,0.070124,289.430267,14.744281,0.701235,-1294.039795,294.500488,0.000000
101.080002,65.058678,-1293.995361,-0.000285,0.002761,0.070124,289.395447,14.742507,0.701235,-1293.995361,294.500488,0.000000
101.090004,65.061668,-1294.084351,-0.000302,0.002761,0.070124,289.408752,14.743185,0.701235,-1294.084351,294.500488,0.000000
101.100006,65.069115,-1293.950806,-0.000289,0.002761,0.070124,289.441864,14.744872,0.701235,-1293.950806,294.500488,0.000000
101.110008,65.059059,-1294.039795,-0.000280,0.002761,0.070124,289.397156,14.742594,0.701235,-1294.039795,294.500488,0.000000
101.120003,65.051979,-1294.039795,-0.000302,0.002761,0.070124,289.365662,14.740989,0.701235,-1294.039795,294.500488,0.000000
101.130005,65.062782,-1294.084351,-0.000280,0.002761,0.070124,289.413696,14.743437,0.701235,-1294.084351,294.500488,0.000000
101.140007,65.067253,-1294.084351,-0.000289,0.002761,0.070124,289.433594,14.744451,0.701235,-1294.084351,294.500488,0.000000
101.150002,65.062401,-1294.039795,-0.000276,0.002761,0.070124,289.412018,14.743351,0.701235,-1294.039795,294.500488,0.000000
101.160004,65.053093,-1294.039795,-0.000285,0.002761,0.070124,289.370605,14.741241,0.701235,-1294.039795,294.500488,0.000000
101.170006,65.051231,-1293.995361,-0.000293,0.002761,0.070124,289.362335,14.740820,0.701235,-1293.995361,294.500488,0.000000
101.180008,65.058678,-1294.039795,-0.000285,0.002761,0.070124,289.395447,14.742507,0.701235,-1294.039795,294.500488,0.000000
101.190002,65.062782,-1294.084351,-0.000297,0.002761,0.070133,289.413696,14.743437,0.701326,-1294.084351,294.500488,0.000000
101.200005,65.064644,-1293.950806,-0.000280,0.002761,0.070133,289.421997,14.743859,0.701326,-1293.950806,294.500488,0.000000
101.210007,65.060921,-1294.039795,-0.000280,0.002761,0.070133,289.405426,14.743015,0.701326,-1294.039795,294.500488,0.000000
101.220001,65.060921,-1293.995361,-0.000302,0.002761,0.070133,289.405426,14.743015,0.701326,-1293.995361,294.500488,0.000000
101.230003,65.058311,-1293.995361,-0.000285,0.002761,0.070133,289.393829,14.742424,0.701326,-1293.995361,294.500488,0.000000
101.240005,65.068367,-1294.039795,-0.000293,0.002761,0.070133,289.438538,14.744702,0.701326,-1294.039795,294.500488,0.000000
101.250008,65.072090,-1293.995361,-0.000289,0.002761,0.070133,289.455109,14.745546,0.701326,-1293.995361,294.500488,0.000000
101.260002,65.069481,-1294.128784,-0.000280,0.002761,0.070133,289.443512,14.744955,0.701326,-1294.128784,294.500488,0.000000
101.270004,65.066872,-1293.995361,-0.000289,0.002761,0.070133,289.431915,14.744364,0.701326,-1293.995361,294.500488,0.000000
101.280006,65.070229,-1294.084351,-0.000280,0.002761,0.070133,289.446838,14.745125,0.701326,-1294.084351,294.500488,0.000000
101.290009,65.069115,-1294.039795,-0.000289,0.002761,0.070133,289.441864,14.744872,0.701326,-1294.039795,294.500488,0.000000
101.300003,65.063530,-1293.950806,-0.000276,0.002761,0.070133,289.417023,14.743607,0.701326,-1293.950806,294.500488,0.000000
101.310005,65.069481,-1294.084351,-0.000276,0.002761,0.070133,289.443512,14.744955,0.701326,-1294.084351,294.500488,0.000000
101.320007,65.070229,-1294.039795,-0.000285,0.002761,0.070133,289.446838,14.745125,0.701326,-1294.039795,294.500488,0.000000
101.330002,65.079536,-1294.084351,-0.000293,0.002761,0.070133,289.488251,14.747233,0.701326,-1294.084351,294.500488,0.000000
101.340004,65.073952,-1294.039795,-0.000280,0.002761,0.070133,289.463379,14.745968,0.701326,-1294.039795,294.500488,0.000000
101.350006,65.071709,-1293.995361,-0.000297,0.002761,0.070133,289.453430,14.745460,0.701326,-1293.995361,294.500488,0.000000
101.360008,65.074699,-1294.084351,-0.000280,0.002761,0.070133,289.466705,14.746138,0.701326,-1294.084351,294.500488,0.000000
101.370003,65.067986,-1293.995361,-0.000285,0.002761,0.070133,289.436859,14.744617,0.701326,-1293.995361,294.500488,0.000000
101.380005,65.078041,-1293.995361,-0.000297,0.002761,0.070133,289.481598,14.746895,0.701326,-1293.995361,294.500488,0.000000
101.390007,65.071709,-1293.995361,-0.000285,0.002761,0.070133,289.453430,14.745460,0.701326,-1293.995361,294.500488,0.000000
101.400002,65.073570,-1294.039795,-0.000289,0.002761,0.070133,289.461700,14.745882,0.701326,-1294.039795,294.500488,0.000000
101.410004,65.070229,-1294.084351,-0.000272,0.002761,0.070133,289.446838,14.745125,0.701326,-1294.084351,294.500488,0.000000
101.420006,65.070976,-1294.039795,-0.000289,0.002761,0.070133,289.450165,14.745294,0.701326,-1294.039795,294.500488,0.000000
101.430008,65.069481,-1294.084351,-0.000285,0.002761,0.070133,289.443512,14.744955,0.701326,-1294.084351,294.500488,0.000000
101.440002,65.062782,-1294.084351,-0.000297,0.002761,0.070133,289.413696,14.743437,0.701326,-1294.084351,294.500488,0.000000
101.450005,65.076180,-1293.995361,-0.000285,0.002761,0.070133,289.473297,14.746473,0.701326,-1293.995361,294.500488,0.000000
101.460007,65.075813,-1293.995361,-0.000293,0.002761,0.070133,289.471680,14.746390,0.701326,-1293.995361,294.500488,0.000000
101.470001,65.080650,-1294.039795,-0.000285,0.002761,0.070133,289.493195,14.747486,0.701326,-1294.039795,294.500488,0.000000
101.480003,65.064262,-1294.084351,-0.000289,0.002761,0.070133,289.420288,14.743773,0.701326,-1294.084351,294.500488,0.000000
101.490005,65.056068,-1294.039795,-0.000280,0.002761,0.070133,289.383850,14.741916,0.701326,-1294.039795,294.500488,0.000000
101.500008,65.068367,-1294.039795,-0.000289,0.002761,0.070133,289.438538,14.744702,0.701326,-1294.039795,294.500488,0.000000
101.510002,65.064644,-1293.950806,-0.000280,0.002761,0.070133,289.421997,14.743859,0.701326,-1293.950806,294.500488,0.000000
101.520004,65.070595,-1293.995361,-0.000289,0.002761,0.070133,289.448456,14.745208,0.701326,-1293.995361,294.500488,0.000000
101.530006,65.073204,-1294.039795,-0.000306,0.002761,0.070133,289.460083,14.745798,0.701326,-1294.039795,294.500488,0.000000
101.540009,65.073952,-1294.084351,-0.000293,0.002761,0.070133,289.463379,14.745968,0.701326,-1294.084351,294.500488,0.000000
101.550003,65.064644,-1293.995361,-0.000276,0.002761,0.070133,289.421997,14.743859,0.701326,-1293.995361,294.500488,0.000000
101.560005,65.060539,-1294.084351,-0.000289,0.002761,0.070133,289.403748,14.742929,0.701326,-1294.084351,294.500488,0.000000
101.570007,65.054207,-1293.950806,-0.000293,0.002761,0.070133,289.375549,14.741493,0.701326,-1293.950806,294.500488,0.000000
101.580002,65.067619,-1294.039795,-0.000293,0.002761,0.070133,289.435211,14.744533,0.701326,-1294.039795,294.500488,0.000000
101.590004,65.069481,-1294.039795,-0.000293,0.002761,0.070133,289.443512,14.744955,0.701326,-1294.039795,294.500488,0.000000
101.600006,65.072090,-1293.995361,-0.000297,0.002761,0.070133,289.455109,14.745546,0.701326,-1293.995361,294.500488,0.000000
101.610008,65.063530,-1294.084351,-0.000293,0.002761,0.070133,289.417023,14.743607,0.701326,-1294.084351,294.500488,0.000000
101.620003,65.060173,-1293.995361,-0.000289,0.002761,0.070133,289.402100,14.742846,0.701326,-1293.995361,294.500488,0.000000
101.630005,65.066124,-1294.084351,-0.000289,0.002761,0.070133,289.428589,14.744194,0.701326,-1294.084351,294.500488,0.000000
101.640007,65.062401,-1294.084351,-0.000297,0.002761,0.070133,289.412018,14.743351,0.701326,-1294.084351,294.500488,0.000000
101.650002,65.063148,-1293.995361,-0.000280,0.002761,0.070133,289.415344,14.743520,0.701326,-1293.995361,294.500488,0.000000
101.660004,65.065010,-1294.084351,-0.000302,0.002761,0.070133,289.423615,14.743942,0.701326,-1294.084351,294.500488,0.000000
101.670006,65.068367,-1294.084351,-0.000285,0.002761,0.070133,289.438538,14.744702,0.701326,-1294.084351,294.500488,0.000000
101.680008,65.071342,-1293.995361,-0.000285,0.002761,0.070133,289.451782,14.745378,0.701326,-1293.995361,294.500488,0.000000
101.690002,65.066505,-1293.995361,-0.000302,0.002761,0.070133,289.430267,14.744281,0.701326,-1293.995361,294.500488,0.000000
101.700005,65.051231,-1293.995361,-0.000276,0.002761,0.070133,289.362335,14.740820,0.701326,-1293.995361,294.500488,0.000000
101.710007,65.046394,-1294.039795,-0.000280,0.002761,0.070133,289.340820,14.739723,0.701326,-1294.039795,294.500488,0.000000
101.720001,65.059059,-1293.995361,-0.000293,0.002761,0.070133,289.397156,14.742594,0.701326,-1293.995361,294.500488,0.000000
101.730003,65.057198,-1294.039795,-0.000285,0.002761,0.070133,289.388855,14.742171,0.701326,-1294.039795,294.500488,0.000000
101.740005,65.058678,-1293.995361,-0.000302,0.002761,0.070133,289.395447,14.742507,0.701326,-1293.995361,294.500488,0.000000
101.750008,65.055702,-1293.950806,-0.000289,0.002761,0.070133,289.382202,14.741833,0.701326,-1293.950806,294.500488,0.000000
101.760002,65.049370,-1294.084351,-0.000297,0.002761,0.070133,289.354034,14.740397,0.701326,-1294.084351,294.500488,0.000000
101.770004,65.061287,-1294.039795,-0.000289,0.002761,0.070133,289.407043,14.743098,0.701326,-1294.039795,294.500488,0.000000
101.780006,65.062401,-1294.084351,-0.000276,0.002761,0.070133,289.412018,14.743351,0.701326,-1294.084351,294.500488,0.000000
101.790009,65.058678,-1293.995361,-0.000293,0.002761,0.070133,289.395447,14.742507,0.701326,-1293.995361,294.500488,0.000000
101.800003,65.054588,-1294.039795,-0.000280,0.002761,0.070133,289.377258,14.741581,0.701326,-1294.039795,294.500488,0.000000
101.810005,65.053841,-1294.039795,-0.000285,0.002761,0.070133,289.373932,14.741411,0.701326,-1294.039795,294.500488,0.000000
101.820007,65.050117,-1294.039795,-0.000297,0.002761,0.070133,289.357361,14.740567,0.701326,-1294.039795,294.500488,0.000000
101.830002,65.060173,-1293.995361,-0.000297,0.002761,0.070133,289.402100,14.742846,0.701326,-1293.995361,294.500488,0.000000
101.840004,65.056450,-1294.039795,-0.000289,0.002761,0.070133,289.385529,14.742002,0.701326,-1294.039795,294.500488,0.000000
101.850006,65.053841,-1293.950806,-0.000302,0.002761,0.070133,289.373932,14.741411,0.701326,-1293.950806,294.500488,0.000000
101.860008,65.050484,-1294.084351,-0.000293,0.002761,0.070133,289.359009,14.740650,0.701326,-1294.084351,294.500488,0.000000
101.870003,65.059059,-1293.995361,-0.000293,0.002761,0.070133,289.397156,14.742594,0.701326,-1293.995361,294.500488,0.000000
101.880005,65.057198,-1293.995361,-0.000280,0.002761,0.070133,289.388855,14.742171,0.701326,-1293.995361,294.500488,0.000000
101.890007,65.056068,-1294.084351,-0.000293,0.002761,0.070133,289.383850,14.741916,0.701326,-1294.084351,294.500488,0.000000
101.900002,65.058311,-1293.995361,-0.000280,0.002761,0.070133,289.393829,14.742424,0.701326,-1293.995361,294.500488,0.000000
101.910004,65.053093,-1294.039795,-0.000306,0.002761,0.070133,289.370605,14.741241,0.701326,-1294.039795,294.500488,0.000000
101.920006,65.047142,-1294.039795,-0.000285,0.002761,0.070133,289.344147,14.739893,0.701326,-1294.039795,294.500488,0.000000
101.930008,65.051979,-1293.950806,-0.000285,0.002761,0.070133,289.365662,14.740989,0.701326,-1293.950806,294.500488,0.000000
101.940002,65.050865,-1294.084351,-0.000285,0.002761,0.070133,289.360687,14.740736,0.701326,-1294.084351,294.500488,0.000000
101.950005,65.047890,-1293.950806,-0.000302,0.002761,0.070133,289.347473,14.740063,0.701326,-1293.950806,294.500488,0.000000
101.960007,65.048256,-1294.084351,-0.000285,0.002761,0.070133,289.349091,14.740146,0.701326,-1294.084351,294.500488,0.000000
101.970001,65.050117,-1293.995361,-0.000289,0.002761,0.070133,289.357361,14.740567,0.701326,-1293.995361,294.500488,0.000000
101.980003,65.038200,-1294.039795,-0.000280,0.002761,0.070133,289.304352,14.737866,0.701326,-1294.039795,294.500488,0.000000
101.990005,65.044533,-1294.039795,-0.000297,0.002761,0.070133,289.332520,14.739302,0.701326,-1294.039795,294.500488,0.000000
102.000008,65.043785,-1293.950806,-0.000293,0.002761,0.070133,289.329193,14.739132,0.701326,-1293.950806,294.500488,0.000000
102.010002,65.035591,-1294.084351,-0.000285,0.002761,0.070133,289.292755,14.737276,0.701326,-1294.084351,294.500488,0.000000
102.020004,65.039696,-1293.995361,-0.000293,0.002761,0.070142,289.311005,14.738206,0.701417,-1293.995361,294.500488,0.000000
102.030006,65.047890,-1293.995361,-0.000302,0.002761,0.070142,289.347473,14.740063,0.701417,-1293.995361,294.500488,0.000000
102.040009,65.041924,-1293.995361,-0.000293,0.002761,0.070142,289.320923,14.738711,0.701417,-1293.995361,294.500488,0.000000
102.050003,65.035225,-1294.039795,-0.000285,0.002761,0.070142,289.291138,14.737193,0.701417,-1294.039795,294.500488,0.000000
102.060005,65.034843,-1294.084351,-0.000289,0.002761,0.070142,289.289429,14.737106,0.701417,-1294.084351,294.500488,0.000000
102.070007,65.034477,-1293.995361,-0.000285,0.002761,0.070142,289.287811,14.737023,0.701417,-1293.995361,294.500488,0.000000
102.080002,65.034477,-1294.084351,-0.000289,0.002762,0.070158,289.287811,14.737023,0.701583,-1294.084351,294.500488,0.000000
102.090004,65.051979,-1294.039795,-0.000289,0.002762,0.070158,289.365662,14.740989,0.701583,-1294.039795,294.500488,0.000000
102.100006,65.046394,-1293.950806,-0.000293,0.002762,0.070158,289.340820,14.739723,0.701583,-1293.950806,294.500488,0.000000
102.110008,65.037086,-1294.084351,-0.000297,0.002762,0.070158,289.299408,14.737615,0.701583,-1294.084351,1681.640991,0.000000
102.120003,65.040062,-1293.995361,-0.000285,0.002762,0.070158,289.312653,14.738289,0.701583,-1293.995361,1681.640991,0.000000
102.130005,65.041176,-1294.039795,-0.000297,0.002762,0.070158,289.317596,14.738542,0.701583,-1294.039795,1681.640991,0.000000
102.140007,65.040810,-1293.995361,-0.000293,0.002762,0.070158,289.315979,14.738459,0.701583,-1293.995361,1681.640991,0.000000
102.150002,65.042671,-1293.995361,-0.000276,0.002762,0.070158,289.324249,14.738880,0.701583,-1293.995361,1681.640991,0.000000
102.160004,65.041176,-1294.039795,-0.000293,0.002762,0.070158,289.317596,14.738542,0.701583,-1294.039795,1681.640991,0.000000
102.170006,65.060921,-1293.995361,-0.000289,0.002762,0.070158,289.405426,14.743015,0.701583,-1293.995361,1681.640991,0.000000
102.180008,65.046761,-1294.039795,-0.000285,0.002762,0.070158,289.342438,14.739807,0.701583,-1294.039795,1681.640991,0.000000
102.190002,65.037086,-1294.039795,-0.000293,0.002762,0.070158,289.299408,14.737615,0.701583,-1294.039795,1681.640991,0.000000
102.200005,65.048622,-1293.950806,-0.000280,0.002762,0.070158,289.350708,14.740228,0.701583,-1293.950806,1681.640991,0.000000
102.210007,65.042671,-1294.039795,-0.000293,0.002762,0.070158,289.324249,14.738880,0.701583,-1294.039795,1681.640991,0.000000
102.220001,65.040443,-1293.995361,-0.000285,0.002762,0.070158,289.314331,14.738375,0.701583,-1293.995361,1681.640991,0.000000
102.230003,65.046394,-1294.039795,-0.000276,0.002762,0.070158,289.340820,14.739723,0.701583,-1294.039795,1681.640991,0.000000
102.240005,65.046761,-1294.084351,-0.000315,0.002762,0.070158,289.342438,14.739807,0.701583,-1294.084351,1681.640991,0.000000
102.250008,65.047508,-1293.995361,-0.000293,0.002762,0.070158,289.345764,14.739976,0.701583,-1293.995361,1681.640991,0.000000
102.260002,65.053093,-1294.084351,-0.000285,0.002762,0.070158,289.370605,14.741241,0.701583,-1294.084351,1681.640991,0.000000
102.270004,65.049370,-1293.950806,-0.000289,0.002762,0.070158,289.354034,14.740397,0.701583,-1293.950806,1681.640991,0.000000
102.280006,65.043419,-1294.039795,-0.000280,0.002762,0.070158,289.327576,14.739050,0.701583,-1294.039795,1681.640991,0.000000
102.290009,65.051613,-1294.039795,-0.000293,0.002762,0.070158,289.364014,14.740906,0.701583,-1294.039795,1681.640991,0.000000
102.300003,65.046028,-1293.950806,-0.000285,0.002762,0.070158,289.339172,14.739640,0.701583,-1293.950806,1681.640991,0.000000
102.310005,65.050484,-1294.084351,-0.000285,0.002761,0.070133,289.359009,14.740650,0.701326,-1294.084351,0.070158,0.000000
102.320007,65.083260,-1293.995361,-0.000293,0.002758,0.070054,289.504791,14.748077,0.700539,-1293.995361,0.070158,0.000000
102.330002,65.072090,-1294.084351,-0.000293,0.002756,0.069993,289.455109,14.745546,0.699933,-1294.084351,0.070158,0.000000
102.340004,65.060921,-1294.039795,-0.000289,0.002755,0.069968,289.405426,14.743015,0.699676,-1294.039795,0.070158,0.000000
102.350006,65.065758,-1294.084351,-0.000289,0.002754,0.069958,289.426941,14.744112,0.699585,-1294.084351,0.070158,0.000000
102.360008,65.057198,-1294.039795,-0.000285,0.002754,0.069951,289.388855,14.742171,0.699509,-1294.039795,0.070158,0.000000
102.370003,65.057564,-1293.950806,-0.000285,0.002754,0.069951,289.390503,14.742254,0.699509,-1293.950806,0.070158,0.000000
102.380005,65.065010,-1294.039795,-0.000285,0.002754,0.069951,289.423615,14.743942,0.699509,-1294.039795,0.070158,0.000000
102.390007,65.060921,-1293.995361,-0.000293,0.002754,0.069951,289.405426,14.743015,0.699509,-1293.995361,0.070158,0.000000
102.400002,65.065010,-1293.995361,-0.000280,0.002754,0.069951,289.423615,14.743942,0.699509,-1293.995361,0.070142,0.000000
102.410004,65.055702,-1294.039795,-0.000293,0.002754,0.069951,289.382202,14.741833,0.699509,-1294.039795,0.070124,0.000000
102.420006,65.045280,-1294.039795,-0.000276,0.002754,0.069942,289.335846,14.739471,0.699418,-1294.039795,0.070107,0.000000
102.430008,65.050484,-1294.084351,-0.000285,0.002754,0.069942,289.359009,14.740650,0.699418,-1294.084351,0.070089,0.000000
102.440002,65.062782,-1294.084351,-0.000280,0.002754,0.069942,289.413696,14.743437,0.699418,-1294.084351,0.070072,0.000000
102.450005,65.065392,-1293.995361,-0.000280,0.002754,0.069942,289.425323,14.744028,0.699418,-1293.995361,0.070054,0.000000
102.460007,65.050865,-1294.128784,-0.000293,0.002754,0.069942,289.360687,14.740736,0.699418,-1294.128784,0.070037,0.000000
102.470001,65.045647,-1293.995361,-0.000280,0.002754,0.069942,289.337494,14.739554,0.699418,-1293.995361,0.070019,0.000000
102.480003,65.046028,-1294.039795,-0.000293,0.002754,0.069942,289.339172,14.739640,0.699418,-1294.039795,0.070011,0.000000
102.490005,65.047890,-1293.995361,-0.000285,0.002754,0.069942,289.347473,14.740063,0.699418,-1293.995361,0.069993,0.000000
102.500008,65.056450,-1294.039795,-0.000276,0.002753,0.069933,289.385529,14.742002,0.699327,-1294.039795,0.069977,0.000000
102.510002,65.048256,-1294.084351,-0.000297,0.002753,0.069933,289.349091,14.740146,0.699327,-1294.084351,0.069958,0.000000
102.520004,65.041924,-1294.039795,-0.000285,0.002753,0.069933,289.320923,14.738711,0.699327,-1294.039795,0.069942,0.000000
102.530006,65.051979,-1293.995361,-0.000289,0.002753,0.069933,289.365662,14.740989,0.699327,-1293.995361,0.069924,0.000000
102.540009,65.038582,-1294.084351,-0.000293,0.002753,0.069933,289.306061,14.737954,0.699327,-1294.084351,0.069907,0.000000
102.550003,65.038582,-1293.995361,-0.000272,0.002753,0.069933,289.306061,14.737954,0.699327,-1293.995361,0.069890,0.000000
102.560005,65.048622,-1294.084351,-0.000297,0.002753,0.069933,289.350708,14.740228,0.699327,-1294.084351,0.069872,0.000000
102.570007,65.049370,-1293.995361,-0.000280,0.002753,0.069933,289.354034,14.740397,0.699327,-1293.995361,0.069856,0.000000
102.580002,65.048622,-1294.039795,-0.000280,0.002753,0.069933,289.350708,14.740228,0.699327,-1294.039795,0.069837,0.000000
102.590004,65.044533,-1294.039795,-0.000285,0.002753,0.069933,289.332520,14.739302,0.699327,-1294.039795,0.069821,0.000000
102.600006,65.034477,-1294.084351,-0.000280,0.002753,0.069933,289.287811,14.737023,0.699327,-1294.084351,0.069803,0.000000
102.610008,65.030006,-1294.039795,-0.000276,0.002753,0.069933,289.267914,14.736011,0.699327,-1294.039795,0.069795,0.000000
102.620003,65.039696,-1293.995361,-0.000285,0.002753,0.069933,289.311005,14.738206,0.699327,-1293.995361,0.069777,0.000000
102.630005,65.043419,-1294.084351,-0.000272,0.002753,0.069933,289.327576,14.739050,0.699327,-1294.084351,0.069760,0.000000
102.640007,65.030754,-1294.039795,-0.000280,0.002753,0.069933,289.271240,14.736180,0.699327,-1294.039795,0.069742,0.000000
102.650002,65.039314,-1293.950806,-0.000293,0.002753,0.069924,289.309326,14.738119,0.699237,-1293.950806,0.069725,0.000000
102.660004,65.035591,-1294.039795,-0.000285,0.002752,0.069898,289.292755,14.737276,0.698979,-1294.039795,0.069707,0.000000
102.670006,65.028893,-1294.039795,-0.000276,0.002751,0.069881,289.262970,14.735758,0.698813,-1294.039795,0.069691,0.000000
102.680008,65.022942,-1294.084351,-0.000280,0.002751,0.069872,289.236481,14.734409,0.698722,-1294.084351,0.069672,0.000000
102.690002,65.002831,-1293.995361,-0.000289,0.002750,0.069856,289.147034,14.729852,0.698555,-1293.995361,0.069656,0.000000
102.700005,65.002831,-1294.084351,-0.000280,0.002750,0.069837,289.147034,14.729852,0.698374,-1294.084351,0.069638,0.000000
102.710007,64.994255,-1294.128784,-0.000285,0.002749,0.069821,289.108887,14.727909,0.698207,-1294.128784,0.069621,0.000000
102.720001,64.999474,-1293.950806,-0.000280,0.002748,0.069803,289.132111,14.729092,0.698025,-1293.950806,0.069604,0.000000
102.730003,64.985695,-1294.084351,-0.000289,0.002747,0.069786,289.070801,14.725968,0.697859,-1294.084351,0.069586,0.000000
102.740005,64.975639,-1294.039795,-0.000289,0.002747,0.069777,289.026093,14.723690,0.697768,-1294.039795,0.069577,0.000000
102.750008,64.976021,-1293.950806,-0.000289,0.002747,0.069768,289.027771,14.723777,0.697677,-1293.950806,0.069560,0.000000
102.760002,64.962242,-1294.128784,-0.000280,0.002746,0.069742,288.966492,14.720654,0.697420,-1294.128784,0.069542,0.000000
102.770004,64.964104,-1294.128784,-0.000285,0.002745,0.069725,288.974762,14.721076,0.697253,-1294.128784,0.069525,0.000000
102.780006,64.958138,-1294.039795,-0.000267,0.002744,0.069707,288.948212,14.719725,0.697072,-1294.039795,0.069509,0.000000
102.790009,64.950691,-1294.084351,-0.000289,0.002744,0.069691,288.915100,14.718037,0.696905,-1294.084351,0.069491,0.000000
102.800003,64.937294,-1294.039795,-0.000280,0.002743,0.069672,288.855499,14.715001,0.696723,-1294.039795,0.069474,0.000000
102.810005,64.946220,-1294.039795,-0.000280,0.002743,0.069665,288.895203,14.717024,0.696648,-1294.039795,0.069456,0.000000
102.820007,64.938026,-1294.084351,-0.000302,0.002742,0.069656,288.858765,14.715167,0.696557,-1294.084351,0.069439,0.000000
102.830002,64.918663,-1294.084351,-0.000280,0.002742,0.069647,288.772644,14.710779,0.696466,-1294.084351,0.069421,0.000000
102.840004,64.920158,-1293.995361,-0.000293,0.002742,0.069638,288.779297,14.711118,0.696375,-1293.995361,0.069404,0.000000
102.850006,64.965218,-1293.950806,-0.000272,0.002741,0.069630,288.979706,14.721329,0.696300,-1293.950806,0.069386,0.000000
102.860008,64.966331,-1294.039795,-0.000272,0.002741,0.069621,288.984680,14.721581,0.696209,-1294.039795,0.069370,0.000000
102.870003,64.977135,-1293.995361,-0.000276,0.002740,0.069595,289.032745,14.724030,0.695951,-1293.995361,0.069360,0.000000
102.880005,64.975273,-1294.039795,-0.000272,0.002739,0.069569,289.024445,14.723607,0.695694,-1294.039795,0.069344,0.000000
102.890007,64.957390,-1294.084351,-0.000276,0.002739,0.069560,288.944916,14.719555,0.695603,-1294.084351,0.069326,0.000000
102.900002,64.952934,-1293.995361,-0.000272,0.002738,0.069551,288.925079,14.718545,0.695512,-1293.995361,0.069309,0.000000
102.910004,64.962608,-1294.084351,-0.000280,0.002738,0.069542,288.968109,14.720737,0.695421,-1294.084351,0.069291,0.000000
102.920006,64.967827,-1294.039795,-0.000289,0.002737,0.069525,288.991333,14.721920,0.695255,-1294.039795,0.069274,0.000000
102.930008,64.955528,-1294.039795,-0.000280,0.002737,0.069516,288.936615,14.719133,0.695164,-1294.039795,0.069256,0.000000
102.940002,64.930962,-1294.039795,-0.000289,0.002737,0.069509,288.827332,14.713567,0.695088,-1294.039795,0.069239,0.000000
102.950005,64.900429,-1294.039795,-0.000272,0.002736,0.069500,288.691528,14.706648,0.694998,-1294.039795,0.069221,0.000000
102.960007,64.884789,-1294.084351,-0.000267,0.002736,0.069491,288.621948,14.703104,0.694907,-1294.084351,0.069205,0.000000
102.970001,64.895576,-1293.995361,-0.000276,0.002736,0.069491,288.669952,14.705547,0.694907,-1293.995361,0.069188,0.000000
102.980003,64.920906,-1294.084351,-0.000267,0.002735,0.069482,288.782623,14.711287,0.694816,-1294.084351,0.069170,0.000000
102.990005,64.945107,-1294.039795,-0.000267,0.002735,0.069465,288.890259,14.716771,0.694649,-1294.039795,0.069153,0.000000
103.000008,64.958138,-1293.995361,-0.000263,0.002734,0.069456,288.948212,14.719725,0.694559,-1293.995361,0.069144,0.000000
103.010002,64.960381,-1294.084351,-0.000280,0.002734,0.069456,288.958191,14.720233,0.694559,-1294.084351,0.069126,0.000000
103.020004,64.963722,-1294.039795,-0.000293,0.002734,0.069439,288.973083,14.720990,0.694392,-1294.039795,0.069109,0.000000
103.030006,64.972298,-1293.995361,-0.000276,0.002733,0.069430,289.011200,14.722934,0.694301,-1293.995361,0.069092,0.000000
103.040009,64.961128,-1294.084351,-0.000285,0.002733,0.069430,288.961517,14.720403,0.694301,-1294.084351,0.069074,0.000000
103.050003,64.939522,-1293.995361,-0.000267,0.002733,0.069421,288.865417,14.715506,0.694210,-1293.995361,0.069058,0.000000
103.060005,64.923882,-1294.039795,-0.000280,0.002733,0.069412,288.795837,14.711962,0.694119,-1294.039795,0.069040,0.000000
103.070007,64.928719,-1293.995361,-0.000276,0.002732,0.069386,288.817352,14.713058,0.693862,-1293.995361,0.069023,0.000000
103.080002,64.925743,-1294.084351,-0.000289,0.002730,0.069351,288.804138,14.712383,0.693514,-1294.084351,0.069005,0.000000
103.090004,64.919411,-1294.039795,-0.000289,0.002729,0.069326,288.775970,14.710948,0.693256,-1294.039795,0.068988,0.000000
103.100006,64.933189,-1294.039795,-0.000289,0.002729,0.069309,288.837250,14.714071,0.693090,-1294.039795,0.068970,0.000000
103.110008,64.933571,-1294.039795,-0.000289,0.002728,0.069300,288.838959,14.714157,0.692999,-1294.039795,0.068953,0.000000
103.120003,64.930214,-1294.039795,-0.000280,0.002728,0.069300,288.824005,14.713397,0.692999,-1294.039795,0.068935,0.000000
103.130005,64.901176,-1294.039795,-0.000280,0.002728,0.069300,288.694855,14.706817,0.692999,-1294.039795,0.068927,0.000000
103.140007,64.906013,-1294.039795,-0.000293,0.002728,0.069291,288.716370,14.707913,0.692908,-1294.039795,0.068909,0.000000
103.150002,64.919044,-1294.039795,-0.000276,0.002728,0.069291,288.774323,14.710866,0.692908,-1294.039795,0.068893,0.000000
103.160004,64.932076,-1294.039795,-0.000276,0.002728,0.069283,288.832306,14.713819,0.692833,-1294.039795,0.068874,0.000000
103.170006,64.926125,-1293.995361,-0.000267,0.002727,0.069265,288.805817,14.712470,0.692651,-1293.995361,0.068858,0.000000
103.180008,64.932823,-1294.084351,-0.000276,0.002727,0.069256,288.835632,14.713987,0.692560,-1294.084351,0.068840,0.000000
103.190002,64.924263,-1294.039795,-0.000280,0.002727,0.069256,288.797546,14.712049,0.692560,-1294.039795,0.068823,0.000000
103.200005,64.898186,-1293.995361,-0.000276,0.002727,0.069256,288.681549,14.706140,0.692560,-1293.995361,0.068806,0.000000
103.210007,64.875099,-1294.084351,-0.000285,0.002726,0.069248,288.578857,14.700908,0.692484,-1294.084351,0.068788,0.000000
103.220001,64.863182,-1294.039795,-0.000285,0.002726,0.069248,288.525848,14.698207,0.692484,-1294.039795,0.068772,0.000000
103.230003,64.854988,-1294.084351,-0.000272,0.002726,0.069239,288.489410,14.696350,0.692394,-1294.084351,0.068753,0.000000
103.240005,64.879570,-1294.039795,-0.000285,0.002725,0.069221,288.598755,14.701921,0.692212,-1294.039795,0.068737,0.000000
103.250008,64.873985,-1293.995361,-0.000267,0.002725,0.069205,288.573914,14.700655,0.692045,-1293.995361,0.068728,0.000000
103.260002,64.864677,-1294.084351,-0.000280,0.002724,0.069188,288.532501,14.698546,0.691879,-1294.084351,0.068711,0.000000
103.270004,64.869148,-1294.039795,-0.000272,0.002723,0.069170,288.552368,14.699559,0.691697,-1294.039795,0.068693,0.000000
103.280006,64.850899,-1294.039795,-0.000263,0.002723,0.069153,288.471191,14.695423,0.691531,-1294.039795,0.068676,0.000000
103.290009,64.855370,-1294.084351,-0.000289,0.002721,0.069126,288.491089,14.696436,0.691258,-1294.084351,0.068658,0.000000
103.300003,64.854256,-1294.084351,-0.000280,0.002719,0.069074,288.486145,14.696184,0.690743,-1294.084351,0.068641,0.000000
103.310005,64.848671,-1294.128784,-0.000276,0.002716,0.068997,288.461304,14.694920,0.689971,-1294.128784,0.068623,0.000000
103.320007,64.864677,-1293.995361,-0.000293,0.002714,0.068935,288.532501,14.698546,0.689350,-1293.995361,0.068607,0.000000
103.330002,64.874733,-1293.995361,-0.000285,0.002712,0.068893,288.577240,14.700825,0.688927,-1293.995361,0.068588,0.000000
103.340004,64.851265,-1293.995361,-0.000272,0.002711,0.068867,288.472839,14.695507,0.688669,-1293.995361,0.068572,0.000000
103.350006,64.806953,-1293.950806,-0.000285,0.002711,0.068849,288.275726,14.685465,0.688488,-1293.950806,0.068554,0.000000
103.360008,64.800255,-1294.084351,-0.000272,0.002710,0.068832,288.245941,14.683948,0.688321,-1294.084351,0.068537,0.000000
103.370003,64.798027,-1294.039795,-0.000280,0.002710,0.068823,288.236023,14.683442,0.688230,-1294.039795,0.068519,0.000000
103.380005,64.819252,-1294.128784,-0.000276,0.002710,0.068823,288.330444,14.688252,0.688230,-1294.128784,0.068511,0.000000
103.390007,64.836754,-1294.039795,-0.000289,0.002709,0.068806,288.408295,14.692219,0.688064,-1294.039795,0.068493,0.000000
103.400002,64.857231,-1294.084351,-0.000285,0.002709,0.068806,288.499359,14.696858,0.688064,-1294.084351,0.068476,0.000000
103.410004,64.863564,-1294.084351,-0.000276,0.002709,0.068797,288.527527,14.698294,0.687973,-1294.084351,0.068458,0.000000
103.420006,64.840096,-1294.039795,-0.000276,0.002708,0.068788,288.423157,14.692976,0.687882,-1294.039795,0.068441,0.000000
103.430008,64.850151,-1294.084351,-0.000276,0.002708,0.068779,288.467865,14.695254,0.687791,-1294.084351,0.068423,0.000000
103.440002,64.838982,-1294.039795,-0.000285,0.002707,0.068762,288.418182,14.692723,0.687625,-1294.039795,0.068407,0.000000
103.450005,64.820732,-1293.995361,-0.000276,0.002706,0.068744,288.337006,14.688588,0.687443,-1293.995361,0.068390,0.000000
103.460007,64.814781,-1294.084351,-0.000276,0.002706,0.068728,288.310547,14.687239,0.687276,-1294.084351,0.068372,0.000000
103.470001,64.821846,-1294.039795,-0.000272,0.002705,0.068711,288.341980,14.688841,0.687110,-1294.039795,0.068355,0.000000
103.480003,64.827065,-1294.084351,-0.000289,0.002704,0.068684,288.365173,14.690022,0.686837,-1294.084351,0.068337,0.000000
103.490005,64.812172,-1294.039795,-0.000289,0.002704,0.068676,288.298950,14.686648,0.686762,-1294.039795,0.068320,0.000000
103.500008,64.819984,-1293.995361,-0.000276,0.002703,0.068658,288.333679,14.688418,0.686580,-1293.995361,0.068302,0.000000
103.510002,64.819618,-1294.084351,-0.000263,0.002703,0.068649,288.332062,14.688335,0.686489,-1294.084351,0.068295,0.000000
103.520004,64.816261,-1294.084351,-0.000276,0.002702,0.068641,288.317139,14.687575,0.686413,-1294.084351,0.068276,0.000000
103.530006,64.808815,-1294.084351,-0.000259,0.002702,0.068623,288.283997,14.685887,0.686232,-1294.084351,0.068260,0.000000
103.540009,64.795036,-1294.039795,-0.000289,0.002701,0.068607,288.222717,14.682765,0.686065,-1294.039795,0.068242,0.000000
103.550003,64.811424,-1294.039795,-0.000267,0.002701,0.068607,288.295624,14.686479,0.686065,-1294.039795,0.068225,0.000000
103.560005,64.825203,-1294.084351,-0.000280,0.002701,0.068607,288.356903,14.689601,0.686065,-1294.084351,0.068207,0.000000
103.570007,64.837868,-1293.995361,-0.000285,0.002701,0.068607,288.413239,14.692471,0.686065,-1293.995361,0.068190,0.000000
103.580002,64.838615,-1294.039795,-0.000276,0.002701,0.068607,288.416565,14.692640,0.686065,-1294.039795,0.068172,0.000000
103.590004,64.817390,-1294.084351,-0.000280,0.002701,0.068607,288.322144,14.687831,0.686065,-1294.084351,0.068155,0.000000
103.600006,64.799889,-1293.995361,-0.000272,0.002701,0.068607,288.244293,14.683865,0.686065,-1293.995361,0.068137,0.000000
103.610008,64.792061,-1294.039795,-0.000272,0.002701,0.068607,288.209473,14.682091,0.686065,-1294.039795,0.068121,0.000000
103.620003,64.808815,-1293.995361,-0.000272,0.002701,0.068607,288.283997,14.685887,0.686065,-1293.995361,0.068104,0.000000
103.630005,64.792809,-1294.084351,-0.000272,0.002701,0.068607,288.212799,14.682261,0.686065,-1294.084351,0.068086,0.000000
103.640007,64.796532,-1293.950806,-0.000280,0.002701,0.068607,288.229370,14.683104,0.686065,-1293.950806,0.068077,0.000000
103.650002,64.796532,-1294.084351,-0.000280,0.002701,0.068607,288.229370,14.683104,0.686065,-1294.084351,0.068060,0.000000
103.660004,64.794304,-1294.084351,-0.000259,0.002701,0.068607,288.219452,14.682599,0.686065,-1294.084351,0.068042,0.000000
103.670006,64.792442,-1294.039795,-0.000263,0.002701,0.068607,288.211182,14.682177,0.686065,-1294.039795,0.068025,0.000000
103.680008,64.816261,-1294.084351,-0.000276,0.002701,0.068597,288.317139,14.687575,0.685974,-1294.084351,0.068009,0.000000
103.690002,64.814781,-1294.084351,-0.000285,0.002698,0.068537,288.310547,14.687239,0.685369,-1294.084351,0.067990,0.000000
103.700005,64.796898,-1293.995361,-0.000280,0.002695,0.068458,288.230988,14.683187,0.684582,-1293.995361,0.067974,0.000000
103.710007,64.771217,-1294.084351,-0.000280,0.002693,0.068407,288.116760,14.677368,0.684067,-1294.084351,0.067956,0.000000
103.720001,64.783119,-1293.995361,-0.000289,0.002692,0.068372,288.169708,14.680064,0.683719,-1293.995361,0.067939,0.000000
103.730003,64.817009,-1294.084351,-0.000280,0.002691,0.068346,288.320465,14.687744,0.683461,-1294.084351,0.067921,0.000000
103.740005,64.824089,-1294.039795,-0.000280,0.002690,0.068328,288.351959,14.689349,0.683280,-1294.039795,0.067904,0.000000
103.750008,64.818871,-1293.995361,-0.000280,0.002689,0.068311,288.328735,14.688166,0.683113,-1293.995361,0.067886,0.000000
103.760002,64.818871,-1294.084351,-0.000272,0.002689,0.068295,288.328735,14.688166,0.682946,-1294.084351,0.067869,0.000000
103.770004,64.817757,-1294.039795,-0.000276,0.002688,0.068286,288.323792,14.687914,0.682856,-1294.039795,0.067860,0.000000
103.780006,64.803978,-1293.995361,-0.000280,0.002688,0.068267,288.262482,14.684792,0.682674,-1293.995361,0.067843,0.000000
103.790009,64.779030,-1293.995361,-0.000280,0.002687,0.068251,288.151520,14.679137,0.682507,-1293.995361,0.067825,0.000000
103.800003,64.785728,-1293.995361,-0.000263,0.002686,0.068233,288.181305,14.680655,0.682326,-1293.995361,0.067809,0.000000
103.810005,64.773811,-1294.039795,-0.000280,0.002686,0.068216,288.128296,14.677956,0.682159,-1294.039795,0.067790,0.000000
103.820007,64.811424,-1293.950806,-0.000285,0.002685,0.068199,288.295624,14.686479,0.681993,-1293.950806,0.067774,0.000000
103.830002,64.799889,-1294.084351,-0.000267,0.002685,0.068190,288.244293,14.683865,0.681902,-1294.084351,0.067756,0.000000
103.840004,64.796532,-1294.084351,-0.000272,0.002684,0.068172,288.229370,14.683104,0.681720,-1294.084351,0.067739,0.000000
103.850006,64.782005,-1294.039795,-0.000289,0.002683,0.068146,288.164764,14.679812,0.681463,-1294.039795,0.067721,0.000000
103.860008,64.786110,-1294.084351,-0.000276,0.002682,0.068121,288.183014,14.680742,0.681205,-1294.084351,0.067704,0.000000
103.870003,64.811058,-1293.995361,-0.000280,0.002681,0.068095,288.293976,14.686396,0.680948,-1293.995361,0.067688,0.000000
103.880005,64.838982,-1294.039795,-0.000272,0.002680,0.068077,288.418182,14.692723,0.680766,-1294.039795,0.067669,0.000000
103.890007,64.837486,-1294.084351,-0.000276,0.002680,0.068060,288.411530,14.692384,0.680600,-1294.084351,0.067660,0.000000
103.900002,64.824089,-1293.995361,-0.000280,0.002679,0.068042,288.351959,14.689349,0.680418,-1293.995361,0.067644,0.000000
103.910004,64.833031,-1294.084351,-0.000280,0.002679,0.068034,288.391724,14.691375,0.680342,-1294.084351,0.067625,0.000000
103.920006,64.820732,-1293.995361,-0.000276,0.002678,0.068025,288.337006,14.688588,0.680252,-1293.995361,0.067609,0.000000
103.930008,64.807701,-1294.084351,-0.000293,0.002678,0.068009,288.279053,14.685635,0.680085,-1294.084351,0.067592,0.000000
103.940002,64.799889,-1294.039795,-0.000289,0.002677,0.067999,288.244293,14.683865,0.679994,-1294.039795,0.067574,0.000000
103.950005,64.786858,-1294.039795,-0.000280,0.002676,0.067981,288.186340,14.680912,0.679813,-1294.039795,0.067557,0.000000
103.960007,64.805473,-1294.039795,-0.000285,0.002676,0.067965,288.269135,14.685130,0.679646,-1294.039795,0.067539,0.000000
103.970001,64.798759,-1294.084351,-0.000285,0.002675,0.067946,288.239288,14.683609,0.679464,-1294.084351,0.067523,0.000000
103.980003,64.790199,-1293.995361,-0.000272,0.002674,0.067930,288.201202,14.681668,0.679298,-1293.995361,0.067504,0.000000
103.990005,64.773811,-1294.039795,-0.000272,0.002674,0.067921,288.128296,14.677956,0.679207,-1294.039795,0.067488,0.000000
104.000008,64.764503,-1293.995361,-0.000267,0.002673,0.067904,288.086914,14.675847,0.679040,-1293.995361,0.067470,0.000000
104.010002,64.765999,-1294.084351,-0.000272,0.002673,0.067895,288.093536,14.676186,0.678950,-1294.084351,0.067453,0.000000
104.020004,64.744392,-1293.950806,-0.000267,0.002672,0.067878,287.997437,14.671289,0.678783,-1293.950806,0.067444,0.000000
104.030006,64.754829,-1294.039795,-0.000276,0.002672,0.067860,288.043854,14.673655,0.678601,-1294.039795,0.067427,0.000000
104.040009,64.733223,-1294.039795,-0.000272,0.002671,0.067851,287.947754,14.668758,0.678511,-1294.039795,0.067409,0.000000
104.050003,64.736580,-1293.995361,-0.000259,0.002671,0.067834,287.962677,14.669519,0.678344,-1293.995361,0.067392,0.000000
104.060005,64.734718,-1294.084351,-0.000276,0.002670,0.067818,287.954407,14.669097,0.678177,-1294.084351,0.067374,0.000000
104.070007,64.717964,-1293.950806,-0.000280,0.002670,0.067809,287.879883,14.665300,0.678087,-1293.950806,0.067358,0.000000
104.080002,64.728020,-1294.039795,-0.000276,0.002669,0.067800,287.924622,14.667579,0.677996,-1294.039795,0.067339,0.000000
104.090004,64.736946,-1294.039795,-0.000285,0.002669,0.067790,287.964325,14.669601,0.677905,-1294.039795,0.067323,0.000000
104.100006,64.738075,-1294.039795,-0.000272,0.002669,0.067783,287.969330,14.669857,0.677829,-1294.039795,0.067306,0.000000
104.110008,64.748497,-1294.128784,-0.000276,0.002668,0.067765,288.015686,14.672219,0.677648,-1294.128784,0.067288,0.000000
104.120003,64.745522,-1294.039795,-0.000272,0.002667,0.067748,288.002472,14.671545,0.677481,-1294.039795,0.067271,0.000000
104.130005,64.730247,-1294.084351,-0.000267,0.002667,0.067739,287.934509,14.668084,0.677390,-1294.084351,0.067253,0.000000
104.140007,64.739937,-1294.039795,-0.000272,0.002666,0.067721,287.977631,14.670280,0.677209,-1294.039795,0.067236,0.000000
104.150002,64.734718,-1294.039795,-0.000267,0.002665,0.067695,287.954407,14.669097,0.676951,-1294.039795,0.067227,0.000000
104.160004,64.743279,-1294.039795,-0.000276,0.002665,0.067678,287.992493,14.671037,0.676785,-1294.039795,0.067211,0.000000
104.170006,64.751106,-1293.995361,-0.000285,0.002664,0.067669,288.027313,14.672811,0.676694,-1293.995361,0.067192,0.000000
104.180008,64.760414,-1294.039795,-0.000276,0.002663,0.067653,288.068695,14.674920,0.676527,-1294.039795,0.067176,0.000000
104.190002,64.731743,-1294.039795,-0.000280,0.002663,0.067644,287.941162,14.668422,0.676436,-1294.039795,0.067158,0.000000
104.200005,64.738808,-1294.039795,-0.000263,0.002663,0.067635,287.972595,14.670024,0.676346,-1294.039795,0.067141,0.000000
104.210007,64.729881,-1294.039795,-0.000285,0.002662,0.067625,287.932892,14.668001,0.676255,-1294.039795,0.067123,0.000000
104.220001,64.732109,-1293.995361,-0.000285,0.002662,0.067609,287.942810,14.668506,0.676088,-1293.995361,0.067106,0.000000
104.230003,64.729500,-1294.039795,-0.000280,0.002661,0.067600,287.931183,14.667914,0.675997,-1294.039795,0.067088,0.000000
104.240005,64.737694,-1293.995361,-0.000276,0.002661,0.067583,287.967651,14.669771,0.675831,-1293.995361,0.067071,0.000000
104.250008,64.713860,-1293.995361,-0.000272,0.002660,0.067565,287.861633,14.664370,0.675649,-1293.995361,0.067053,0.000000
104.260002,64.723549,-1294.084351,-0.000267,0.002659,0.067539,287.904724,14.666566,0.675392,-1294.084351,0.067037,0.000000
104.270004,64.722054,-1294.039795,-0.000276,0.002659,0.067530,287.898071,14.666227,0.675301,-1294.039795,0.067020,0.000000
104.280006,64.746269,-1294.084351,-0.000280,0.002658,0.067523,288.005798,14.671714,0.675225,-1294.084351,0.067011,0.000000
104.290009,64.737328,-1294.039795,-0.000276,0.002658,0.067513,287.966003,14.669687,0.675134,-1294.039795,0.066993,0.000000
104.300003,64.702324,-1293.995361,-0.000276,0.002657,0.067497,287.810303,14.661756,0.674968,-1293.995361,0.066976,0.000000
104.310005,64.725777,-1294.039795,-0.000276,0.002657,0.067479,287.914642,14.667070,0.674786,-1294.039795,0.066958,0.000000
104.320007,64.727272,-1293.995361,-0.000280,0.002656,0.067462,287.921295,14.667409,0.674620,-1293.995361,0.066941,0.000000
104.330002,64.745522,-1294.084351,-0.000276,0.002655,0.067435,288.002472,14.671545,0.674347,-1294.084351,0.066923,0.000000
104.340004,64.738441,-1293.995361,-0.000280,0.002654,0.067401,287.970978,14.669940,0.674014,-1293.995361,0.066906,0.000000
104.350006,64.741798,-1294.039795,-0.000267,0.002652,0.067358,287.985901,14.670701,0.673575,-1294.039795,0.066890,0.000000
104.360008,64.730629,-1294.084351,-0.000285,0.002650,0.067314,287.936218,14.668170,0.673136,-1294.084351,0.066872,0.000000
104.370003,64.736946,-1293.995361,-0.000267,0.002649,0.067279,287.964325,14.669601,0.672788,-1293.995361,0.066855,0.000000
104.380005,64.768974,-1294.039795,-0.000285,0.002647,0.067244,288.106781,14.676860,0.672440,-1294.039795,0.066837,0.000000
104.390007,64.778282,-1293.995361,-0.000272,0.002646,0.067218,288.148193,14.678968,0.672182,-1293.995361,0.066820,0.000000
104.400002,64.773079,-1294.039795,-0.000272,0.002646,0.067202,288.125031,14.677790,0.672016,-1294.039795,0.066802,0.000000
104.410004,64.746269,-1294.039795,-0.000267,0.002645,0.067192,288.005798,14.671714,0.671925,-1294.039795,0.066794,0.000000
104.420006,64.762276,-1294.039795,-0.000285,0.002645,0.067183,288.076996,14.675342,0.671834,-1294.039795,0.066776,0.000000
104.430008,64.788338,-1294.039795,-0.000280,0.002644,0.067158,288.192932,14.681248,0.671577,-1294.039795,0.066759,0.000000
104.440002,64.771584,-1294.084351,-0.000280,0.002643,0.067141,288.118408,14.677451,0.671410,-1294.084351,0.066741,0.000000
104.450005,64.778664,-1294.084351,-0.000276,0.002643,0.067123,288.149902,14.679055,0.671228,-1294.084351,0.066725,0.000000
104.460007,64.768227,-1294.039795,-0.000272,0.002642,0.067097,288.103455,14.676690,0.670971,-1294.039795,0.066707,0.000000
104.470001,64.748863,-1294.039795,-0.000272,0.002641,0.067080,288.017334,14.672302,0.670805,-1294.039795,0.066690,0.000000
104.480003,64.747002,-1294.084351,-0.000293,0.002640,0.067062,288.009033,14.671881,0.670623,-1294.084351,0.066672,0.000000
104.490005,64.743660,-1293.995361,-0.000293,0.002639,0.067037,287.994171,14.671123,0.670365,-1293.995361,0.066655,0.000000
104.500008,64.732491,-1293.950806,-0.000280,0.002639,0.067020,287.944489,14.668591,0.670199,-1293.950806,0.066637,0.000000
104.510002,64.721687,-1294.084351,-0.000280,0.002638,0.067002,287.896454,14.666143,0.670017,-1294.084351,0.066620,0.000000
104.520004,64.737694,-1294.039795,-0.000276,0.002638,0.067002,287.967651,14.669771,0.670017,-1294.039795,0.066604,0.000000
104.530006,64.758553,-1294.039795,-0.000259,0.002638,0.067002,288.060425,14.674498,0.670017,-1294.039795,0.066585,0.000000
104.540009,64.773079,-1294.084351,-0.000293,0.002638,0.067002,288.125031,14.677790,0.670017,-1294.084351,0.066576,0.000000
104.550003,64.755577,-1293.995361,-0.000263,0.002638,0.066993,288.047180,14.673823,0.669926,-1293.995361,0.066560,0.000000
104.560005,64.717216,-1294.039795,-0.000276,0.002637,0.066985,287.876556,14.665131,0.669851,-1294.039795,0.066541,0.000000
104.570007,64.706795,-1293.995361,-0.000276,0.002637,0.066985,287.830200,14.662769,0.669851,-1293.995361,0.066525,0.000000
104.580002,64.713860,-1294.084351,-0.000276,0.002637,0.066976,287.861633,14.664370,0.669760,-1294.084351,0.066508,0.000000
104.590004,64.725044,-1293.995361,-0.000267,0.002636,0.066958,287.911377,14.666904,0.669578,-1293.995361,0.066490,0.000000
104.600006,64.707542,-1294.039795,-0.000285,0.002636,0.066950,287.833527,14.662939,0.669502,-1294.039795,0.066473,0.000000
104.610008,64.709023,-1293.995361,-0.000272,0.002635,0.066932,287.840118,14.663274,0.669321,-1293.995361,0.066455,0.000000
104.620003,64.723549,-1293.950806,-0.000272,0.002634,0.066915,287.904724,14.666566,0.669154,-1293.950806,0.066439,0.000000
104.630005,64.722054,-1294.039795,-0.000276,0.002633,0.066890,287.898071,14.666227,0.668897,-1294.039795,0.066420,0.000000
104.640007,64.709404,-1293.995361,-0.000276,0.002633,0.066881,287.841797,14.663361,0.668806,-1293.995361,0.066404,0.000000
104.650002,64.704552,-1294.039795,-0.000276,0.002632,0.066862,287.820221,14.662261,0.668624,-1294.039795,0.066386,0.000000
104.660004,64.711266,-1294.039795,-0.000276,0.002632,0.066855,287.850098,14.663782,0.668549,-1294.039795,0.066378,0.000000
104.670006,64.697105,-1294.084351,-0.000276,0.002631,0.066837,287.787109,14.660574,0.668367,-1294.084351,0.066360,0.000000
104.680008,64.720192,-1294.084351,-0.000272,0.002631,0.066828,287.889801,14.665805,0.668276,-1294.084351,0.066343,0.000000
104.690002,64.717216,-1293.995361,-0.000285,0.002630,0.066811,287.876556,14.665131,0.668110,-1293.995361,0.066325,0.000000
104.700005,64.708275,-1294.039795,-0.000263,0.002629,0.066776,287.836792,14.663104,0.667761,-1294.039795,0.066308,0.000000
104.710007,64.701576,-1294.084351,-0.000293,0.002628,0.066759,287.806976,14.661587,0.667595,-1294.084351,0.066290,0.000000
104.720001,64.700829,-1294.039795,-0.000280,0.002628,0.066741,287.803650,14.661417,0.667413,-1294.039795,0.066274,0.000000
104.730003,64.695244,-1294.039795,-0.000280,0.002627,0.066732,287.778809,14.660151,0.667322,-1294.039795,0.066255,0.000000
104.740005,64.713493,-1293.995361,-0.000280,0.002627,0.066725,287.859985,14.664287,0.667247,-1293.995361,0.066239,0.000000
104.750008,64.708656,-1293.995361,-0.000267,0.002627,0.066716,287.838470,14.663191,0.667156,-1293.995361,0.066222,0.000000
104.760002,64.699715,-1294.039795,-0.000276,0.002626,0.066707,287.798706,14.661165,0.667065,-1294.039795,0.066204,0.000000
104.770004,64.705299,-1293.995361,-0.000276,0.002626,0.066690,287.823547,14.662431,0.666898,-1293.995361,0.066187,0.000000
104.780006,64.707542,-1294.084351,-0.000267,0.002625,0.066672,287.833527,14.662939,0.666717,-1294.084351,0.066169,0.000000
104.790009,64.690041,-1294.084351,-0.000280,0.002625,0.066664,287.755676,14.658973,0.666641,-1294.084351,0.066160,0.000000
104.800003,64.698219,-1294.039795,-0.000254,0.002624,0.066646,287.792053,14.660827,0.666459,-1294.039795,0.066143,0.000000
104.810005,64.689293,-1294.039795,-0.000280,0.002623,0.066629,287.752350,14.658804,0.666293,-1294.039795,0.066127,0.000000
104.820007,64.701210,-1293.950806,-0.000272,0.002622,0.066611,287.805359,14.661504,0.666111,-1293.950806,0.066108,0.000000
104.830002,64.692268,-1294.084351,-0.000276,0.002622,0.066594,287.765594,14.659477,0.665945,-1294.084351,0.066092,0.000000
104.840004,64.684822,-1294.084351,-0.000302,0.002621,0.066576,287.732452,14.657790,0.665763,-1294.084351,0.066074,0.000000
104.850006,64.688179,-1293.995361,-0.000272,0.002620,0.066560,287.747406,14.658551,0.665596,-1293.995361,0.066057,0.000000
104.860008,64.683327,-1294.039795,-0.000272,0.002620,0.066551,287.725800,14.657451,0.665506,-1294.039795,0.066039,0.000000
104.870003,64.690041,-1294.039795,-0.000280,0.002620,0.066541,287.755676,14.658973,0.665415,-1294.039795,0.066022,0.000000
104.880005,64.669548,-1293.995361,-0.000272,0.002619,0.066534,287.664520,14.654329,0.665339,-1293.995361,0.066004,0.000000
104.890007,64.671410,-1294.039795,-0.000272,0.002618,0.066508,287.672791,14.654751,0.665082,-1294.039795,0.065987,0.000000
104.900002,64.685188,-1294.039795,-0.000267,0.002617,0.066481,287.734100,14.657873,0.664809,-1294.039795,0.065969,0.000000
104.910004,64.685188,-1294.039795,-0.000276,0.002616,0.066455,287.734100,14.657873,0.664552,-1294.039795,0.065953,0.000000
104.920006,64.674400,-1294.039795,-0.000263,0.002616,0.066439,287.686096,14.655428,0.664385,-1294.039795,0.065943,0.000000
104.930008,64.663963,-1293.995361,-0.000263,0.002615,0.066429,287.639679,14.653064,0.664294,-1293.995361,0.065927,0.000000
104.940002,64.675880,-1294.039795,-0.000276,0.002615,0.066420,287.692688,14.655765,0.664204,-1294.039795,0.065909,0.000000
104.950005,64.684822,-1294.039795,-0.000276,0.002615,0.066413,287.732452,14.657790,0.664128,-1294.039795,0.065892,0.000000
104.960007,64.671043,-1294.084351,-0.000285,0.002615,0.066413,287.671173,14.654668,0.664128,-1294.084351,0.065874,0.000000
104.970001,64.662102,-1294.039795,-0.000272,0.002615,0.066413,287.631409,14.652641,0.664128,-1294.039795,0.065857,0.000000
104.980003,64.675133,-1294.084351,-0.000272,0.002614,0.066404,287.689362,14.655595,0.664037,-1294.084351,0.065839,0.000000
104.990005,64.685570,-1294.084351,-0.000272,0.002614,0.066404,287.735779,14.657959,0.664037,-1294.084351,0.065822,0.000000
105.000008,64.680717,-1294.039795,-0.000276,0.002614,0.066395,287.714203,14.656860,0.663946,-1294.039795,0.065806,0.000000
105.010002,64.685570,-1294.039795,-0.000289,0.002613,0.066360,287.735779,14.657959,0.663598,-1294.039795,0.065788,0.000000
105.020004,64.685570,-1294.039795,-0.000272,0.002612,0.066343,287.735779,14.657959,0.663432,-1294.039795,0.065771,0.000000
105.030006,64.687798,-1294.084351,-0.000272,0.002612,0.066334,287.745697,14.658464,0.663341,-1294.084351,0.065753,0.000000
105.040009,64.671410,-1293.995361,-0.000276,0.002611,0.066325,287.672791,14.654751,0.663250,-1293.995361,0.065736,0.000000
105.050003,64.685188,-1294.039795,-0.000276,0.002611,0.066308,287.734100,14.657873,0.663083,-1294.039795,0.065727,0.000000
105.060005,64.691902,-1294.039795,-0.000272,0.002610,0.066290,287.763947,14.659394,0.662902,-1294.039795,0.065710,0.000000
105.070007,64.681465,-1294.039795,-0.000276,0.002609,0.066274,287.717529,14.657030,0.662735,-1294.039795,0.065692,0.000000
105.080002,64.683327,-1294.084351,-0.000285,0.002608,0.066248,287.725800,14.657451,0.662478,-1294.084351,0.065675,0.000000
105.090004,64.673653,-1294.084351,-0.000276,0.002607,0.066230,287.682770,14.655259,0.662296,-1294.084351,0.065657,0.000000
105.100006,64.668434,-1294.039795,-0.000285,0.002606,0.066195,287.659576,14.654077,0.661948,-1294.039795,0.065641,0.000000
105.110008,64.663597,-1294.039795,-0.000280,0.002605,0.066160,287.638031,14.652981,0.661600,-1294.039795,0.065623,0.000000
105.120003,64.652794,-1294.039795,-0.000280,0.002603,0.066118,287.589996,14.650533,0.661176,-1294.039795,0.065606,0.000000
105.130005,64.666206,-1294.084351,-0.000272,0.002602,0.066083,287.649658,14.653572,0.660828,-1294.084351,0.065588,0.000000
105.140007,64.659126,-1294.039795,-0.000289,0.002600,0.066048,287.618164,14.651968,0.660479,-1294.039795,0.065571,0.000000
105.150002,64.653175,-1293.906372,-0.000276,0.002599,0.066013,287.591675,14.650620,0.660131,-1293.906372,0.065553,0.000000
105.160004,64.644600,-1294.084351,-0.000263,0.002597,0.065969,287.553528,14.648676,0.659692,-1294.084351,0.065536,0.000000
105.170006,64.664711,-1294.039795,-0.000280,0.002596,0.065943,287.643005,14.653234,0.659435,-1294.039795,0.065520,0.000000
105.180008,64.675133,-1293.950806,-0.000263,0.002596,0.065927,287.689362,14.655595,0.659268,-1293.950806,0.065510,0.000000
105.190002,64.688545,-1294.084351,-0.000267,0.002595,0.065918,287.749023,14.658634,0.659177,-1294.084351,0.065492,0.000000
105.200005,64.663597,-1293.995361,-0.000267,0.002595,0.065901,287.638031,14.652981,0.659011,-1293.995361,0.065476,0.000000
105.210007,64.666573,-1294.039795,-0.000289,0.002594,0.065892,287.651276,14.653654,0.658920,-1294.039795,0.065457,0.000000
105.220001,64.658012,-1293.950806,-0.000272,0.002593,0.065874,287.613190,14.651715,0.658738,-1293.950806,0.065441,0.000000
105.230003,64.655403,-1294.039795,-0.000263,0.002593,0.065857,287.601593,14.651123,0.658572,-1294.039795,0.065424,0.000000
105.240005,64.668434,-1293.950806,-0.000276,0.002592,0.065839,287.659576,14.654077,0.658390,-1293.950806,0.065406,0.000000
105.250008,64.665459,-1294.039795,-0.000280,0.002591,0.065822,287.646332,14.653402,0.658224,-1294.039795,0.065389,0.000000
105.260002,64.662483,-1294.039795,-0.000280,0.002591,0.065806,287.633087,14.652728,0.658057,-1294.039795,0.065371,0.000000
105.270004,64.657265,-1293.950806,-0.000280,0.002590,0.065797,287.609863,14.651546,0.657966,-1293.950806,0.065355,0.000000
105.280006,64.661736,-1294.039795,-0.000272,0.002590,0.065778,287.629761,14.652558,0.657784,-1294.039795,0.065336,0.000000
105.290009,64.640877,-1294.039795,-0.000289,0.002589,0.065762,287.536987,14.647833,0.657618,-1294.039795,0.065320,0.000000
105.300003,64.647591,-1293.950806,-0.000276,0.002588,0.065744,287.566833,14.649354,0.657436,-1293.950806,0.065311,0.000000
105.310005,64.637901,-1294.039795,-0.000259,0.002588,0.065727,287.523743,14.647158,0.657270,-1294.039795,0.065294,0.000000
105.320007,64.644234,-1294.039795,-0.000280,0.002588,0.065727,287.551910,14.648593,0.657270,-1294.039795,0.065276,0.000000
105.330002,64.642738,-1293.995361,-0.000272,0.002587,0.065718,287.545258,14.648253,0.657179,-1293.995361,0.065259,0.000000
105.340004,64.641624,-1294.084351,-0.000285,0.002587,0.065710,287.540314,14.648002,0.657103,-1294.084351,0.065241,0.000000
105.350006,64.629707,-1293.995361,-0.000263,0.002586,0.065692,287.487305,14.645302,0.656922,-1293.995361,0.065224,0.000000
105.360008,64.623009,-1294.039795,-0.000280,0.002585,0.065666,287.457489,14.643784,0.656664,-1294.039795,0.065206,0.000000
105.370003,64.609978,-1293.995361,-0.000280,0.002585,0.065657,287.399536,14.640830,0.656573,-1293.995361,0.065190,0.000000
105.380005,64.630089,-1294.039795,-0.000272,0.002585,0.065648,287.488983,14.645388,0.656482,-1294.039795,0.065171,0.000000
105.390007,64.630089,-1294.084351,-0.000285,0.002585,0.065648,287.488983,14.645388,0.656482,-1294.084351,0.065155,0.000000
105.400002,64.633812,-1293.950806,-0.000276,0.002585,0.065648,287.505554,14.646231,0.656482,-1293.950806,0.065137,0.000000
105.410004,64.615562,-1294.084351,-0.000285,0.002585,0.065648,287.424377,14.642096,0.656482,-1294.084351,0.065120,0.000000
105.420006,64.615929,-1293.995361,-0.000289,0.002585,0.065648,287.425995,14.642179,0.656482,-1293.995361,0.065103,0.000000
105.430008,64.619652,-1294.039795,-0.000272,0.002584,0.065641,287.442566,14.643023,0.656407,-1294.039795,0.065094,0.000000
105.440002,64.605507,-1294.084351,-0.000293,0.002584,0.065632,287.379639,14.639817,0.656316,-1294.084351,0.065076,0.000000
105.450005,64.618904,-1294.039795,-0.000289,0.002583,0.065606,287.439240,14.642853,0.656059,-1294.039795,0.065059,0.000000
105.460007,64.612206,-1294.039795,-0.000272,0.002582,0.065580,287.409454,14.641335,0.655801,-1294.039795,0.065041,0.000000
105.470001,64.597679,-1294.084351,-0.000280,0.002581,0.065553,287.344818,14.638043,0.655529,-1294.084351,0.065024,0.000000
105.480003,64.599922,-1294.084351,-0.000272,0.002580,0.065527,287.354797,14.638552,0.655271,-1294.084351,0.065008,0.000000
105.490005,64.597679,-1294.039795,-0.000280,0.002578,0.065492,287.344818,14.638043,0.654923,-1294.039795,0.064990,0.000000
105.500008,64.575340,-1293.950806,-0.000280,0.002578,0.065476,287.245453,14.632981,0.654757,-1293.950806,0.064973,0.000000
105.510002,64.579445,-1293.995361,-0.000280,0.002577,0.065450,287.263733,14.633911,0.654499,-1293.995361,0.064955,0.000000
105.520004,64.579445,-1293.995361,-0.000276,0.002576,0.065432,287.263733,14.633911,0.654317,-1293.995361,0.064938,0.000000
105.530006,64.571999,-1294.084351,-0.000289,0.002576,0.065424,287.230591,14.632224,0.654242,-1294.084351,0.064920,0.000000
105.540009,64.569756,-1294.039795,-0.000289,0.002576,0.065424,287.220612,14.631716,0.654242,-1294.039795,0.064903,0.000000
105.550003,64.575722,-1293.995361,-0.000276,0.002575,0.065415,287.247162,14.633068,0.654151,-1293.995361,0.064885,0.000000
105.560005,64.574974,-1294.039795,-0.000280,0.002575,0.065397,287.243835,14.632898,0.653969,-1294.039795,0.064878,0.000000
105.570007,64.559700,-1293.950806,-0.000263,0.002574,0.065389,287.175903,14.629436,0.653894,-1293.950806,0.064859,0.000000
105.580002,64.559334,-1294.084351,-0.000276,0.002574,0.065371,287.174255,14.629354,0.653712,-1294.084351,0.064843,0.000000
105.590004,64.558586,-1294.039795,-0.000267,0.002574,0.065371,287.170929,14.629185,0.653712,-1294.039795,0.064825,0.000000
105.600006,64.560081,-1293.950806,-0.000272,0.002574,0.065371,287.177582,14.629524,0.653712,-1293.950806,0.064808,0.000000
105.610008,64.574226,-1294.084351,-0.000272,0.002573,0.065362,287.240509,14.632729,0.653621,-1294.084351,0.064790,0.000000
105.620003,64.569389,-1294.039795,-0.000280,0.002572,0.065329,287.218994,14.631633,0.653288,-1294.039795,0.064773,0.000000
105.630005,64.571617,-1294.084351,-0.000276,0.002571,0.065294,287.228912,14.632137,0.652940,-1294.084351,0.064755,0.000000
105.640007,64.541451,-1294.039795,-0.000267,0.002570,0.065285,287.094696,14.625301,0.652849,-1294.039795,0.064738,0.000000
105.650002,64.545174,-1294.039795,-0.000285,0.002570,0.065285,287.111267,14.626145,0.652849,-1294.039795,0.064722,0.000000
105.660004,64.555611,-1293.995361,-0.000280,0.002570,0.065285,287.157684,14.628510,0.652849,-1293.995361,0.064704,0.000000
105.670006,64.570869,-1293.995361,-0.000272,0.002570,0.065276,287.225586,14.631968,0.652758,-1293.995361,0.064687,0.000000
105.680008,64.588753,-1294.039795,-0.000272,0.002570,0.065276,287.305115,14.636021,0.652758,-1294.039795,0.064669,0.000000
105.690002,64.598427,-1293.995361,-0.000280,0.002570,0.065267,287.348145,14.638213,0.652667,-1293.995361,0.064660,0.000000
105.700005,64.595818,-1294.039795,-0.000272,0.002569,0.065259,287.336548,14.637621,0.652592,-1294.039795,0.064643,0.000000
105.710007,64.571617,-1293.995361,-0.000276,0.002569,0.065241,287.228912,14.632137,0.652410,-1293.995361,0.064626,0.000000
105.720001,64.585396,-1293.995361,-0.000285,0.002568,0.065232,287.290192,14.635260,0.652319,-1293.995361,0.064608,0.000000
105.730003,64.582420,-1294.039795,-0.000280,0.002568,0.065224,287.276947,14.634586,0.652243,-1294.039795,0.064592,0.000000
105.740005,64.560814,-1294.039795,-0.000267,0.002568,0.065215,287.180847,14.629689,0.652153,-1294.039795,0.064573,0.000000
105.750008,64.584282,-1293.995361,-0.000263,0.002567,0.065199,287.285248,14.635007,0.651986,-1293.995361,0.064557,0.000000
105.760002,64.601402,-1294.039795,-0.000276,0.002566,0.065180,287.361389,14.638886,0.651804,-1294.039795,0.064539,0.000000
105.770004,64.579063,-1293.950806,-0.000276,0.002566,0.065164,287.262024,14.633824,0.651638,-1293.950806,0.064522,0.000000
105.780006,64.569756,-1293.995361,-0.000276,0.002564,0.065137,287.220612,14.631716,0.651365,-1293.995361,0.064504,0.000000
105.790009,64.571617,-1294.084351,-0.000285,0.002564,0.065120,287.228912,14.632137,0.651199,-1294.084351,0.064487,0.000000
105.800003,64.563057,-1293.995361,-0.000263,0.002563,0.065094,287.190826,14.630198,0.650941,-1293.995361,0.064469,0.000000
105.810005,64.564171,-1294.084351,-0.000276,0.002562,0.065068,287.195770,14.630450,0.650684,-1294.084351,0.064452,0.000000
105.820007,64.560081,-1293.950806,-0.000289,0.002561,0.065050,287.177582,14.629524,0.650502,-1293.950806,0.064443,0.000000
105.830002,64.534004,-1294.084351,-0.000276,0.002560,0.065024,287.061584,14.623614,0.650245,-1294.084351,0.064426,0.000000
105.840004,64.524696,-1294.084351,-0.000280,0.002559,0.064999,287.020172,14.621505,0.649988,-1294.084351,0.064408,0.000000
105.850006,64.510918,-1294.039795,-0.000263,0.002558,0.064964,286.958893,14.618383,0.649639,-1294.039795,0.064392,0.000000
105.860008,64.492683,-1294.039795,-0.000272,0.002557,0.064938,286.877777,14.614251,0.649382,-1294.039795,0.064373,0.000000
105.870003,64.474052,-1293.995361,-0.000267,0.002555,0.064903,286.794922,14.610029,0.649034,-1293.995361,0.064357,0.000000
105.880005,64.471077,-1294.084351,-0.000272,0.002554,0.064869,286.781677,14.609354,0.648686,-1294.084351,0.064339,0.000000
105.890007,64.468468,-1294.084351,-0.000267,0.002553,0.064834,286.770081,14.608764,0.648337,-1294.084351,0.064322,0.000000
105.900002,64.475182,-1293.950806,-0.000267,0.002552,0.064817,286.799927,14.610285,0.648171,-1293.950806,0.064305,0.000000
105.910004,64.471458,-1294.039795,-0.000276,0.002551,0.064799,286.783356,14.609442,0.647989,-1294.039795,0.064287,0.000000
105.920006,64.458412,-1293.995361,-0.000267,0.002550,0.064773,286.725342,14.606484,0.647732,-1293.995361,0.064271,0.000000
105.930008,64.469963,-1294.039795,-0.000280,0.002549,0.064755,286.776733,14.609102,0.647550,-1294.039795,0.064252,0.000000
105.940002,64.477409,-1293.995361,-0.000276,0.002549,0.064738,286.809845,14.610789,0.647384,-1293.995361,0.064243,0.000000
105.950005,64.475914,-1294.039795,-0.000276,0.002548,0.064729,286.803192,14.610452,0.647293,-1294.039795,0.064227,0.000000
105.960007,64.461769,-1294.039795,-0.000276,0.002548,0.064722,286.740265,14.607245,0.647217,-1294.039795,0.064210,0.000000
105.970001,64.472191,-1294.084351,-0.000285,0.002548,0.064713,286.786621,14.609607,0.647126,-1294.084351,0.064192,0.000000
105.980003,64.459541,-1294.039795,-0.000272,0.002547,0.064704,286.730347,14.606741,0.647035,-1294.039795,0.064175,0.000000
105.990005,64.423409,-1294.039795,-0.000276,0.002547,0.064694,286.569641,14.598553,0.646945,-1294.039795,0.064157,0.000000
106.000008,64.437935,-1294.039795,-0.000272,0.002547,0.064687,286.634247,14.601845,0.646869,-1294.039795,0.064140,0.000000
106.010002,64.463264,-1294.039795,-0.000293,0.002546,0.064678,286.746918,14.607584,0.646778,-1294.039795,0.064122,0.000000
106.020004,64.456932,-1294.039795,-0.000276,0.002545,0.064652,286.718750,14.606150,0.646521,-1294.039795,0.064106,0.000000
106.030006,64.463264,-1294.084351,-0.000272,0.002545,0.064634,286.746918,14.607584,0.646339,-1294.084351,0.064087,0.000000
106.040009,64.449104,-1294.084351,-0.000280,0.002544,0.064617,286.683929,14.604376,0.646172,-1294.084351,0.064071,0.000000
106.050003,64.453957,-1293.950806,-0.000276,0.002544,0.064608,286.705505,14.605475,0.646082,-1293.950806,0.064053,0.000000
106.060005,64.462135,-1294.084351,-0.000272,0.002543,0.064599,286.741913,14.607328,0.645991,-1294.084351,0.064036,0.000000
106.070007,64.456551,-1294.039795,-0.000272,0.002543,0.064582,286.717072,14.606063,0.645824,-1294.039795,0.064027,0.000000
106.080002,64.469582,-1294.084351,-0.000280,0.002542,0.064564,286.775024,14.609016,0.645643,-1294.084351,0.064010,0.000000
106.090004,64.455818,-1294.084351,-0.000285,0.002541,0.064548,286.713806,14.605897,0.645476,-1294.084351,0.063992,0.000000
106.100006,64.470711,-1293.995361,-0.000263,0.002541,0.064539,286.780029,14.609272,0.645385,-1293.995361,0.063975,0.000000
106.110008,64.457680,-1294.128784,-0.000267,0.002540,0.064522,286.722076,14.606319,0.645219,-1294.128784,0.063957,0.000000
106.120003,64.457298,-1294.039795,-0.000289,0.002540,0.064513,286.720367,14.606233,0.645128,-1294.039795,0.063941,0.000000
106.130005,64.455818,-1293.995361,-0.000293,0.002539,0.064496,286.713806,14.605897,0.644961,-1293.995361,0.063924,0.000000
106.140007,64.446495,-1294.039795,-0.000289,0.002539,0.064478,286.672333,14.603784,0.644780,-1294.039795,0.063906,0.000000
106.150002,64.458412,-1294.039795,-0.000276,0.002538,0.064461,286.725342,14.606484,0.644613,-1294.039795,0.063889,0.000000
106.160004,64.443153,-1294.084351,-0.000276,0.002537,0.064443,286.657471,14.603027,0.644431,-1294.084351,0.063871,0.000000
106.170006,64.438683,-1294.039795,-0.000280,0.002536,0.064417,286.637573,14.602015,0.644174,-1294.039795,0.063854,0.000000
106.180008,64.420815,-1294.039795,-0.000272,0.002536,0.064408,286.558105,14.597965,0.644083,-1294.039795,0.063836,0.000000
106.190002,64.411507,-1294.039795,-0.000276,0.002535,0.064392,286.516693,14.595856,0.643917,-1294.039795,0.063819,0.000000
106.200005,64.408516,-1293.995361,-0.000272,0.002534,0.064373,286.503387,14.595179,0.643735,-1293.995361,0.063810,0.000000
106.210007,64.410378,-1294.084351,-0.000263,0.002534,0.064366,286.511658,14.595600,0.643659,-1294.084351,0.063794,0.000000
106.220009,64.404793,-1294.039795,-0.000276,0.002533,0.064348,286.486816,14.594335,0.643478,-1294.039795,0.063775,0.000000
106.230003,64.404793,-1294.039795,-0.000276,0.002533,0.064339,286.486816,14.594335,0.643387,-1294.039795,0.063759,0.000000
106.240005,64.414848,-1294.084351,-0.000293,0.002533,0.064331,286.531555,14.596613,0.643311,-1294.084351,0.063741,0.000000
106.250008,64.400703,-1293.995361,-0.000272,0.002532,0.064322,286.468628,14.593409,0.643220,-1293.995361,0.063724,0.000000
106.260002,64.372398,-1294.084351,-0.000272,0.002531,0.064296,286.342743,14.586994,0.642963,-1294.084351,0.063706,0.000000
106.270004,64.373512,-1293.995361,-0.000276,0.002531,0.064278,286.347687,14.587247,0.642781,-1293.995361,0.063689,0.000000
106.280006,64.368309,-1294.084351,-0.000280,0.002530,0.064271,286.324524,14.586067,0.642705,-1294.084351,0.063671,0.000000
106.290009,64.369789,-1293.995361,-0.000276,0.002530,0.064252,286.331116,14.586403,0.642524,-1293.995361,0.063654,0.000000
106.300003,64.348946,-1293.995361,-0.000280,0.002529,0.064236,286.238403,14.581679,0.642357,-1293.995361,0.063638,0.000000
106.310005,64.340370,-1294.084351,-0.000276,0.002529,0.064227,286.200256,14.579737,0.642266,-1294.084351,0.063620,0.000000
106.320007,64.329201,-1293.995361,-0.000285,0.002529,0.064227,286.150574,14.577205,0.642266,-1293.995361,0.063603,0.000000
106.330002,64.320274,-1294.039795,-0.000280,0.002528,0.064218,286.110870,14.575182,0.642176,-1294.039795,0.063594,0.000000
106.340004,64.300911,-1293.995361,-0.000289,0.002528,0.064210,286.024750,14.570795,0.642100,-1293.995361,0.063576,0.000000
106.350006,64.310951,-1294.039795,-0.000276,0.002528,0.064201,286.069397,14.573070,0.642009,-1294.039795,0.063559,0.000000
106.360008,64.320641,-1294.084351,-0.000276,0.002527,0.064192,286.112488,14.575265,0.641918,-1294.084351,0.063541,0.000000
106.370003,64.320274,-1293.995361,-0.000272,0.002526,0.064166,286.110870,14.575182,0.641661,-1293.995361,0.063524,0.000000
106.380005,64.320274,-1294.039795,-0.000267,0.002525,0.064140,286.110870,14.575182,0.641403,-1294.039795,0.063508,0.000000
106.390007,64.297920,-1294.039795,-0.000293,0.002523,0.064096,286.011444,14.570117,0.640964,-1294.039795,0.063489,0.000000
106.400002,64.252129,-1293.995361,-0.000272,0.002522,0.064071,285.807739,14.559741,0.640707,-1293.995361,0.063473,0.000000
106.410004,64.214516,-1294.039795,-0.000267,0.002522,0.064071,285.640442,14.551217,0.640707,-1294.039795,0.063455,0.000000
106.420006,64.221214,-1293.995361,-0.000280,0.002522,0.064071,285.670227,14.552735,0.640707,-1293.995361,0.063438,0.000000
106.430008,64.216743,-1294.039795,-0.000276,0.002522,0.064071,285.650330,14.551723,0.640707,-1294.039795,0.063420,0.000000
106.440002,64.211540,-1293.995361,-0.000276,0.002522,0.064062,285.627197,14.550543,0.640616,-1293.995361,0.063403,0.000000
106.450005,64.217125,-1293.995361,-0.000263,0.002522,0.064062,285.652039,14.551808,0.640616,-1293.995361,0.063385,0.000000
106.460007,64.213020,-1294.084351,-0.000280,0.002521,0.064045,285.633789,14.550879,0.640450,-1294.084351,0.063377,0.000000
106.470009,64.194405,-1293.995361,-0.000272,0.002520,0.064019,285.550964,14.546659,0.640192,-1293.995361,0.063359,0.000000
106.480003,64.185844,-1294.084351,-0.000267,0.002518,0.063966,285.512909,14.544721,0.639662,-1294.084351,0.063342,0.000000
106.490005,64.154930,-1294.084351,-0.000280,0.002516,0.063906,285.375397,14.537715,0.639057,-1294.084351,0.063324,0.000000
106.500008,64.088280,-1294.039795,-0.000272,0.002514,0.063854,285.078918,14.522612,0.638542,-1294.039795,0.063308,0.000000
106.510002,63.989967,-1294.084351,-0.000276,0.002512,0.063810,284.641602,14.500334,0.638103,-1294.084351,0.063290,0.000000
106.520004,63.903206,-1294.039795,-0.000280,0.002510,0.063766,284.255646,14.480674,0.637664,-1294.039795,0.063273,0.000000
106.530006,63.851082,-1294.084351,-0.000276,0.002509,0.063733,284.023804,14.468863,0.637331,-1294.084351,0.063255,0.000000
106.540009,63.799690,-1294.039795,-0.000280,0.002508,0.063715,283.795197,14.457216,0.637149,-1294.039795,0.063238,0.000000
106.550003,63.780327,-1293.950806,-0.000267,0.002508,0.063698,283.709076,14.452829,0.636983,-1293.950806,0.063221,0.000000
106.560005,63.748299,-1294.039795,-0.000280,0.002507,0.063689,283.566589,14.445571,0.636892,-1294.039795,0.063203,0.000000
106.570007,63.729317,-1293.995361,-0.000276,0.002507,0.063671,283.482147,14.441270,0.636710,-1293.995361,0.063187,0.000000
106.580002,63.707710,-1294.039795,-0.000263,0.002506,0.063645,283.386047,14.436374,0.636453,-1294.039795,0.063168,0.000000
106.590004,63.685371,-1294.039795,-0.000263,0.002505,0.063629,283.286682,14.431312,0.636286,-1294.039795,0.063159,0.000000
106.600006,63.673088,-1293.995361,-0.000267,0.002505,0.063620,283.232056,14.428528,0.636195,-1293.995361,0.063143,0.000000
106.610008,63.668617,-1294.084351,-0.000272,0.002505,0.063620,283.212158,14.427515,0.636195,-1294.084351,0.063126,0.000000
106.620003,63.659309,-1293.995361,-0.000267,0.002504,0.063610,283.170746,14.425406,0.636105,-1293.995361,0.063108,0.000000
106.630005,63.654839,-1294.039795,-0.000272,0.002504,0.063603,283.150848,14.424393,0.636029,-1294.039795,0.063091,0.000000
106.640007,63.647758,-1294.084351,-0.000263,0.002504,0.063594,283.119385,14.422789,0.635938,-1294.084351,0.063073,0.000000
106.650002,63.621696,-1293.995361,-0.000263,0.002503,0.063576,283.003448,14.416883,0.635756,-1293.995361,0.063056,0.000000
106.660004,63.633614,-1294.084351,-0.000276,0.002502,0.063559,283.056458,14.419583,0.635590,-1294.084351,0.063038,0.000000
106.670006,63.604561,-1293.995361,-0.000272,0.002502,0.063541,282.927216,14.412999,0.635408,-1293.995361,0.063022,0.000000
106.680008,63.582222,-1293.995361,-0.000263,0.002501,0.063524,282.827850,14.407937,0.635242,-1293.995361,0.063003,0.000000
106.690002,63.555046,-1294.039795,-0.000263,0.002500,0.063508,282.706970,14.401779,0.635075,-1294.039795,0.062987,0.000000
106.700005,63.558022,-1293.995361,-0.000259,0.002500,0.063489,282.720215,14.402453,0.634893,-1293.995361,0.062969,0.000000
106.710007,63.510353,-1294.084351,-0.000267,0.002500,0.063489,282.508148,14.391651,0.634893,-1294.084351,0.062961,0.000000
106.720009,63.478706,-1294.039795,-0.000276,0.002499,0.063480,282.367401,14.384480,0.634803,-1294.039795,0.062943,0.000000
106.730003,63.471260,-1294.084351,-0.000267,0.002499,0.063473,282.334259,14.382792,0.634727,-1294.084351,0.062926,0.000000
106.740005,63.478706,-1293.995361,-0.000267,0.002499,0.063473,282.367401,14.384480,0.634727,-1293.995361,0.062908,0.000000
106.750008,63.481316,-1293.995361,-0.000289,0.002499,0.063473,282.378998,14.385072,0.634727,-1293.995361,0.062891,0.000000
106.760002,63.483543,-1294.039795,-0.000276,0.002499,0.063473,282.388916,14.385576,0.634727,-1294.039795,0.062873,0.000000
106.770004,63.498817,-1293.995361,-0.000276,0.002499,0.063473,282.456848,14.389038,0.634727,-1293.995361,0.062857,0.000000
106.780006,63.487267,-1294.084351,-0.000254,0.002499,0.063473,282.405457,14.386420,0.634727,-1294.084351,0.062840,0.000000
106.790009,63.467903,-1294.084351,-0.000267,0.002499,0.063464,282.319336,14.382032,0.634636,-1294.084351,0.062822,0.000000
106.800003,63.448540,-1294.039795,-0.000267,0.002499,0.063464,282.233215,14.377645,0.634636,-1294.039795,0.062805,0.000000
106.810005,63.455254,-1294.039795,-0.000276,0.002499,0.063464,282.263062,14.379166,0.634636,-1294.039795,0.062787,0.000000
106.820007,63.442207,-1294.039795,-0.000263,0.002498,0.063455,282.205048,14.376210,0.634545,-1294.039795,0.062770,0.000000
106.830002,63.418755,-1294.039795,-0.000267,0.002498,0.063445,282.100708,14.370895,0.634454,-1294.039795,0.062752,0.000000
106.840004,63.409447,-1294.039795,-0.000272,0.002497,0.063429,282.059296,14.368786,0.634288,-1294.039795,0.062744,0.000000
106.850006,63.412056,-1294.039795,-0.000263,0.002496,0.063403,282.070923,14.369377,0.634030,-1294.039795,0.062726,0.000000
106.860008,63.390083,-1294.039795,-0.000272,0.002494,0.063350,281.973175,14.364398,0.633501,-1294.039795,0.062710,0.000000
106.870003,63.335716,-1294.084351,-0.000267,0.002492,0.063299,281.731323,14.352078,0.632986,-1294.084351,0.062691,0.000000
106.880005,63.232201,-1294.039795,-0.000263,0.002491,0.063273,281.270874,14.328622,0.632728,-1294.039795,0.062675,0.000000
106.890007,63.140968,-1293.995361,-0.000263,0.002491,0.063264,280.865051,14.307947,0.632638,-1293.995361,0.062657,0.000000
106.900002,63.099258,-1293.995361,-0.000267,0.002490,0.063255,280.679504,14.298496,0.632547,-1293.995361,0.062640,0.000000
106.910004,63.082130,-1293.995361,-0.000263,0.002490,0.063255,280.603333,14.294615,0.632547,-1293.995361,0.062622,0.000000
106.920006,63.075058,-1294.084351,-0.000276,0.002490,0.063247,280.571869,14.293013,0.632471,-1294.084351,0.062605,0.000000
106.930008,63.047501,-1294.039795,-0.000259,0.002489,0.063229,280.449280,14.286768,0.632289,-1294.039795,0.062587,0.000000
106.940002,63.043777,-1294.084351,-0.000272,0.002488,0.063203,280.432739,14.285924,0.632032,-1294.084351,0.062570,0.000000
106.950005,63.012497,-1293.995361,-0.000259,0.002488,0.063187,280.293579,14.278836,0.631866,-1293.995361,0.062552,0.000000
106.960007,62.983452,-1294.039795,-0.000267,0.002487,0.063159,280.164398,14.272254,0.631593,-1294.039795,0.062536,0.000000
106.970009,62.944725,-1293.995361,-0.000276,0.002486,0.063143,279.992126,14.263478,0.631426,-1293.995361,0.062526,0.000000
106.980003,62.905998,-1294.039795,-0.000272,0.002485,0.063126,279.819855,14.254703,0.631260,-1294.039795,0.062510,0.000000
106.990005,62.875092,-1294.084351,-0.000267,0.002485,0.063117,279.682373,14.247700,0.631169,-1294.084351,0.062492,0.000000
107.000008,62.843811,-1293.995361,-0.000272,0.002484,0.063099,279.543243,14.240611,0.630987,-1293.995361,0.062475,0.000000
107.010002,62.825195,-1294.039795,-0.000263,0.002484,0.063091,279.460419,14.236392,0.630912,-1294.039795,0.062457,0.000000
107.020004,62.811417,-1293.995361,-0.000267,0.002484,0.063082,279.399139,14.233271,0.630821,-1293.995361,0.062440,0.000000
107.030006,62.777153,-1293.995361,-0.000259,0.002484,0.063082,279.246735,14.225507,0.630821,-1293.995361,0.062424,0.000000
107.040009,62.757050,-1294.039795,-0.000272,0.002484,0.063082,279.157288,14.220951,0.630821,-1294.039795,0.062405,0.000000
107.050003,62.756676,-1294.039795,-0.000267,0.002483,0.063073,279.155640,14.220865,0.630730,-1294.039795,0.062389,0.000000
107.060005,62.730980,-1294.084351,-0.000263,0.002483,0.063064,279.041321,14.215044,0.630639,-1294.084351,0.062371,0.000000
107.070007,62.728004,-1293.995361,-0.000263,0.002483,0.063056,279.028107,14.214369,0.630563,-1293.995361,0.062354,0.000000
107.080002,62.716835,-1294.039795,-0.000259,0.002482,0.063047,278.978424,14.211838,0.630473,-1294.039795,0.062336,0.000000
107.090004,62.710129,-1294.039795,-0.000272,0.002482,0.063038,278.948578,14.210319,0.630382,-1294.039795,0.062319,0.000000
107.100006,62.687416,-1293.995361,-0.000263,0.002481,0.063022,278.847565,14.205172,0.630215,-1293.995361,0.062310,0.000000
107.110008,62.667305,-1294.084351,-0.000267,0.002481,0.063022,278.758087,14.200614,0.630215,-1294.084351,0.062293,0.000000
107.120003,62.652412,-1294.039795,-0.000276,0.002481,0.063012,278.691864,14.197240,0.630124,-1294.039795,0.062275,0.000000
107.130005,62.629326,-1294.039795,-0.000259,0.002480,0.062996,278.589142,14.192008,0.629958,-1294.039795,0.062258,0.000000
107.140007,62.615921,-1293.995361,-0.000272,0.002479,0.062969,278.529541,14.188971,0.629685,-1293.995361,0.062240,0.000000
107.150002,62.593948,-1294.039795,-0.000263,0.002479,0.062961,278.431793,14.183991,0.629610,-1294.039795,0.062224,0.000000
107.160004,62.546661,-1294.084351,-0.000280,0.002478,0.062952,278.221436,14.173277,0.629519,-1294.084351,0.062206,0.000000
107.170006,62.541817,-1294.039795,-0.000272,0.002478,0.062935,278.199890,14.172178,0.629352,-1294.039795,0.062189,0.000000
107.180008,62.504578,-1294.084351,-0.000263,0.002477,0.062917,278.034241,14.163740,0.629171,-1294.084351,0.062171,0.000000
107.190002,62.480751,-1294.128784,-0.000267,0.002476,0.062900,277.928253,14.158340,0.629004,-1294.128784,0.062154,0.000000
107.200005,62.431969,-1293.995361,-0.000254,0.002476,0.062891,277.711273,14.147285,0.628913,-1293.995361,0.062137,0.000000
107.210007,62.401062,-1294.084351,-0.000267,0.002475,0.062873,277.573792,14.140283,0.628732,-1294.084351,0.062119,0.000000
107.220009,62.395103,-1294.039795,-0.000259,0.002475,0.062857,277.547272,14.138933,0.628565,-1294.039795,0.062103,0.000000
107.230003,62.360474,-1294.084351,-0.000263,0.002474,0.062831,277.393250,14.131085,0.628308,-1294.084351,0.062093,0.000000
107.240005,62.307968,-1294.039795,-0.000272,0.002473,0.062813,277.159698,14.119187,0.628126,-1294.039795,0.062075,0.000000
107.250008,62.266258,-1294.039795,-0.000272,0.002473,0.062805,276.974152,14.109735,0.628050,-1294.039795,0.062059,0.000000
107.260002,62.236099,-1294.039795,-0.000259,0.002473,0.062805,276.839996,14.102901,0.628050,-1294.039795,0.062042,0.000000
107.270004,62.224182,-1293.950806,-0.000263,0.002472,0.062796,276.786987,14.100201,0.627959,-1293.950806,0.062024,0.000000
107.280006,62.195885,-1294.084351,-0.000259,0.002472,0.062787,276.661102,14.093789,0.627869,-1294.084351,0.062007,0.000000
107.290009,62.185829,-1294.039795,-0.000276,0.002472,0.062778,276.616394,14.091510,0.627778,-1294.039795,0.061989,0.000000
107.300003,62.176521,-1293.995361,-0.000272,0.002471,0.062761,276.574982,14.089401,0.627611,-1293.995361,0.061972,0.000000
107.310005,62.155296,-1294.084351,-0.000272,0.002471,0.062752,276.480560,14.084591,0.627520,-1294.084351,0.061954,0.000000
107.320007,62.137421,-1294.039795,-0.000263,0.002470,0.062735,276.401062,14.080541,0.627354,-1294.039795,0.061938,0.000000
107.330002,62.105400,-1294.039795,-0.000259,0.002469,0.062710,276.258606,14.073285,0.627097,-1294.039795,0.061919,0.000000
107.340004,62.075233,-1293.995361,-0.000263,0.002468,0.062691,276.124420,14.066449,0.626915,-1293.995361,0.061903,0.000000
107.350006,62.038742,-1293.950806,-0.000259,0.002467,0.062666,275.962097,14.058180,0.626657,-1293.950806,0.061894,0.000000
107.360008,61.983261,-1294.084351,-0.000259,0.002466,0.062640,275.715302,14.045608,0.626400,-1294.084351,0.061877,0.000000
107.370003,61.937080,-1293.995361,-0.000272,0.002464,0.062596,275.509888,14.035143,0.625961,-1293.995361,0.061859,0.000000
107.380005,61.869308,-1294.084351,-0.000267,0.002463,0.062561,275.208435,14.019786,0.625613,-1294.084351,0.061842,0.000000
107.390007,61.793724,-1294.039795,-0.000272,0.002462,0.062536,274.872223,14.002658,0.625355,-1294.039795,0.061824,0.000000
107.400002,61.736000,-1294.084351,-0.000259,0.002461,0.062510,274.615448,13.989577,0.625098,-1294.084351,0.061807,0.000000
107.410004,61.682381,-1294.039795,-0.000263,0.002460,0.062475,274.376923,13.977427,0.624750,-1294.039795,0.061789,0.000000
107.420006,61.630249,-1294.039795,-0.000263,0.002459,0.062457,274.145050,13.965614,0.624568,-1294.039795,0.061773,0.000000
107.430008,61.577003,-1294.084351,-0.000263,0.002458,0.062440,273.908203,13.953548,0.624402,-1294.084351,0.061754,0.000000
107.440002,61.534180,-1294.039795,-0.000272,0.002458,0.062424,273.717712,13.943844,0.624235,-1294.039795,0.061738,0.000000
107.450005,61.524124,-1293.995361,-0.000263,0.002457,0.062405,273.672974,13.941566,0.624053,-1293.995361,0.061721,0.000000
107.460007,61.479439,-1294.084351,-0.000263,0.002457,0.062396,273.474213,13.931440,0.623963,-1294.084351,0.061703,0.000000
107.470009,61.460823,-1293.950806,-0.000246,0.002456,0.062380,273.391388,13.927221,0.623796,-1293.950806,0.061686,0.000000
107.480003,61.411293,-1294.039795,-0.000254,0.002455,0.062361,273.171082,13.915998,0.623614,-1294.039795,0.061677,0.000000
107.490005,61.382996,-1294.039795,-0.000259,0.002455,0.062345,273.045197,13.909586,0.623448,-1294.039795,0.061659,0.000000
107.500008,61.362144,-1294.039795,-0.000267,0.002454,0.062328,272.952454,13.904860,0.623281,-1294.039795,0.061642,0.000000
107.510002,61.336823,-1294.084351,-0.000263,0.002453,0.062310,272.839813,13.899123,0.623100,-1294.084351,0.061626,0.000000
107.520004,61.289528,-1293.950806,-0.000259,0.002452,0.062284,272.629425,13.888406,0.622842,-1293.950806,0.061607,0.000000
107.530006,61.253410,-1293.995361,-0.000259,0.002451,0.062249,272.468781,13.880220,0.622494,-1293.995361,0.061591,0.000000
107.540009,61.197556,-1294.039795,-0.000272,0.002450,0.062224,272.220337,13.867564,0.622237,-1294.039795,0.061573,0.000000
107.550003,61.133873,-1294.039795,-0.000263,0.002450,0.062224,271.937042,13.853134,0.622237,-1294.039795,0.061556,0.000000
107.560005,61.090309,-1294.039795,-0.000267,0.002449,0.062215,271.743256,13.843262,0.622146,-1294.039795,0.061538,0.000000
107.570007,61.070198,-1293.995361,-0.000272,0.002449,0.062215,271.653809,13.838704,0.622146,-1293.995361,0.061521,0.000000
107.580002,61.053444,-1294.084351,-0.000267,0.002449,0.062215,271.579285,13.834908,0.622146,-1294.084351,0.061503,0.000000
107.590004,61.041153,-1294.084351,-0.000272,0.002449,0.062215,271.524597,13.832123,0.622146,-1294.084351,0.061486,0.000000
107.600006,61.015831,-1294.039795,-0.000259,0.002449,0.062206,271.411957,13.826385,0.622055,-1294.039795,0.061468,0.000000
107.610008,60.988655,-1294.039795,-0.000267,0.002449,0.062198,271.291077,13.820227,0.621979,-1294.039795,0.061461,0.000000
107.620003,60.988281,-1293.950806,-0.000276,0.002449,0.062198,271.289429,13.820142,0.621979,-1293.950806,0.061442,0.000000
107.630005,60.984924,-1294.039795,-0.000259,0.002449,0.062198,271.274506,13.819381,0.621979,-1294.039795,0.061426,0.000000
107.640007,60.983810,-1293.950806,-0.000267,0.002449,0.062198,271.269531,13.819129,0.621979,-1293.950806,0.061408,0.000000
107.650002,60.981201,-1293.995361,-0.000263,0.002449,0.062198,271.257935,13.818538,0.621979,-1293.995361,0.061391,0.000000
107.660004,60.971519,-1294.084351,-0.000267,0.002448,0.062180,271.214874,13.816343,0.621798,-1294.084351,0.061373,0.000000
107.670006,60.968918,-1293.995361,-0.000267,0.002448,0.062180,271.203278,13.815754,0.621798,-1293.995361,0.061356,0.000000
107.680008,60.959236,-1294.128784,-0.000259,0.002447,0.062163,271.160217,13.813560,0.621631,-1294.128784,0.061340,0.000000
107.690002,60.933540,-1294.084351,-0.000254,0.002447,0.062154,271.045929,13.807738,0.621540,-1294.084351,0.061321,0.000000
107.700005,60.935402,-1293.995361,-0.000263,0.002447,0.062145,271.054199,13.808159,0.621449,-1293.995361,0.061305,0.000000
107.710007,60.938377,-1294.084351,-0.000267,0.002447,0.062145,271.067444,13.808834,0.621449,-1294.084351,0.061287,0.000000
107.720009,60.924232,-1293.950806,-0.000267,0.002446,0.062137,271.004517,13.805628,0.621374,-1293.950806,0.061270,0.000000
107.730003,60.901886,-1293.995361,-0.000254,0.002445,0.062110,270.905121,13.800564,0.621101,-1293.995361,0.061252,0.000000
107.740005,60.878059,-1294.039795,-0.000267,0.002445,0.062093,270.799133,13.795165,0.620935,-1294.039795,0.061244,0.000000
107.750008,60.837471,-1293.906372,-0.000250,0.002444,0.062075,270.618591,13.785968,0.620753,-1293.906372,0.061226,0.000000
107.760002,60.819969,-1294.084351,-0.000272,0.002443,0.062059,270.540741,13.782002,0.620587,-1294.084351,0.061209,0.000000
107.770004,60.776024,-1294.039795,-0.000267,0.002442,0.062033,270.345245,13.772043,0.620329,-1294.039795,0.061191,0.000000
107.780006,60.707886,-1294.039795,-0.000272,0.002442,0.062015,270.042175,13.756603,0.620147,-1294.039795,0.061175,0.000000
107.790009,60.668411,-1294.039795,-0.000259,0.002441,0.061998,269.866577,13.747659,0.619981,-1294.039795,0.061156,0.000000
107.800003,60.614044,-1293.950806,-0.000267,0.002440,0.061972,269.624725,13.735338,0.619724,-1293.950806,0.061140,0.000000
107.810005,60.560425,-1294.039795,-0.000254,0.002439,0.061954,269.386230,13.723188,0.619542,-1294.039795,0.061122,0.000000
107.820007,60.509407,-1294.039795,-0.000263,0.002438,0.061938,269.159271,13.711628,0.619375,-1294.039795,0.061105,0.000000
107.830002,60.451317,-1294.084351,-0.000263,0.002437,0.061912,268.900879,13.698463,0.619118,-1294.084351,0.061087,0.000000
107.840004,60.396576,-1294.039795,-0.000267,0.002437,0.061894,268.657379,13.686060,0.618936,-1294.039795,0.061070,0.000000
107.850006,60.363441,-1294.039795,-0.000259,0.002436,0.061877,268.510010,13.678551,0.618770,-1294.039795,0.061053,0.000000
107.860008,60.315773,-1294.084351,-0.000267,0.002435,0.061851,268.297943,13.667749,0.618512,-1294.084351,0.061035,0.000000
107.870003,60.248375,-1293.995361,-0.000276,0.002434,0.061833,267.998169,13.652477,0.618331,-1293.995361,0.061026,0.000000
107.880005,60.203316,-1294.084351,-0.000259,0.002434,0.061816,267.797729,13.642266,0.618164,-1294.084351,0.061009,0.000000
107.890007,60.147461,-1294.039795,-0.000263,0.002433,0.061798,267.549255,13.629609,0.617983,-1294.039795,0.060991,0.000000
107.900002,60.108734,-1294.039795,-0.000267,0.002432,0.061782,267.377014,13.620833,0.617816,-1294.039795,0.060975,0.000000
107.910004,60.062935,-1293.995361,-0.000259,0.002432,0.061763,267.173279,13.610456,0.617634,-1293.995361,0.060956,0.000000
107.920006,60.018250,-1293.995361,-0.000272,0.002431,0.061747,266.974518,13.600329,0.617468,-1293.995361,0.060940,0.000000
107.930008,59.985481,-1293.995361,-0.000276,0.002430,0.061729,266.828735,13.592904,0.617286,-1293.995361,0.060923,0.000000
107.940002,59.942284,-1294.039795,-0.000272,0.002430,0.061712,266.636597,13.583116,0.617120,-1294.039795,0.060905,0.000000
107.950005,59.890900,-1294.039795,-0.000259,0.002429,0.061686,266.408020,13.571472,0.616862,-1294.039795,0.060888,0.000000
107.960007,59.842491,-1294.039795,-0.000254,0.002428,0.061668,266.192688,13.560503,0.616681,-1294.039795,0.060870,0.000000
107.970009,59.783279,-1294.039795,-0.000263,0.002427,0.061642,265.929321,13.547085,0.616423,-1294.039795,0.060854,0.000000
107.980003,59.727425,-1294.084351,-0.000259,0.002426,0.061617,265.680847,13.534428,0.616166,-1294.084351,0.060835,0.000000
107.990005,59.665237,-1293.995361,-0.000272,0.002425,0.061598,265.404236,13.520336,0.615984,-1293.995361,0.060819,0.000000
108.000008,59.618690,-1294.039795,-0.000263,0.002424,0.061582,265.197174,13.509789,0.615818,-1294.039795,0.060810,0.000000
108.010002,59.568794,-1294.084351,-0.000267,0.002424,0.061564,264.975220,13.498482,0.615636,-1294.084351,0.060793,0.000000
108.020004,59.529694,-1294.039795,-0.000263,0.002424,0.061564,264.801300,13.489621,0.615636,-1294.039795,0.060775,0.000000
108.030006,59.488731,-1294.039795,-0.000250,0.002423,0.061556,264.619080,13.480340,0.615560,-1294.039795,0.060758,0.000000
108.040009,59.465645,-1294.039795,-0.000267,0.002423,0.061547,264.516388,13.475107,0.615469,-1294.039795,0.060740,0.000000
108.050003,59.450752,-1294.039795,-0.000267,0.002423,0.061538,264.450165,13.471733,0.615378,-1294.039795,0.060723,0.000000
108.060005,59.431015,-1294.128784,-0.000267,0.002422,0.061530,264.362366,13.467260,0.615303,-1294.128784,0.060705,0.000000
108.070007,59.412773,-1293.950806,-0.000259,0.002422,0.061512,264.281219,13.463127,0.615121,-1293.950806,0.060689,0.000000
108.080002,59.382607,-1294.039795,-0.000267,0.002421,0.061503,264.147034,13.456291,0.615030,-1294.039795,0.060670,0.000000
108.090004,59.361755,-1294.039795,-0.000263,0.002421,0.061495,264.054291,13.451567,0.614955,-1294.039795,0.060654,0.000000
108.100006,59.339043,-1293.995361,-0.000267,0.002421,0.061486,263.953247,13.446419,0.614864,-1293.995361,0.060637,0.000000
108.110008,59.304787,-1294.084351,-0.000272,0.002420,0.061468,263.800873,13.438657,0.614682,-1294.084351,0.060619,0.000000
108.120003,59.278343,-1293.995361,-0.000267,0.002419,0.061452,263.683228,13.432664,0.614516,-1293.995361,0.060610,0.000000
108.130005,59.240364,-1294.039795,-0.000259,0.002419,0.061442,263.514313,13.424059,0.614425,-1294.039795,0.060593,0.000000
108.140007,59.199028,-1294.039795,-0.000280,0.002418,0.061426,263.330414,13.414692,0.614258,-1294.039795,0.060575,0.000000
108.150002,59.170357,-1293.995361,-0.000263,0.002418,0.061408,263.202881,13.408195,0.614076,-1293.995361,0.060558,0.000000
108.160004,59.138336,-1294.084351,-0.000272,0.002417,0.061391,263.060455,13.400939,0.613910,-1294.084351,0.060542,0.000000
108.170006,59.095512,-1294.039795,-0.000267,0.002416,0.061373,262.869965,13.391234,0.613728,-1294.039795,0.060523,0.000000
108.180008,59.041885,-1294.084351,-0.000259,0.002416,0.061356,262.631409,13.379083,0.613562,-1294.084351,0.060507,0.000000
108.190002,58.989380,-1294.039795,-0.000263,0.002415,0.061347,262.397858,13.367185,0.613471,-1294.039795,0.060489,0.000000
108.200005,58.935387,-1293.995361,-0.000272,0.002415,0.061340,262.157684,13.354949,0.613395,-1293.995361,0.060472,0.000000
108.210007,58.894432,-1294.084351,-0.000267,0.002414,0.061321,261.975525,13.345670,0.613214,-1294.084351,0.060454,0.000000
108.220009,58.886238,-1294.039795,-0.000259,0.002414,0.061312,261.939056,13.343812,0.613123,-1294.039795,0.060437,0.000000
108.230003,58.851234,-1293.995361,-0.000272,0.002414,0.061305,261.783356,13.335880,0.613047,-1293.995361,0.060419,0.000000
108.240005,58.800964,-1293.995361,-0.000276,0.002414,0.061305,261.559753,13.324489,0.613047,-1293.995361,0.060402,0.000000
108.250008,58.791283,-1294.039795,-0.000263,0.002414,0.061305,261.516693,13.322295,0.613047,-1294.039795,0.060393,0.000000
108.260002,58.771545,-1294.039795,-0.000263,0.002413,0.061296,261.428894,13.317822,0.612956,-1294.039795,0.060377,0.000000
108.270004,58.749573,-1294.039795,-0.000272,0.002413,0.061287,261.331146,13.312843,0.612865,-1294.039795,0.060358,0.000000
108.280006,58.737663,-1294.084351,-0.000267,0.002412,0.061277,261.278168,13.310144,0.612774,-1294.084351,0.060342,0.000000
108.290009,58.707497,-1294.039795,-0.000272,0.002412,0.061261,261.143982,13.303308,0.612608,-1294.039795,0.060324,0.000000
108.300003,58.679573,-1294.039795,-0.000259,0.002411,0.061244,261.019775,13.296981,0.612441,-1294.039795,0.060307,0.000000
108.310005,58.640846,-1294.084351,-0.000250,0.002410,0.061217,260.847504,13.288206,0.612169,-1294.084351,0.060289,0.000000
108.320007,58.599136,-1293.995361,-0.000276,0.002409,0.061191,260.661987,13.278754,0.611912,-1293.995361,0.060272,0.000000
108.330002,58.529503,-1293.995361,-0.000263,0.002408,0.061165,260.352234,13.262975,0.611654,-1293.995361,0.060256,0.000000
108.340004,58.468063,-1294.039795,-0.000259,0.002407,0.061140,260.078949,13.249052,0.611397,-1294.039795,0.060237,0.000000
108.350006,58.408485,-1294.039795,-0.000259,0.002406,0.061114,259.813934,13.235552,0.611139,-1294.039795,0.060221,0.000000
108.360008,58.328796,-1294.084351,-0.000272,0.002405,0.061096,259.459442,13.217494,0.610958,-1294.084351,0.060203,0.000000
108.370003,58.256927,-1293.995361,-0.000267,0.002404,0.061070,259.139771,13.201208,0.610700,-1293.995361,0.060186,0.000000
108.380005,58.195488,-1294.039795,-0.000263,0.002404,0.061053,258.866455,13.187286,0.610534,-1294.039795,0.060177,0.000000
108.390007,58.120636,-1293.995361,-0.000263,0.002403,0.061035,258.533508,13.170324,0.610352,-1293.995361,0.060160,0.000000
108.400002,58.056587,-1293.950806,-0.000263,0.002402,0.061019,258.248596,13.155810,0.610186,-1293.950806,0.060142,0.000000
108.410004,57.979507,-1294.039795,-0.000259,0.002402,0.061000,257.905731,13.138344,0.610004,-1294.039795,0.060125,0.000000
108.420006,57.932961,-1293.995361,-0.000267,0.002401,0.060991,257.698669,13.127796,0.609913,-1293.995361,0.060107,0.000000
108.430008,57.885674,-1294.039795,-0.000246,0.002401,0.060984,257.488342,13.117082,0.609837,-1294.039795,0.060091,0.000000
108.440002,57.874504,-1293.995361,-0.000272,0.002400,0.060966,257.438660,13.114551,0.609656,-1293.995361,0.060072,0.000000
108.450005,57.825348,-1294.039795,-0.000259,0.002400,0.060949,257.220001,13.103411,0.609489,-1294.039795,0.060056,0.000000
108.460007,57.767632,-1294.128784,-0.000263,0.002399,0.060940,256.963257,13.090333,0.609398,-1294.128784,0.060038,0.000000
108.470009,57.744171,-1293.995361,-0.000259,0.002399,0.060931,256.858887,13.085016,0.609308,-1293.995361,0.060021,0.000000
108.480003,57.699486,-1293.995361,-0.000259,0.002398,0.060914,256.660126,13.074890,0.609141,-1293.995361,0.060003,0.000000
108.490005,57.662994,-1294.039795,-0.000267,0.002397,0.060896,256.497803,13.066622,0.608959,-1294.039795,0.059986,0.000000
108.500008,57.614586,-1293.995361,-0.000250,0.002397,0.060879,256.282471,13.055652,0.608793,-1293.995361,0.059968,0.000000
108.510002,57.554634,-1294.084351,-0.000263,0.002396,0.060854,256.015808,13.042067,0.608535,-1294.084351,0.059960,0.000000
108.520004,57.502129,-1294.039795,-0.000267,0.002393,0.060793,255.782242,13.030169,0.607930,-1294.039795,0.059942,0.000000
108.530006,57.393768,-1294.039795,-0.000263,0.002391,0.060732,255.300232,13.005614,0.607324,-1294.039795,0.059925,0.000000
108.540009,57.218750,-1294.084351,-0.000263,0.002389,0.060679,254.521713,12.965954,0.606794,-1294.084351,0.059907,0.000000
108.550003,57.032570,-1293.995361,-0.000276,0.002387,0.060619,253.693542,12.923764,0.606189,-1293.995361,0.059891,0.000000
108.560005,56.857178,-1294.084351,-0.000267,0.002385,0.060567,252.913361,12.884021,0.605674,-1294.084351,0.059872,0.000000
108.570007,56.713074,-1294.039795,-0.000280,0.002384,0.060542,252.272354,12.851366,0.605417,-1294.039795,0.059856,0.000000
108.580002,56.587212,-1294.084351,-0.000259,0.002383,0.060533,251.712494,12.822845,0.605326,-1294.084351,0.059839,0.000000
108.590004,56.519440,-1294.039795,-0.000259,0.002383,0.060533,251.411026,12.807488,0.605326,-1294.039795,0.059821,0.000000
108.600006,56.472519,-1293.995361,-0.000259,0.002383,0.060533,251.202316,12.796856,0.605326,-1293.995361,0.059804,0.000000
108.610008,56.440125,-1294.084351,-0.000263,0.002383,0.060533,251.058212,12.789515,0.605326,-1294.084351,0.059786,0.000000
108.620003,56.422989,-1293.995361,-0.000263,0.002383,0.060533,250.981995,12.785632,0.605326,-1293.995361,0.059770,0.000000
108.630005,56.411819,-1294.039795,-0.000267,0.002383,0.060523,250.932312,12.783101,0.605235,-1294.039795,0.059751,0.000000
108.640007,56.393578,-1294.039795,-0.000272,0.002383,0.060523,250.851166,12.778968,0.605235,-1294.039795,0.059744,0.000000
108.650002,56.383896,-1294.039795,-0.000250,0.002382,0.060514,250.808090,12.776773,0.605144,-1294.039795,0.059726,0.000000
108.660004,56.377190,-1294.039795,-0.000263,0.002382,0.060507,250.778259,12.775253,0.605068,-1294.039795,0.059709,0.000000
108.670006,56.351868,-1293.995361,-0.000280,0.002382,0.060498,250.665634,12.769516,0.604978,-1293.995361,0.059691,0.000000
108.680008,56.327667,-1294.039795,-0.000259,0.002381,0.060480,250.557983,12.764031,0.604796,-1294.039795,0.059674,0.000000
108.690002,56.284843,-1294.039795,-0.000272,0.002380,0.060463,250.367493,12.754328,0.604629,-1294.039795,0.059656,0.000000
108.700005,56.249466,-1293.995361,-0.000267,0.002380,0.060463,250.210114,12.746311,0.604629,-1293.995361,0.059639,0.000000
108.710007,56.217812,-1294.128784,-0.000267,0.002380,0.060454,250.069321,12.739138,0.604539,-1294.128784,0.059621,0.000000
108.720009,56.204407,-1293.995361,-0.000272,0.002380,0.060446,250.009689,12.736100,0.604463,-1293.995361,0.059605,0.000000
108.730003,56.179092,-1294.084351,-0.000276,0.002379,0.060437,249.897079,12.730365,0.604372,-1294.084351,0.059586,0.000000
108.740005,56.140732,-1293.995361,-0.000272,0.002379,0.060428,249.726440,12.721672,0.604281,-1293.995361,0.059570,0.000000
108.750008,56.129562,-1294.039795,-0.000250,0.002379,0.060419,249.676758,12.719141,0.604190,-1294.039795,0.059553,0.000000
108.760002,56.107590,-1294.039795,-0.000285,0.002378,0.060411,249.579025,12.714162,0.604115,-1294.039795,0.059544,0.000000
108.770004,56.061790,-1294.039795,-0.000259,0.002377,0.060384,249.375305,12.703783,0.603842,-1294.039795,0.059526,0.000000
108.780006,56.027161,-1294.084351,-0.000254,0.002377,0.060377,249.221252,12.695935,0.603766,-1294.084351,0.059509,0.000000
108.790009,55.984337,-1293.995361,-0.000276,0.002377,0.060377,249.030762,12.686232,0.603766,-1293.995361,0.059491,0.000000
108.800003,55.960503,-1293.995361,-0.000254,0.002377,0.060368,248.924744,12.680831,0.603676,-1293.995361,0.059474,0.000000
108.810005,55.924385,-1294.039795,-0.000267,0.002377,0.060368,248.764084,12.672647,0.603676,-1294.039795,0.059458,0.000000
108.820007,55.891617,-1294.039795,-0.000263,0.002377,0.060368,248.618332,12.665221,0.603676,-1294.039795,0.059440,0.000000
108.830002,55.875977,-1294.039795,-0.000259,0.002377,0.060368,248.548752,12.661677,0.603676,-1294.039795,0.059423,0.000000
108.840004,55.861084,-1293.995361,-0.000276,0.002376,0.060358,248.482513,12.658303,0.603585,-1293.995361,0.059405,0.000000
108.850006,55.856987,-1294.039795,-0.000259,0.002376,0.060342,248.464294,12.657374,0.603418,-1294.039795,0.059388,0.000000
108.860008,55.833527,-1294.084351,-0.000259,0.002375,0.060333,248.359924,12.652058,0.603327,-1294.084351,0.059370,0.000000
108.870003,55.788467,-1294.039795,-0.000263,0.002374,0.060289,248.159500,12.641848,0.602888,-1294.039795,0.059353,0.000000
108.880005,55.754211,-1294.039795,-0.000259,0.002373,0.060272,248.007126,12.634086,0.602722,-1294.039795,0.059335,0.000000
108.890007,55.668190,-1293.995361,-0.000263,0.002373,0.060263,247.624481,12.614593,0.602631,-1293.995361,0.059327,0.000000
108.900002,55.595207,-1293.995361,-0.000263,0.002373,0.060263,247.299835,12.598054,0.602631,-1293.995361,0.059309,0.000000
108.910004,55.555740,-1294.084351,-0.000267,0.002373,0.060263,247.124283,12.589110,0.602631,-1294.084351,0.059293,0.000000
108.920006,55.524086,-1293.995361,-0.000280,0.002373,0.060263,246.983475,12.581938,0.602631,-1293.995361,0.059274,0.000000
108.930008,55.513290,-1293.995361,-0.000272,0.002372,0.060256,246.935455,12.579492,0.602555,-1293.995361,0.059258,0.000000
108.940002,55.508446,-1293.995361,-0.000267,0.002372,0.060246,246.913895,12.578394,0.602464,-1293.995361,0.059240,0.000000
108.950005,55.478287,-1294.128784,-0.000259,0.002372,0.060237,246.779739,12.571560,0.602374,-1294.128784,0.059223,0.000000
108.960007,55.443283,-1294.084351,-0.000272,0.002372,0.060237,246.624039,12.563627,0.602374,-1294.084351,0.059205,0.000000
108.970009,55.429878,-1293.995361,-0.000276,0.002371,0.060228,246.564407,12.560590,0.602283,-1293.995361,0.059188,0.000000
108.980003,55.403809,-1294.084351,-0.000263,0.002370,0.060203,246.448456,12.554683,0.602025,-1294.084351,0.059170,0.000000
108.990005,55.383331,-1294.084351,-0.000276,0.002369,0.060168,246.357361,12.550042,0.601677,-1294.084351,0.059153,0.000000
109.000008,55.308479,-1293.995361,-0.000254,0.002369,0.060160,246.024399,12.533081,0.601601,-1293.995361,0.059137,0.000000
109.010002,55.225815,-1294.128784,-0.000263,0.002369,0.060160,245.656693,12.514348,0.601601,-1294.128784,0.059119,0.000000
109.020004,55.196022,-1294.084351,-0.000259,0.002369,0.060160,245.524170,12.507598,0.601601,-1294.084351,0.059109,0.000000
109.030006,55.175171,-1294.084351,-0.000263,0.002369,0.060160,245.431412,12.502872,0.601601,-1294.084351,0.059093,0.000000
109.040009,55.154320,-1294.039795,-0.000267,0.002368,0.060151,245.338669,12.498148,0.601511,-1294.039795,0.059075,0.000000
109.050003,55.142776,-1293.995361,-0.000263,0.002367,0.060125,245.287323,12.495531,0.601253,-1293.995361,0.059058,0.000000
109.060005,55.114479,-1294.039795,-0.000263,0.002367,0.060116,245.161453,12.489120,0.601162,-1294.039795,0.059041,0.000000
109.070007,55.064949,-1294.039795,-0.000259,0.002366,0.060091,244.941132,12.477896,0.600905,-1294.039795,0.059023,0.000000
109.080002,55.009094,-1294.039795,-0.000272,0.002365,0.060072,244.692673,12.465239,0.600723,-1294.039795,0.059007,0.000000
109.090004,54.937225,-1293.995361,-0.000272,0.002364,0.060047,244.372986,12.448953,0.600466,-1293.995361,0.058988,0.000000
109.100006,54.865730,-1293.995361,-0.000280,0.002364,0.060038,244.054962,12.432753,0.600375,-1293.995361,0.058972,0.000000
109.110008,54.809875,-1294.039795,-0.000272,0.002364,0.060038,243.806503,12.420095,0.600375,-1294.039795,0.058954,0.000000
109.120003,54.778969,-1294.039795,-0.000276,0.002364,0.060038,243.669022,12.413093,0.600375,-1294.039795,0.058937,0.000000
109.130005,54.755135,-1294.039795,-0.000276,0.002363,0.060030,243.563004,12.407691,0.600299,-1294.039795,0.058919,0.000000
109.140007,54.725349,-1294.039795,-0.000254,0.002363,0.060012,243.430511,12.400942,0.600118,-1294.039795,0.058902,0.000000
109.150002,54.694443,-1294.039795,-0.000267,0.002361,0.059968,243.293030,12.393938,0.599679,-1294.039795,0.058893,0.000000
109.160004,54.635231,-1294.084351,-0.000259,0.002360,0.059935,243.029648,12.380521,0.599346,-1294.084351,0.058876,0.000000
109.170006,54.511978,-1294.039795,-0.000254,0.002359,0.059916,242.481384,12.352591,0.599164,-1294.039795,0.058858,0.000000
109.180008,54.400269,-1294.039795,-0.000267,0.002358,0.059882,241.984482,12.327276,0.598816,-1294.039795,0.058841,0.000000
109.190002,54.318344,-1294.128784,-0.000267,0.002357,0.059856,241.620056,12.308712,0.598558,-1294.128784,0.058823,0.000000
109.200005,54.222275,-1293.995361,-0.000272,0.002356,0.059830,241.192719,12.286943,0.598301,-1293.995361,0.058807,0.000000
109.210007,54.130669,-1293.995361,-0.000263,0.002355,0.059821,240.785233,12.266185,0.598210,-1293.995361,0.058789,0.000000
109.220009,54.062897,-1293.995361,-0.000259,0.002355,0.059812,240.483780,12.250828,0.598119,-1293.995361,0.058772,0.000000
109.230003,53.994751,-1294.084351,-0.000263,0.002355,0.059804,240.180649,12.235385,0.598044,-1294.084351,0.058755,0.000000
109.240005,53.963097,-1294.039795,-0.000272,0.002354,0.059786,240.039841,12.228212,0.597862,-1294.039795,0.058737,0.000000
109.250008,53.910225,-1294.039795,-0.000267,0.002353,0.059770,239.804657,12.216231,0.597695,-1294.039795,0.058720,0.000000
109.260002,53.857719,-1294.128784,-0.000263,0.002352,0.059751,239.571106,12.204334,0.597514,-1294.128784,0.058702,0.000000
109.270004,53.808937,-1293.995361,-0.000272,0.002352,0.059735,239.354111,12.193279,0.597347,-1293.995361,0.058686,0.000000
109.280006,53.744888,-1294.084351,-0.000272,0.002351,0.059726,239.069199,12.178765,0.597256,-1294.084351,0.058676,0.000000
109.290009,53.694992,-1294.039795,-0.000267,0.002351,0.059717,238.847260,12.167459,0.597166,-1294.039795,0.058660,0.000000
109.300003,53.645096,-1294.084351,-0.000263,0.002350,0.059691,238.625305,12.156152,0.596908,-1294.084351,0.058642,0.000000
109.310005,53.580673,-1294.084351,-0.000259,0.002349,0.059674,238.338745,12.141554,0.596742,-1294.084351,0.058625,0.000000
109.320007,53.514015,-1293.950806,-0.000267,0.002349,0.059656,238.042221,12.126450,0.596560,-1293.950806,0.058607,0.000000
109.330002,53.450340,-1294.039795,-0.000263,0.002348,0.059639,237.758987,12.112020,0.596393,-1294.039795,0.058590,0.000000
109.340004,53.376984,-1294.084351,-0.000267,0.002347,0.059614,237.432678,12.095398,0.596136,-1294.084351,0.058572,0.000000
109.350006,53.320755,-1293.995361,-0.000250,0.002346,0.059595,237.182571,12.082656,0.595954,-1293.995361,0.058555,0.000000
109.360008,53.246658,-1294.084351,-0.000259,0.002345,0.059570,236.852966,12.065866,0.595697,-1294.084351,0.058537,0.000000
109.370003,53.165482,-1293.995361,-0.000267,0.002345,0.059553,236.491867,12.047470,0.595531,-1293.995361,0.058521,0.000000
109.380005,53.100685,-1294.128784,-0.000267,0.002344,0.059544,236.203644,12.032787,0.595440,-1294.128784,0.058502,0.000000
109.390007,53.044083,-1294.039795,-0.000267,0.002344,0.059535,235.951859,12.019960,0.595349,-1294.039795,0.058486,0.000000
109.400002,52.981895,-1294.084351,-0.000267,0.002343,0.059500,235.675247,12.005869,0.595001,-1294.084351,0.058469,0.000000
109.410004,52.915245,-1294.084351,-0.000254,0.002341,0.059465,235.378769,11.990767,0.594652,-1294.084351,0.058460,0.000000
109.420006,52.824387,-1294.039795,-0.000259,0.002341,0.059458,234.974609,11.970178,0.594577,-1294.039795,0.058442,0.000000
109.430008,52.740601,-1294.039795,-0.000272,0.002339,0.059423,234.601913,11.951191,0.594229,-1294.039795,0.058425,0.000000
109.440002,52.656075,-1293.995361,-0.000272,0.002339,0.059405,234.225922,11.932037,0.594047,-1293.995361,0.058407,0.000000
109.450005,52.578247,-1294.039795,-0.000259,0.002338,0.059388,233.879730,11.914401,0.593880,-1294.039795,0.058390,0.000000
109.460007,52.486275,-1294.128784,-0.000259,0.002337,0.059362,233.470612,11.893560,0.593623,-1294.128784,0.058372,0.000000
109.470009,52.426689,-1293.950806,-0.000267,0.002337,0.059362,233.205566,11.880058,0.593623,-1293.950806,0.058356,0.000000
109.480003,52.348862,-1294.039795,-0.000263,0.002337,0.059362,232.859360,11.862421,0.593623,-1294.039795,0.058339,0.000000
109.490005,52.316841,-1294.084351,-0.000272,0.002336,0.059344,232.716934,11.855165,0.593441,-1294.084351,0.058321,0.000000
109.500008,52.283699,-1293.995361,-0.000259,0.002335,0.059318,232.569504,11.847655,0.593184,-1293.995361,0.058304,0.000000
109.510002,52.223007,-1294.039795,-0.000254,0.002335,0.059300,232.299545,11.833902,0.593002,-1294.039795,0.058286,0.000000
109.520004,52.165657,-1294.039795,-0.000259,0.002334,0.059284,232.044434,11.820907,0.592836,-1294.039795,0.058269,0.000000
109.530006,52.091553,-1294.039795,-0.000276,0.002334,0.059274,231.714798,11.804114,0.592745,-1294.039795,0.058260,0.000000
109.540009,52.035698,-1293.995361,-0.000267,0.002333,0.059258,231.466339,11.791458,0.592578,-1293.995361,0.058243,0.000000
109.550003,51.975372,-1294.084351,-0.000259,0.002333,0.059249,231.197998,11.777788,0.592487,-1294.084351,0.058225,0.000000
109.560005,51.928459,-1294.128784,-0.000272,0.002333,0.059249,230.989319,11.767157,0.592487,-1294.128784,0.058209,0.000000
109.570007,51.902016,-1294.084351,-0.000259,0.002332,0.059240,230.871689,11.761165,0.592397,-1294.084351,0.058190,0.000000
109.580002,51.869995,-1294.084351,-0.000272,0.002332,0.059232,230.729263,11.753909,0.592321,-1294.084351,0.058174,0.000000
109.590004,51.833504,-1294.039795,-0.000276,0.002331,0.059205,230.566940,11.745640,0.592048,-1294.039795,0.058156,0.000000
109.600006,51.777275,-1294.039795,-0.000263,0.002331,0.059197,230.316818,11.732899,0.591973,-1294.039795,0.058139,0.000000
109.610008,51.715462,-1294.039795,-0.000259,0.002331,0.059197,230.041870,11.718891,0.591973,-1294.039795,0.058121,0.000000
109.620003,51.675987,-1294.084351,-0.000263,0.002330,0.059188,229.866272,11.709947,0.591882,-1294.084351,0.058104,0.000000
109.630005,51.633537,-1294.084351,-0.000263,0.002330,0.059179,229.677444,11.700327,0.591791,-1294.084351,0.058086,0.000000
109.640007,51.611938,-1294.039795,-0.000280,0.002329,0.059162,229.581375,11.695433,0.591624,-1294.039795,0.058069,0.000000
109.650002,51.584755,-1293.950806,-0.000259,0.002329,0.059162,229.460449,11.689272,0.591624,-1293.950806,0.058053,0.000000
109.660004,51.545288,-1294.128784,-0.000267,0.002329,0.059162,229.284897,11.680329,0.591624,-1294.128784,0.058044,0.000000
109.670006,51.515495,-1294.039795,-0.000263,0.002328,0.059137,229.152374,11.673578,0.591367,-1294.039795,0.058025,0.000000
109.680008,51.476768,-1294.039795,-0.000267,0.002326,0.059093,228.980103,11.664803,0.590928,-1294.039795,0.058009,0.000000
109.690002,51.399315,-1294.039795,-0.000259,0.002325,0.059049,228.635574,11.647251,0.590489,-1294.039795,0.057991,0.000000
109.700005,51.270477,-1294.039795,-0.000263,0.002324,0.059041,228.062469,11.618056,0.590413,-1294.039795,0.057974,0.000000
109.710007,51.156158,-1294.128784,-0.000263,0.002324,0.059023,227.553955,11.592152,0.590232,-1294.128784,0.057957,0.000000
109.720009,51.085777,-1293.995361,-0.000272,0.002322,0.058988,227.240891,11.576202,0.589883,-1293.995361,0.057939,0.000000
109.730003,50.987473,-1293.995361,-0.000267,0.002321,0.058954,226.803604,11.553926,0.589535,-1293.995361,0.057923,0.000000
109.740005,50.859375,-1294.039795,-0.000267,0.002320,0.058919,226.233795,11.524899,0.589187,-1294.039795,0.057904,0.000000
109.750008,50.751389,-1294.084351,-0.000254,0.002319,0.058902,225.753448,11.500429,0.589020,-1294.084351,0.057888,0.000000
109.760002,50.646751,-1294.039795,-0.000263,0.002319,0.058893,225.287994,11.476718,0.588930,-1294.039795,0.057870,0.000000
109.770004,50.571159,-1294.039795,-0.000272,0.002318,0.058884,224.951752,11.459588,0.588839,-1294.039795,0.057853,0.000000
109.780006,50.499290,-1294.128784,-0.000254,0.002318,0.058884,224.632065,11.443302,0.588839,-1294.128784,0.057835,0.000000
109.790009,50.465034,-1293.995361,-0.000272,0.002318,0.058884,224.479691,11.435540,0.588839,-1293.995361,0.057827,0.000000
109.800003,50.433006,-1293.995361,-0.000259,0.002318,0.058876,224.337219,11.428283,0.588763,-1293.995361,0.057809,0.000000
109.810005,50.387955,-1294.128784,-0.000267,0.002318,0.058876,224.136810,11.418074,0.588763,-1294.128784,0.057792,0.000000
109.820007,50.376411,-1294.039795,-0.000259,0.002318,0.058876,224.085464,11.415458,0.588763,-1294.039795,0.057774,0.000000
109.830002,50.374916,-1294.084351,-0.000272,0.002317,0.058858,224.078812,11.415119,0.588581,-1294.084351,0.057757,0.000000
109.840004,50.348480,-1293.995361,-0.000272,0.002316,0.058816,223.961227,11.409129,0.588158,-1293.995361,0.057739,0.000000
109.850006,50.268417,-1293.995361,-0.000259,0.002315,0.058798,223.605087,11.390986,0.587976,-1293.995361,0.057723,0.000000
109.860008,50.180542,-1294.084351,-0.000259,0.002315,0.058798,223.214203,11.371073,0.587976,-1294.084351,0.057705,0.000000
109.870003,50.142189,-1294.039795,-0.000259,0.002315,0.058798,223.043594,11.362382,0.587976,-1294.039795,0.057688,0.000000
109.880005,50.111282,-1294.039795,-0.000272,0.002315,0.058798,222.906113,11.355379,0.587976,-1294.039795,0.057671,0.000000
109.890007,50.092285,-1294.039795,-0.000272,0.002315,0.058798,222.821609,11.351074,0.587976,-1294.039795,0.057653,0.000000
109.900002,50.075531,-1294.084351,-0.000259,0.002315,0.058798,222.747086,11.347278,0.587976,-1294.084351,0.057636,0.000000
109.910004,50.055794,-1294.039795,-0.000263,0.002315,0.058798,222.659286,11.342805,0.587976,-1294.039795,0.057618,0.000000
109.920006,50.049469,-1293.995361,-0.000263,0.002315,0.058798,222.631165,11.341372,0.587976,-1293.995361,0.057609,0.000000
109.930008,50.040154,-1294.084351,-0.000259,0.002315,0.058798,222.589722,11.339260,0.587976,-1294.084351,0.057592,0.000000
109.940002,50.008133,-1293.950806,-0.000263,0.002315,0.058798,222.447281,11.332005,0.587976,-1293.950806,0.057574,0.000000
109.950005,50.004410,-1293.995361,-0.000259,0.002315,0.058798,222.430725,11.331161,0.587976,-1293.995361,0.057558,0.000000
109.960007,49.992867,-1294.039795,-0.000276,0.002315,0.058798,222.379379,11.328545,0.587976,-1294.039795,0.057541,0.000000
109.970009,49.980202,-1293.950806,-0.000267,0.002315,0.058798,222.323044,11.325675,0.587976,-1293.950806,0.057523,0.000000
109.980003,49.958603,-1294.084351,-0.000263,0.002313,0.058763,222.226959,11.320782,0.587628,-1294.084351,0.057506,0.000000
109.990005,49.929565,-1294.039795,-0.000272,0.002312,0.058737,222.097794,11.314201,0.587370,-1294.039795,0.057488,0.000000
110.000008,49.865883,-1293.995361,-0.000276,0.002311,0.058693,221.814529,11.299770,0.586931,-1293.995361,0.057471,0.000000
110.010002,49.773163,-1294.039795,-0.000263,0.002310,0.058676,221.402084,11.278760,0.586765,-1294.039795,0.057453,0.000000
110.020004,49.685287,-1293.950806,-0.000280,0.002309,0.058651,221.011200,11.258847,0.586507,-1293.950806,0.057437,0.000000
110.030006,49.588844,-1294.039795,-0.000259,0.002308,0.058616,220.582199,11.236993,0.586159,-1294.039795,0.057418,0.000000
110.040009,49.480484,-1294.039795,-0.000272,0.002307,0.058607,220.100189,11.212438,0.586068,-1294.039795,0.057402,0.000000
110.050003,49.387016,-1293.950806,-0.000267,0.002307,0.058590,219.684418,11.191257,0.585902,-1293.950806,0.057393,0.000000
110.060005,49.326317,-1294.039795,-0.000263,0.002306,0.058564,219.414413,11.177503,0.585644,-1294.039795,0.057376,0.000000
110.070007,49.255196,-1294.039795,-0.000263,0.002303,0.058502,219.098053,11.161387,0.585024,-1294.039795,0.057358,0.000000
110.080002,49.095444,-1294.039795,-0.000263,0.002299,0.058407,218.387436,11.125187,0.584070,-1294.039795,0.057341,0.000000
110.090004,48.825851,-1293.995361,-0.000267,0.002296,0.058330,217.188232,11.064096,0.583298,-1293.995361,0.057323,0.000000
110.100006,48.520134,-1294.039795,-0.000259,0.002295,0.058295,215.828339,10.994820,0.582950,-1294.039795,0.057306,0.000000
110.110008,48.292610,-1294.084351,-0.000267,0.002295,0.058286,214.816254,10.943262,0.582859,-1294.084351,0.057288,0.000000
110.120003,48.153717,-1294.039795,-0.000259,0.002295,0.058286,214.198425,10.911788,0.582859,-1294.039795,0.057272,0.000000
110.130005,48.074776,-1294.128784,-0.000259,0.002294,0.058277,213.847290,10.893900,0.582768,-1294.128784,0.057255,0.000000
110.140007,48.025993,-1293.995361,-0.000259,0.002294,0.058260,213.630295,10.882846,0.582601,-1293.995361,0.057237,0.000000
110.150002,47.975349,-1294.039795,-0.000259,0.002293,0.058251,213.405014,10.871370,0.582510,-1294.039795,0.057220,0.000000
110.160004,47.903481,-1294.084351,-0.000267,0.002293,0.058234,213.085327,10.855084,0.582344,-1294.084351,0.057202,0.000000
110.170006,47.843903,-1294.039795,-0.000254,0.002292,0.058216,212.820312,10.841583,0.582162,-1294.039795,0.057193,0.000000
110.180008,47.774269,-1294.084351,-0.000267,0.002291,0.058200,212.510559,10.825805,0.581996,-1294.084351,0.057176,0.000000
110.190002,47.713203,-1293.995361,-0.000267,0.002291,0.058181,212.238922,10.811966,0.581814,-1293.995361,0.057159,0.000000
110.200005,47.633141,-1294.039795,-0.000267,0.002290,0.058156,211.882797,10.793824,0.581557,-1294.039795,0.057141,0.000000
110.210007,47.542282,-1294.039795,-0.000263,0.002289,0.058139,211.478638,10.773235,0.581390,-1294.039795,0.057125,0.000000
110.220009,47.447327,-1294.039795,-0.000272,0.002288,0.058113,211.056244,10.751719,0.581133,-1294.039795,0.057106,0.000000
110.230003,47.361305,-1294.039795,-0.000272,0.002287,0.058095,210.673615,10.732225,0.580951,-1294.039795,0.057090,0.000000
110.240005,47.286087,-1294.084351,-0.000276,0.002287,0.058078,210.339020,10.715180,0.580785,-1294.084351,0.057072,0.000000
110.250008,47.192993,-1294.039795,-0.000263,0.002286,0.058069,209.924911,10.694085,0.580694,-1294.039795,0.057055,0.000000
110.260002,47.123734,-1294.039795,-0.000280,0.002286,0.058069,209.616837,10.678391,0.580694,-1294.039795,0.057037,0.000000
110.270004,47.077560,-1293.995361,-0.000267,0.002286,0.058060,209.411453,10.667927,0.580603,-1293.995361,0.057020,0.000000
110.280006,47.054100,-1293.995361,-0.000267,0.002286,0.058053,209.307083,10.662612,0.580527,-1293.995361,0.057002,0.000000
110.290009,47.012398,-1294.084351,-0.000267,0.002285,0.058044,209.121582,10.653162,0.580436,-1294.084351,0.056985,0.000000
110.300003,46.968452,-1294.084351,-0.000263,0.002285,0.058035,208.926117,10.643203,0.580346,-1294.084351,0.056976,0.000000
110.310005,46.924515,-1294.039795,-0.000267,0.002284,0.058025,208.730667,10.633246,0.580255,-1294.039795,0.056960,0.000000
110.320007,46.897705,-1294.039795,-0.000263,0.002284,0.058009,208.611404,10.627172,0.580088,-1294.039795,0.056941,0.000000
110.330002,46.845573,-1294.084351,-0.000267,0.002283,0.057991,208.379517,10.615358,0.579906,-1294.084351,0.056925,0.000000
110.340004,46.794182,-1293.995361,-0.000285,0.002282,0.057974,208.150909,10.603713,0.579740,-1293.995361,0.056907,0.000000
110.350006,46.718224,-1294.039795,-0.000263,0.002282,0.057957,207.813034,10.586501,0.579573,-1294.039795,0.056890,0.000000
110.360008,46.645981,-1293.995361,-0.000272,0.002281,0.057939,207.491684,10.570130,0.579392,-1293.995361,0.056873,0.000000
110.370003,46.581932,-1293.995361,-0.000272,0.002281,0.057939,207.206787,10.555616,0.579392,-1293.995361,0.056855,0.000000
110.380005,46.534271,-1294.039795,-0.000272,0.002281,0.057930,206.994781,10.544817,0.579301,-1294.039795,0.056839,0.000000
110.390007,46.501877,-1294.039795,-0.000263,0.002280,0.057923,206.850677,10.537476,0.579225,-1294.039795,0.056820,0.000000
110.400002,46.469849,-1293.950806,-0.000280,0.002280,0.057913,206.708206,10.530219,0.579134,-1293.950806,0.056804,0.000000
110.410004,46.431870,-1294.084351,-0.000259,0.002279,0.057895,206.539276,10.521612,0.578953,-1294.084351,0.056786,0.000000
110.420006,46.377129,-1294.039795,-0.000267,0.002279,0.057879,206.295776,10.509208,0.578786,-1294.039795,0.056769,0.000000
110.430008,46.322762,-1294.084351,-0.000272,0.002278,0.057870,206.053940,10.496888,0.578695,-1294.084351,0.056760,0.000000
110.440002,46.261322,-1293.995361,-0.000267,0.002278,0.057853,205.780640,10.482965,0.578529,-1293.995361,0.056743,0.000000
110.450005,46.203606,-1294.039795,-0.000272,0.002277,0.057835,205.523895,10.469887,0.578347,-1294.039795,0.056725,0.000000
110.460007,46.136200,-1294.128784,-0.000272,0.002276,0.057809,205.224060,10.454613,0.578090,-1294.128784,0.056708,0.000000
110.470009,46.071785,-1294.039795,-0.000267,0.002274,0.057767,204.937531,10.440016,0.577666,-1294.039795,0.056690,0.000000
110.480003,45.924324,-1294.039795,-0.000272,0.002271,0.057679,204.281601,10.406601,0.576788,-1294.039795,0.056674,0.000000
110.490005,45.710213,-1293.950806,-0.000267,0.002267,0.057574,203.329178,10.358082,0.575743,-1293.950806,0.056655,0.000000
110.500008,45.385498,-1294.039795,-0.000276,0.002263,0.057479,201.884781,10.284500,0.574789,-1294.039795,0.056639,0.000000
110.510002,45.012756,-1294.039795,-0.000267,0.002260,0.057402,200.226746,10.200037,0.574017,-1294.039795,0.056621,0.000000
110.520004,44.679108,-1293.995361,-0.000276,0.002260,0.057393,198.742599,10.124431,0.573926,-1293.995361,0.056604,0.000000
110.530006,44.476913,-1294.128784,-0.000272,0.002260,0.057393,197.843185,10.078613,0.573926,-1294.128784,0.056586,0.000000
110.540009,44.399460,-1293.950806,-0.000263,0.002260,0.057393,197.498657,10.061062,0.573926,-1293.950806,0.056569,0.000000
110.550003,44.353653,-1293.995361,-0.000263,0.002260,0.057393,197.294907,10.050681,0.573926,-1293.995361,0.056552,0.000000
110.560005,44.326103,-1294.084351,-0.000267,0.002260,0.057393,197.172348,10.044438,0.573926,-1294.084351,0.056543,0.000000
110.570007,44.287750,-1293.995361,-0.000276,0.002260,0.057393,197.001755,10.035748,0.573926,-1293.995361,0.056525,0.000000
110.580002,44.266518,-1294.039795,-0.000263,0.002260,0.057393,196.907303,10.030936,0.573926,-1294.039795,0.056508,0.000000
110.590004,44.244926,-1294.084351,-0.000267,0.002259,0.057384,196.811264,10.026044,0.573835,-1294.084351,0.056490,0.000000
110.600006,44.221466,-1294.039795,-0.000267,0.002259,0.057384,196.706909,10.020727,0.573835,-1294.039795,0.056474,0.000000
110.610008,44.189812,-1294.084351,-0.000263,0.002259,0.057384,196.566101,10.013555,0.573835,-1294.084351,0.056457,0.000000
110.620003,44.167839,-1294.084351,-0.000263,0.002259,0.057384,196.468353,10.008575,0.573835,-1294.084351,0.056439,0.000000
110.630005,44.156670,-1294.128784,-0.000263,0.002259,0.057384,196.418671,10.006044,0.573835,-1294.128784,0.056422,0.000000
110.640007,44.133957,-1294.039795,-0.000272,0.002259,0.057384,196.317642,10.000897,0.573835,-1294.039795,0.056404,0.000000
110.650002,44.117569,-1294.039795,-0.000267,0.002259,0.057376,196.244751,9.997184,0.573760,-1294.039795,0.056387,0.000000
110.660004,44.110497,-1294.084351,-0.000272,0.002258,0.057350,196.213287,9.995582,0.573502,-1294.084351,0.056369,0.000000
110.670006,44.075867,-1293.995361,-0.000267,0.002257,0.057323,196.059250,9.987735,0.573230,-1293.995361,0.056353,0.000000
110.680008,44.017776,-1294.128784,-0.000272,0.002255,0.057288,195.800842,9.974570,0.572882,-1294.128784,0.056334,0.000000
110.690002,43.929153,-1294.039795,-0.000272,0.002254,0.057262,195.406631,9.954489,0.572624,-1294.039795,0.056327,0.000000
110.700005,43.834198,-1293.995361,-0.000267,0.002254,0.057246,194.984253,9.932972,0.572458,-1293.995361,0.056309,0.000000
110.710007,43.727699,-1294.039795,-0.000267,0.002253,0.057237,194.510529,9.908838,0.572367,-1294.039795,0.056292,0.000000
110.720009,43.667000,-1293.995361,-0.000267,0.002253,0.057228,194.240509,9.895083,0.572276,-1293.995361,0.056274,0.000000
110.730003,43.623810,-1293.995361,-0.000259,0.002253,0.057228,194.048401,9.885296,0.572276,-1293.995361,0.056257,0.000000
110.740005,43.583588,-1294.084351,-0.000289,0.002253,0.057228,193.869476,9.876183,0.572276,-1294.084351,0.056239,0.000000
110.750008,43.557899,-1294.039795,-0.000272,0.002253,0.057228,193.755219,9.870361,0.572276,-1294.039795,0.056222,0.000000
110.760002,43.519913,-1294.039795,-0.000267,0.002253,0.057228,193.586243,9.861753,0.572276,-1294.039795,0.056204,0.000000
110.770004,43.514328,-1293.950806,-0.000259,0.002253,0.057228,193.561401,9.860488,0.572276,-1293.950806,0.056188,0.000000
110.780006,43.503159,-1294.084351,-0.000267,0.002253,0.057228,193.511719,9.857957,0.572276,-1294.084351,0.056171,0.000000
110.790009,43.475975,-1294.039795,-0.000263,0.002252,0.057202,193.390793,9.851797,0.572019,-1294.039795,0.056153,0.000000
110.800003,43.441345,-1293.995361,-0.000280,0.002250,0.057159,193.236755,9.843949,0.571595,-1293.995361,0.056136,0.000000
110.810005,43.375061,-1293.995361,-0.000276,0.002250,0.057141,192.941910,9.828929,0.571413,-1293.995361,0.056127,0.000000
110.820007,43.281227,-1294.039795,-0.000267,0.002249,0.057132,192.524521,9.807666,0.571322,-1294.039795,0.056109,0.000000
110.830002,43.201164,-1294.084351,-0.000280,0.002249,0.057125,192.168381,9.789523,0.571247,-1294.084351,0.056092,0.000000
110.840004,43.160950,-1294.039795,-0.000272,0.002249,0.057125,191.989487,9.780411,0.571247,-1294.039795,0.056075,0.000000
110.850006,43.133766,-1294.084351,-0.000267,0.002249,0.057125,191.868576,9.774251,0.571247,-1294.084351,0.056057,0.000000
110.860008,43.105835,-1294.084351,-0.000267,0.002249,0.057116,191.744324,9.767921,0.571156,-1294.084351,0.056041,0.000000
110.870003,43.074188,-1294.039795,-0.000263,0.002248,0.057090,191.603561,9.760751,0.570898,-1294.039795,0.056022,0.000000
110.880005,43.029503,-1294.084351,-0.000263,0.002247,0.057072,191.404785,9.750625,0.570717,-1294.084351,0.056006,0.000000
110.890007,42.968803,-1293.995361,-0.000272,0.002246,0.057055,191.134781,9.736870,0.570550,-1293.995361,0.055988,0.000000
110.900002,42.907364,-1294.039795,-0.000263,0.002246,0.057055,190.861481,9.722948,0.570550,-1294.039795,0.055971,0.000000
110.910004,42.862679,-1294.039795,-0.000272,0.002246,0.057037,190.662720,9.712822,0.570369,-1294.039795,0.055953,0.000000
110.920006,42.812408,-1293.995361,-0.000267,0.002245,0.057011,190.439102,9.701430,0.570111,-1293.995361,0.055936,0.000000
110.930008,42.740913,-1293.995361,-0.000267,0.002243,0.056969,190.121078,9.685230,0.569687,-1293.995361,0.055918,0.000000
110.940002,42.633667,-1294.084351,-0.000280,0.002242,0.056951,189.644028,9.660927,0.569506,-1294.084351,0.055910,0.000000
110.950005,42.534988,-1294.039795,-0.000276,0.002241,0.056925,189.205078,9.638566,0.569248,-1294.039795,0.055892,0.000000
110.960007,42.431473,-1294.084351,-0.000263,0.002240,0.056907,188.744614,9.615109,0.569067,-1294.084351,0.055876,0.000000
110.970009,42.329811,-1293.950806,-0.000272,0.002240,0.056899,188.292404,9.592072,0.568991,-1293.950806,0.055857,0.000000
110.980003,42.262039,-1294.084351,-0.000263,0.002240,0.056899,187.990936,9.576715,0.568991,-1294.084351,0.055841,0.000000
110.990005,42.229645,-1293.950806,-0.000280,0.002240,0.056899,187.846848,9.569374,0.568991,-1293.950806,0.055823,0.000000
111.000008,42.201347,-1293.995361,-0.000272,0.002240,0.056899,187.720963,9.562962,0.568991,-1293.995361,0.055806,0.000000
111.010002,42.183846,-1294.039795,-0.000276,0.002240,0.056890,187.643112,9.558996,0.568900,-1294.039795,0.055788,0.000000
111.020004,42.164848,-1294.039795,-0.000263,0.002239,0.056881,187.558609,9.554691,0.568809,-1294.039795,0.055771,0.000000
111.030006,42.147346,-1294.039795,-0.000267,0.002239,0.056873,187.480759,9.550725,0.568733,-1294.039795,0.055755,0.000000
111.040009,42.123146,-1294.039795,-0.000289,0.002238,0.056855,187.373108,9.545241,0.568552,-1294.039795,0.055736,0.000000
111.050003,42.078461,-1294.084351,-0.000272,0.002237,0.056829,187.174347,9.535115,0.568294,-1294.084351,0.055720,0.000000
111.060005,42.002495,-1294.084351,-0.000276,0.002236,0.056804,186.836426,9.517901,0.568037,-1294.084351,0.055702,0.000000
111.070007,41.916481,-1294.039795,-0.000267,0.002235,0.056778,186.453827,9.498410,0.567780,-1294.039795,0.055692,0.000000
111.080002,41.818169,-1294.084351,-0.000276,0.002234,0.056751,186.016510,9.476132,0.567507,-1294.084351,0.055676,0.000000
111.090004,41.739601,-1294.039795,-0.000276,0.002234,0.056743,185.667023,9.458328,0.567431,-1294.039795,0.055659,0.000000
111.100006,41.665497,-1294.039795,-0.000280,0.002233,0.056725,185.337387,9.441536,0.567250,-1294.039795,0.055641,0.000000
111.110008,41.589165,-1294.084351,-0.000272,0.002233,0.056708,184.997849,9.424239,0.567083,-1294.084351,0.055624,0.000000
111.120003,41.528465,-1293.995361,-0.000263,0.002232,0.056690,184.727844,9.410484,0.566902,-1293.995361,0.055606,0.000000
111.130005,41.451012,-1294.039795,-0.000272,0.002232,0.056681,184.383316,9.392933,0.566811,-1294.039795,0.055590,0.000000
111.140007,41.398132,-1294.039795,-0.000272,0.002231,0.056674,184.148087,9.380951,0.566735,-1294.039795,0.055571,0.000000
111.150002,41.360527,-1294.039795,-0.000276,0.002231,0.056655,183.980820,9.372430,0.566553,-1294.039795,0.055555,0.000000
111.160004,41.293869,-1294.039795,-0.000289,0.002230,0.056630,183.684296,9.357324,0.566296,-1294.039795,0.055537,0.000000
111.170006,41.214928,-1294.039795,-0.000263,0.002228,0.056604,183.333160,9.339436,0.566039,-1294.039795,0.055520,0.000000
111.180008,41.130775,-1294.084351,-0.000263,0.002227,0.056578,182.958832,9.320367,0.565781,-1294.084351,0.055502,0.000000
111.190002,41.042892,-1294.084351,-0.000267,0.002226,0.056552,182.567902,9.300452,0.565524,-1294.084351,0.055485,0.000000
111.200005,40.938255,-1294.084351,-0.000267,0.002225,0.056525,182.102448,9.276741,0.565251,-1294.084351,0.055476,0.000000
111.210007,40.823936,-1294.039795,-0.000254,0.002224,0.056499,181.593933,9.250836,0.564994,-1294.039795,0.055459,0.000000
111.220009,40.725258,-1294.084351,-0.000276,0.002224,0.056483,181.154999,9.228475,0.564827,-1294.084351,0.055441,0.000000
111.230003,40.640732,-1294.128784,-0.000267,0.002223,0.056465,180.779007,9.209321,0.564646,-1294.128784,0.055424,0.000000
111.240005,40.561043,-1294.039795,-0.000280,0.002223,0.056457,180.424530,9.191263,0.564570,-1294.039795,0.055406,0.000000
111.250008,40.501839,-1294.039795,-0.000272,0.002222,0.056448,180.161179,9.177847,0.564479,-1294.039795,0.055390,0.000000
111.260002,40.435555,-1294.084351,-0.000280,0.002222,0.056448,179.866333,9.162828,0.564479,-1294.084351,0.055373,0.000000
111.270004,40.403900,-1294.039795,-0.000276,0.002222,0.056439,179.725525,9.155654,0.564388,-1294.039795,0.055355,0.000000
111.280006,40.374115,-1294.084351,-0.000259,0.002222,0.056430,179.593033,9.148906,0.564298,-1294.084351,0.055338,0.000000
111.290009,40.331665,-1294.039795,-0.000280,0.002222,0.056430,179.404205,9.139286,0.564298,-1294.039795,0.055320,0.000000
111.300003,40.303360,-1294.039795,-0.000276,0.002221,0.056422,179.278305,9.132872,0.564222,-1294.039795,0.055303,0.000000
111.310005,40.278786,-1294.039795,-0.000276,0.002221,0.056413,179.168991,9.127303,0.564131,-1294.039795,0.055285,0.000000
111.320007,40.247505,-1293.995361,-0.000263,0.002220,0.056387,179.029846,9.120214,0.563874,-1293.995361,0.055269,0.000000
111.330002,40.193138,-1293.995361,-0.000267,0.002218,0.056343,178.788010,9.107896,0.563435,-1293.995361,0.055259,0.000000
111.340004,40.097069,-1294.084351,-0.000289,0.002217,0.056318,178.360672,9.086125,0.563177,-1294.084351,0.055243,0.000000
111.350006,39.997643,-1294.039795,-0.000263,0.002217,0.056300,177.918396,9.063596,0.562996,-1294.039795,0.055225,0.000000
111.360008,39.896729,-1294.084351,-0.000272,0.002216,0.056292,177.469513,9.040728,0.562920,-1294.084351,0.055208,0.000000
111.370003,39.826721,-1294.039795,-0.000272,0.002216,0.056274,177.158096,9.024864,0.562738,-1294.039795,0.055190,0.000000
111.380005,39.753738,-1294.039795,-0.000259,0.002214,0.056248,176.833466,9.008327,0.562481,-1294.039795,0.055173,0.000000
111.390007,39.683731,-1294.084351,-0.000276,0.002214,0.056231,176.522049,8.992462,0.562314,-1294.084351,0.055155,0.000000
111.400002,39.603302,-1294.084351,-0.000280,0.002213,0.056204,176.164291,8.974236,0.562042,-1294.084351,0.055138,0.000000
111.410004,39.515419,-1294.084351,-0.000280,0.002212,0.056197,175.773361,8.954322,0.561966,-1294.084351,0.055120,0.000000
111.420006,39.444672,-1293.995361,-0.000280,0.002212,0.056188,175.458664,8.938291,0.561875,-1293.995361,0.055104,0.000000
111.430008,39.382484,-1294.084351,-0.000276,0.002212,0.056188,175.182037,8.924198,0.561875,-1294.084351,0.055087,0.000000
111.440002,39.354187,-1294.084351,-0.000272,0.002212,0.056178,175.056168,8.917787,0.561784,-1294.084351,0.055069,0.000000
111.450005,39.312851,-1294.084351,-0.000267,0.002211,0.056171,174.872299,8.908420,0.561709,-1294.084351,0.055052,0.000000
111.460007,39.270401,-1294.128784,-0.000272,0.002211,0.056153,174.683472,8.898800,0.561527,-1294.128784,0.055043,0.000000
111.470009,39.230927,-1294.039795,-0.000280,0.002210,0.056136,174.507874,8.889854,0.561360,-1294.039795,0.055025,0.000000
111.480003,39.167625,-1294.039795,-0.000263,0.002209,0.056118,174.226303,8.875511,0.561179,-1294.039795,0.055008,0.000000
111.490005,39.114746,-1293.995361,-0.000276,0.002209,0.056109,173.991074,8.863528,0.561088,-1293.995361,0.054990,0.000000
111.500008,39.059639,-1293.950806,-0.000276,0.002209,0.056101,173.745956,8.851041,0.561012,-1293.950806,0.054973,0.000000
111.510002,39.006386,-1294.039795,-0.000267,0.002208,0.056092,173.509064,8.838973,0.560921,-1294.039795,0.054957,0.000000
111.520004,38.966545,-1294.039795,-0.000285,0.002208,0.056083,173.331848,8.829946,0.560831,-1294.039795,0.054939,0.000000
111.530006,38.940109,-1294.039795,-0.000272,0.002208,0.056083,173.214264,8.823955,0.560831,-1294.039795,0.054922,0.000000
111.540009,38.911064,-1294.084351,-0.000276,0.002208,0.056083,173.085052,8.817373,0.560831,-1294.084351,0.054904,0.000000
111.550003,38.884995,-1293.995361,-0.000272,0.002208,0.056083,172.969101,8.811465,0.560831,-1293.995361,0.054887,0.000000
111.560005,38.861160,-1294.084351,-0.000272,0.002208,0.056083,172.863068,8.806065,0.560831,-1294.084351,0.054869,0.000000
111.570007,38.848877,-1293.995361,-0.000272,0.002208,0.056075,172.808441,8.803281,0.560755,-1293.995361,0.054852,0.000000
111.580002,38.830254,-1294.039795,-0.000272,0.002207,0.056057,172.725601,8.799062,0.560573,-1294.039795,0.054843,0.000000
111.590004,38.796745,-1294.039795,-0.000276,0.002207,0.056048,172.576538,8.791469,0.560482,-1294.039795,0.054826,0.000000
111.600006,38.772163,-1294.039795,-0.000285,0.002206,0.056022,172.467194,8.785898,0.560225,-1294.039795,0.054808,0.000000
111.610008,38.714821,-1293.995361,-0.000285,0.002205,0.056006,172.212128,8.772903,0.560058,-1293.995361,0.054792,0.000000
111.620003,38.648537,-1293.995361,-0.000276,0.002204,0.055988,171.917282,8.757884,0.559877,-1293.995361,0.054773,0.000000
111.630005,38.580765,-1294.084351,-0.000276,0.002204,0.055971,171.615814,8.742527,0.559710,-1294.084351,0.054757,0.000000
111.640007,38.516342,-1294.039795,-0.000272,0.002202,0.055936,171.329254,8.727928,0.559362,-1294.039795,0.054739,0.000000
111.650002,38.440384,-1294.039795,-0.000276,0.002202,0.055927,170.991364,8.710716,0.559271,-1294.039795,0.054722,0.000000
111.660004,38.345802,-1294.084351,-0.000280,0.002201,0.055918,170.570648,8.689282,0.559180,-1294.084351,0.054704,0.000000
111.670006,38.295158,-1294.084351,-0.000280,0.002201,0.055901,170.345367,8.677807,0.559014,-1294.084351,0.054687,0.000000
111.680008,38.247124,-1294.039795,-0.000280,0.002199,0.055867,170.131699,8.666923,0.558666,-1294.039795,0.054671,0.000000
111.690002,38.178978,-1294.039795,-0.000285,0.002198,0.055823,169.828583,8.651480,0.558227,-1294.039795,0.054652,0.000000
111.700005,38.057953,-1293.995361,-0.000276,0.002197,0.055797,169.290222,8.624055,0.557969,-1293.995361,0.054636,0.000000
111.710007,37.922409,-1294.039795,-0.000285,0.002195,0.055755,168.687302,8.593341,0.557545,-1294.039795,0.054627,0.000000
111.720009,37.789101,-1294.084351,-0.000280,0.002193,0.055711,168.094315,8.563132,0.557106,-1294.084351,0.054608,0.000000
111.730003,37.643135,-1294.128784,-0.000272,0.002192,0.055685,167.445023,8.530056,0.556849,-1294.128784,0.054592,0.000000
111.740005,37.504608,-1294.039795,-0.000280,0.002192,0.055667,166.828827,8.498666,0.556667,-1294.039795,0.054575,0.000000
111.750008,37.401459,-1293.995361,-0.000280,0.002191,0.055650,166.369995,8.475292,0.556501,-1293.995361,0.054557,0.000000
111.760002,37.308739,-1294.084351,-0.000272,0.002191,0.055650,165.957565,8.454281,0.556501,-1294.084351,0.054540,0.000000
111.770004,37.241341,-1294.039795,-0.000263,0.002191,0.055641,165.657761,8.439008,0.556410,-1294.039795,0.054522,0.000000
111.780006,37.207458,-1294.039795,-0.000280,0.002191,0.055641,165.507034,8.431331,0.556410,-1294.039795,0.054506,0.000000
111.790009,37.181389,-1294.039795,-0.000267,0.002191,0.055641,165.391083,8.425424,0.556410,-1294.039795,0.054487,0.000000
111.800003,37.166870,-1294.039795,-0.000276,0.002191,0.055641,165.326492,8.422133,0.556410,-1294.039795,0.054471,0.000000
111.810005,37.143784,-1294.084351,-0.000280,0.002190,0.055632,165.223801,8.416903,0.556319,-1294.084351,0.054453,0.000000
111.820007,37.126648,-1294.039795,-0.000272,0.002190,0.055615,165.147583,8.413018,0.556152,-1294.039795,0.054436,0.000000
111.830002,37.058510,-1294.128784,-0.000285,0.002189,0.055606,164.844482,8.397579,0.556062,-1294.128784,0.054418,0.000000
111.840004,37.024620,-1293.995361,-0.000276,0.002189,0.055590,164.693741,8.389898,0.555895,-1293.995361,0.054410,0.000000
111.850006,36.992226,-1294.039795,-0.000272,0.002188,0.055580,164.549637,8.382559,0.555804,-1294.039795,0.054392,0.000000
111.860008,36.933022,-1294.039795,-0.000272,0.002188,0.055571,164.286285,8.369143,0.555713,-1294.039795,0.054375,0.000000
111.870003,36.898384,-1293.950806,-0.000285,0.002188,0.055564,164.132217,8.361293,0.555638,-1293.950806,0.054357,0.000000
111.880005,36.854820,-1294.084351,-0.000280,0.002187,0.055546,163.938431,8.351421,0.555456,-1294.084351,0.054340,0.000000
111.890007,36.803429,-1293.995361,-0.000280,0.002186,0.055529,163.709824,8.339777,0.555290,-1293.995361,0.054322,0.000000
111.900002,36.759117,-1294.039795,-0.000272,0.002185,0.055502,163.512726,8.329735,0.555017,-1294.039795,0.054306,0.000000
111.910004,36.682037,-1294.128784,-0.000276,0.002184,0.055468,163.169846,8.312269,0.554684,-1294.128784,0.054289,0.000000
111.920006,36.589317,-1293.950806,-0.000276,0.002182,0.055434,162.757416,8.291258,0.554336,-1293.950806,0.054271,0.000000
111.930008,36.481705,-1294.128784,-0.000276,0.002181,0.055390,162.278732,8.266872,0.553897,-1294.128784,0.054254,0.000000
111.940002,36.340942,-1294.039795,-0.000272,0.002179,0.055346,161.652588,8.234976,0.553458,-1294.039795,0.054236,0.000000
111.950005,36.155502,-1293.995361,-0.000254,0.002177,0.055303,160.827713,8.192954,0.553034,-1293.995361,0.054219,0.000000
111.960007,35.993523,-1294.084351,-0.000280,0.002176,0.055269,160.107178,8.156249,0.552685,-1294.084351,0.054201,0.000000
111.970009,35.846436,-1294.039795,-0.000289,0.002175,0.055250,159.452911,8.122918,0.552504,-1294.039795,0.054192,0.000000
111.980003,35.734726,-1294.128784,-0.000276,0.002174,0.055225,158.955994,8.097605,0.552246,-1294.128784,0.054175,0.000000
111.990005,35.638649,-1293.950806,-0.000280,0.002174,0.055208,158.528625,8.075833,0.552080,-1293.950806,0.054159,0.000000
112.000008,35.544067,-1294.039795,-0.000276,0.002173,0.055199,158.107910,8.054401,0.551989,-1294.039795,0.054141,0.000000
112.010002,35.459167,-1294.128784,-0.000267,0.002173,0.055190,157.730255,8.035162,0.551898,-1294.128784,0.054124,0.000000
112.020004,35.405922,-1294.039795,-0.000285,0.002173,0.055182,157.493408,8.023097,0.551823,-1294.039795,0.054106,0.000000
112.030006,35.366074,-1293.995361,-0.000289,0.002173,0.055182,157.316147,8.014067,0.551823,-1293.995361,0.054089,0.000000
112.040009,35.351181,-1294.039795,-0.000297,0.002173,0.055182,157.249908,8.010692,0.551823,-1294.039795,0.054071,0.000000
112.050003,35.315804,-1294.039795,-0.000272,0.002173,0.055182,157.092545,8.002675,0.551823,-1294.039795,0.054054,0.000000
112.060005,35.290108,-1294.128784,-0.000289,0.002173,0.055182,156.978241,7.996853,0.551823,-1294.128784,0.054036,0.000000
112.070007,35.268883,-1294.039795,-0.000280,0.002172,0.055173,156.883820,7.992043,0.551732,-1294.039795,0.054020,0.000000
112.080002,35.254364,-1293.995361,-0.000289,0.002172,0.055164,156.819244,7.988753,0.551641,-1293.995361,0.054001,0.000000
112.090004,35.224571,-1294.084351,-0.000280,0.002172,0.055164,156.686722,7.982002,0.551641,-1294.084351,0.053985,0.000000
112.100006,35.196648,-1293.995361,-0.000280,0.002171,0.055147,156.562515,7.975675,0.551474,-1293.995361,0.053976,0.000000
112.110008,35.173561,-1294.084351,-0.000289,0.002170,0.055120,156.459808,7.970443,0.551202,-1294.084351,0.053959,0.000000
112.120003,35.126266,-1293.995361,-0.000276,0.002169,0.055104,156.249435,7.959725,0.551035,-1293.995361,0.053941,0.000000
112.130005,35.073761,-1294.039795,-0.000285,0.002169,0.055087,156.015884,7.947828,0.550869,-1294.039795,0.053924,0.000000
112.140007,35.004875,-1293.995361,-0.000293,0.002168,0.055069,155.709457,7.932218,0.550687,-1293.995361,0.053906,0.000000
112.150002,34.922951,-1293.950806,-0.000285,0.002168,0.055060,155.345047,7.913653,0.550596,-1293.950806,0.053889,0.000000
112.160004,34.864113,-1294.039795,-0.000297,0.002167,0.055052,155.083313,7.900321,0.550521,-1294.039795,0.053873,0.000000
112.170006,34.830231,-1293.995361,-0.000280,0.002167,0.055043,154.932602,7.892643,0.550430,-1293.995361,0.053855,0.000000
112.180008,34.779213,-1294.084351,-0.000289,0.002167,0.055034,154.705673,7.881083,0.550339,-1294.084351,0.053838,0.000000
112.190002,34.739372,-1294.084351,-0.000293,0.002166,0.055008,154.528442,7.872055,0.550081,-1294.084351,0.053820,0.000000
112.200005,34.686867,-1294.039795,-0.000267,0.002165,0.054999,154.294891,7.860156,0.549991,-1294.039795,0.053803,0.000000
112.210007,34.629524,-1294.039795,-0.000280,0.002164,0.054973,154.039810,7.847162,0.549733,-1294.039795,0.053785,0.000000
112.220009,34.575897,-1294.084351,-0.000285,0.002164,0.054957,153.801270,7.835011,0.549567,-1294.084351,0.053777,0.000000
112.230003,34.498444,-1294.039795,-0.000280,0.002163,0.054948,153.456741,7.817459,0.549476,-1294.039795,0.053759,0.000000
112.240005,34.434029,-1294.084351,-0.000280,0.002163,0.054939,153.170212,7.802862,0.549385,-1294.084351,0.053742,0.000000
112.250008,34.385246,-1294.039795,-0.000289,0.002162,0.054922,152.953217,7.791808,0.549219,-1294.039795,0.053724,0.000000
112.260002,34.323807,-1294.084351,-0.000297,0.002162,0.054904,152.679916,7.777886,0.549037,-1294.084351,0.053708,0.000000
112.270004,34.266083,-1293.950806,-0.000289,0.002161,0.054878,152.423141,7.764805,0.548779,-1293.950806,0.053689,0.000000
112.280006,34.209488,-1294.084351,-0.000285,0.002160,0.054869,152.171402,7.751981,0.548689,-1294.084351,0.053673,0.000000
112.290009,34.138733,-1293.995361,-0.000289,0.002160,0.054852,151.856674,7.735947,0.548522,-1293.995361,0.053655,0.000000
112.300003,34.069473,-1294.039795,-0.000276,0.002159,0.054826,151.548584,7.720253,0.548265,-1294.039795,0.053638,0.000000
112.310005,34.000954,-1294.128784,-0.000276,0.002157,0.054799,151.243790,7.704726,0.547992,-1294.128784,0.053620,0.000000
112.320007,33.904510,-1293.950806,-0.000310,0.002156,0.054773,150.814789,7.682872,0.547735,-1293.950806,0.053603,0.000000
112.330002,33.806953,-1293.950806,-0.000276,0.002155,0.054739,150.380844,7.660765,0.547387,-1293.950806,0.053587,0.000000
112.340004,33.709389,-1294.084351,-0.000280,0.002154,0.054713,149.946854,7.638657,0.547129,-1294.084351,0.053568,0.000000
112.350006,33.618904,-1294.039795,-0.000276,0.002153,0.054696,149.544357,7.618153,0.546963,-1294.039795,0.053559,0.000000
112.360008,33.519478,-1294.039795,-0.000276,0.002152,0.054671,149.102081,7.595622,0.546705,-1294.039795,0.053543,0.000000
112.370003,33.422661,-1294.039795,-0.000280,0.002152,0.054652,148.671417,7.573683,0.546524,-1294.039795,0.053524,0.000000
112.380005,33.342232,-1294.084351,-0.000285,0.002152,0.054652,148.313660,7.555458,0.546524,-1294.084351,0.053508,0.000000
112.390007,33.290474,-1294.039795,-0.000285,0.002151,0.054643,148.083420,7.543729,0.546433,-1294.039795,0.053491,0.000000
112.400002,33.250626,-1294.039795,-0.000272,0.002151,0.054643,147.906174,7.534699,0.546433,-1294.039795,0.053473,0.000000
112.410004,33.211525,-1294.084351,-0.000293,0.002151,0.054643,147.732239,7.525839,0.546433,-1294.084351,0.053456,0.000000
112.420006,33.184341,-1294.039795,-0.000280,0.002151,0.054643,147.611328,7.519679,0.546433,-1294.039795,0.053438,0.000000
112.430008,33.157906,-1294.084351,-0.000297,0.002151,0.054636,147.493729,7.513689,0.546357,-1294.084351,0.053422,0.000000
112.440002,33.145248,-1294.039795,-0.000285,0.002151,0.054627,147.437424,7.510821,0.546266,-1294.039795,0.053403,0.000000
112.450005,33.113968,-1294.039795,-0.000280,0.002150,0.054618,147.298279,7.503732,0.546175,-1294.039795,0.053387,0.000000
112.460007,33.069283,-1294.084351,-0.000289,0.002150,0.054618,147.099518,7.493607,0.546175,-1294.084351,0.053369,0.000000
112.470009,33.039116,-1293.995361,-0.000285,0.002150,0.054618,146.965332,7.486771,0.546175,-1293.995361,0.053352,0.000000
112.480003,33.016777,-1294.084351,-0.000285,0.002150,0.054608,146.865967,7.481709,0.546085,-1294.084351,0.053343,0.000000
112.490005,32.996300,-1293.995361,-0.000280,0.002150,0.054601,146.774872,7.477068,0.546009,-1293.995361,0.053326,0.000000
112.500008,32.969856,-1294.039795,-0.000285,0.002148,0.054566,146.657242,7.471076,0.545661,-1294.039795,0.053308,0.000000
112.510002,32.902084,-1293.995361,-0.000280,0.002147,0.054540,146.355774,7.455719,0.545403,-1293.995361,0.053291,0.000000
112.520004,32.821655,-1294.039795,-0.000280,0.002147,0.054540,145.998016,7.437493,0.545403,-1294.039795,0.053273,0.000000
112.530006,32.763191,-1294.084351,-0.000285,0.002147,0.054531,145.737961,7.424245,0.545313,-1294.084351,0.053257,0.000000
112.540009,32.720367,-1293.995361,-0.000285,0.002147,0.054531,145.547470,7.414541,0.545313,-1293.995361,0.053238,0.000000
112.550003,32.689087,-1294.039795,-0.000280,0.002147,0.054531,145.408325,7.407453,0.545313,-1294.039795,0.053222,0.000000
112.560005,32.674568,-1294.084351,-0.000285,0.002147,0.054531,145.343735,7.404163,0.545313,-1294.084351,0.053204,0.000000
112.570007,32.673080,-1294.039795,-0.000293,0.002147,0.054522,145.337128,7.403826,0.545222,-1294.039795,0.053187,0.000000
112.580002,32.650734,-1294.039795,-0.000293,0.002146,0.054496,145.237717,7.398762,0.544964,-1294.039795,0.053170,0.000000
112.590004,32.603447,-1294.084351,-0.000297,0.002145,0.054480,145.027374,7.388046,0.544798,-1294.084351,0.053152,0.000000
112.600006,32.542000,-1294.039795,-0.000289,0.002143,0.054436,144.754044,7.374123,0.544359,-1294.039795,0.053135,0.000000
112.610008,32.453003,-1294.084351,-0.000289,0.002141,0.054384,144.358170,7.353956,0.543844,-1294.084351,0.053126,0.000000
112.620003,32.314484,-1293.995361,-0.000276,0.002140,0.054350,143.742004,7.322567,0.543496,-1293.995361,0.053108,0.000000
112.630005,32.157341,-1294.039795,-0.000289,0.002138,0.054297,143.042999,7.286958,0.542966,-1294.039795,0.053091,0.000000
112.640007,32.008766,-1294.039795,-0.000280,0.002136,0.054245,142.382111,7.253290,0.542451,-1294.039795,0.053075,0.000000
112.650009,31.842690,-1293.995361,-0.000285,0.002134,0.054210,141.643356,7.215657,0.542103,-1293.995361,0.053057,0.000000
112.660004,31.669533,-1294.084351,-0.000280,0.002133,0.054175,140.873123,7.176419,0.541755,-1294.084351,0.053040,0.000000
112.670006,31.523193,-1293.995361,-0.000293,0.002132,0.054150,140.222168,7.143258,0.541497,-1293.995361,0.053022,0.000000
112.680008,31.390999,-1293.950806,-0.000289,0.002131,0.054132,139.634140,7.113302,0.541316,-1293.950806,0.053005,0.000000
112.690002,31.284126,-1294.084351,-0.000293,0.002131,0.054115,139.158737,7.089085,0.541149,-1294.084351,0.052987,0.000000
112.700005,31.205185,-1293.995361,-0.000289,0.002130,0.054106,138.807602,7.071196,0.541058,-1293.995361,0.052970,0.000000
112.710007,31.134804,-1294.039795,-0.000289,0.002129,0.054089,138.494522,7.055247,0.540892,-1294.039795,0.052952,0.000000
112.720009,31.063683,-1294.039795,-0.000293,0.002128,0.054063,138.178162,7.039131,0.540634,-1294.039795,0.052936,0.000000
112.730003,30.983994,-1294.039795,-0.000285,0.002127,0.054036,137.823685,7.021073,0.540362,-1294.039795,0.052917,0.000000
112.740005,30.893883,-1293.995361,-0.000297,0.002126,0.054010,137.422852,7.000654,0.540105,-1293.995361,0.052910,0.000000
112.750008,30.778816,-1294.039795,-0.000280,0.002125,0.053985,136.911011,6.974579,0.539847,-1294.039795,0.052892,0.000000
112.760002,30.681999,-1294.084351,-0.000293,0.002124,0.053950,136.480347,6.952641,0.539499,-1294.084351,0.052875,0.000000
112.770004,30.544220,-1294.039795,-0.000297,0.002123,0.053915,135.867477,6.921420,0.539151,-1294.039795,0.052857,0.000000
112.780006,30.413521,-1294.084351,-0.000289,0.002121,0.053864,135.286102,6.891802,0.538636,-1294.084351,0.052840,0.000000
112.790009,30.256004,-1294.039795,-0.000297,0.002120,0.053855,134.585434,6.856108,0.538545,-1294.039795,0.052822,0.000000
112.800003,30.127167,-1293.950806,-0.000297,0.002120,0.053845,134.012329,6.826913,0.538454,-1293.950806,0.052805,0.000000
112.810005,30.037056,-1294.084351,-0.000306,0.002120,0.053838,133.611496,6.806494,0.538379,-1294.084351,0.052789,0.000000
112.820007,29.980827,-1293.995361,-0.000293,0.002120,0.053838,133.361374,6.793753,0.538379,-1293.995361,0.052771,0.000000
112.830002,29.949547,-1294.039795,-0.000297,0.002120,0.053838,133.222244,6.786664,0.538379,-1294.039795,0.052754,0.000000
112.840004,29.935394,-1293.995361,-0.000302,0.002120,0.053838,133.159286,6.783457,0.538379,-1293.995361,0.052736,0.000000
112.850006,29.911934,-1294.039795,-0.000297,0.002119,0.053820,133.054932,6.778141,0.538197,-1294.039795,0.052719,0.000000
112.860008,29.869484,-1294.039795,-0.000289,0.002118,0.053803,132.866104,6.768522,0.538030,-1294.039795,0.052701,0.000000
112.870003,29.810280,-1293.995361,-0.000285,0.002118,0.053794,132.602753,6.755106,0.537940,-1293.995361,0.052693,0.000000
112.880005,29.770805,-1294.039795,-0.000285,0.002117,0.053777,132.427155,6.746161,0.537773,-1294.039795,0.052675,0.000000
112.890007,29.713089,-1294.039795,-0.000289,0.002117,0.053768,132.170425,6.733082,0.537682,-1294.039795,0.052658,0.000000
112.900009,29.668030,-1293.995361,-0.000293,0.002117,0.053768,131.969986,6.722872,0.537682,-1293.995361,0.052640,0.000000
112.910004,29.630791,-1294.084351,-0.000293,0.002117,0.053759,131.804337,6.714433,0.537591,-1294.084351,0.052624,0.000000
112.920006,29.618507,-1294.084351,-0.000297,0.002117,0.053759,131.749695,6.711650,0.537591,-1294.084351,0.052605,0.000000
112.930008,29.593185,-1294.084351,-0.000280,0.002117,0.053759,131.637070,6.705912,0.537591,-1294.084351,0.052589,0.000000
112.940002,29.568611,-1294.039795,-0.000289,0.002116,0.053750,131.527756,6.700343,0.537501,-1294.039795,0.052571,0.000000
112.950005,29.539932,-1293.995361,-0.000280,0.002115,0.053724,131.400177,6.693844,0.537243,-1293.995361,0.052554,0.000000
112.960007,29.491898,-1294.039795,-0.000285,0.002114,0.053699,131.186508,6.682960,0.536986,-1294.039795,0.052536,0.000000
112.970009,29.430084,-1293.995361,-0.000289,0.002114,0.053689,130.911560,6.668952,0.536895,-1293.995361,0.052519,0.000000
112.980003,29.367523,-1293.995361,-0.000293,0.002114,0.053689,130.633270,6.654776,0.536895,-1293.995361,0.052501,0.000000
112.990005,29.331406,-1293.995361,-0.000293,0.002114,0.053689,130.472610,6.646591,0.536895,-1293.995361,0.052493,0.000000
113.000008,29.294167,-1294.039795,-0.000289,0.002113,0.053673,130.306961,6.638153,0.536728,-1294.039795,0.052475,0.000000
113.010002,29.261024,-1294.084351,-0.000297,0.002113,0.053664,130.159531,6.630643,0.536638,-1294.084351,0.052459,0.000000
113.020004,29.239433,-1293.995361,-0.000293,0.002112,0.053655,130.063492,6.625751,0.536547,-1293.995361,0.052440,0.000000
113.030006,29.194374,-1294.128784,-0.000285,0.002112,0.053638,129.863068,6.615540,0.536380,-1294.128784,0.052424,0.000000
113.040009,29.148941,-1293.995361,-0.000293,0.002111,0.053612,129.660965,6.605245,0.536123,-1293.995361,0.052406,0.000000
113.050003,29.087875,-1294.039795,-0.000289,0.002110,0.053594,129.389328,6.591407,0.535941,-1294.039795,0.052389,0.000000
113.060005,29.008934,-1294.084351,-0.000293,0.002109,0.053568,129.038177,6.573518,0.535684,-1294.084351,0.052372,0.000000
113.070007,28.937805,-1294.039795,-0.000293,0.002109,0.053568,128.721786,6.557401,0.535684,-1294.039795,0.052354,0.000000
113.080002,28.860725,-1294.084351,-0.000297,0.002109,0.053559,128.378922,6.539934,0.535593,-1294.084351,0.052338,0.000000
113.090004,28.814552,-1294.039795,-0.000285,0.002108,0.053534,128.173523,6.529471,0.535336,-1294.039795,0.052319,0.000000
113.100006,28.773224,-1294.039795,-0.000293,0.002106,0.053499,127.989693,6.520106,0.534987,-1294.039795,0.052303,0.000000
113.110008,28.683105,-1294.039795,-0.000293,0.002105,0.053464,127.588829,6.499684,0.534639,-1294.039795,0.052285,0.000000
113.120003,28.558365,-1293.995361,-0.000280,0.002103,0.053422,127.033951,6.471418,0.534215,-1293.995361,0.052277,0.000000
113.130005,28.408295,-1294.039795,-0.000285,0.002103,0.053412,126.366409,6.437411,0.534124,-1294.039795,0.052259,0.000000
113.140007,28.299934,-1293.995361,-0.000293,0.002102,0.053403,125.884392,6.412857,0.534034,-1293.995361,0.052242,0.000000
113.150009,28.238869,-1294.039795,-0.000297,0.002102,0.053396,125.612762,6.399019,0.533958,-1294.039795,0.052224,0.000000
113.160004,28.163643,-1294.084351,-0.000297,0.002102,0.053396,125.278137,6.381973,0.533958,-1294.084351,0.052207,0.000000
113.170006,28.121193,-1293.995361,-0.000289,0.002102,0.053387,125.089317,6.372354,0.533867,-1293.995361,0.052189,0.000000
113.180008,28.092896,-1294.039795,-0.000289,0.002101,0.053378,124.963440,6.365941,0.533776,-1294.039795,0.052173,0.000000
113.190002,28.072418,-1294.039795,-0.000302,0.002100,0.053352,124.872353,6.361301,0.533519,-1294.039795,0.052154,0.000000
113.200005,27.997566,-1294.084351,-0.000285,0.002099,0.053326,124.539398,6.344339,0.533261,-1294.084351,0.052138,0.000000
113.210007,27.913788,-1294.084351,-0.000297,0.002099,0.053317,124.166733,6.325355,0.533171,-1294.084351,0.052120,0.000000
113.220009,27.834839,-1293.950806,-0.000293,0.002098,0.053299,123.815544,6.307465,0.532989,-1293.950806,0.052103,0.000000
113.230003,27.777496,-1294.039795,-0.000310,0.002098,0.053282,123.560478,6.294470,0.532822,-1294.039795,0.052086,0.000000
113.240005,27.714935,-1293.950806,-0.000297,0.002097,0.053257,123.282188,6.280294,0.532565,-1293.950806,0.052068,0.000000
113.250008,27.634880,-1294.084351,-0.000293,0.002096,0.053231,122.926086,6.262153,0.532308,-1294.084351,0.052059,0.000000
113.260002,27.535080,-1294.039795,-0.000293,0.002095,0.053213,122.482155,6.239539,0.532126,-1294.039795,0.052042,0.000000
113.270004,27.437149,-1294.039795,-0.000285,0.002094,0.053196,122.046532,6.217347,0.531959,-1294.039795,0.052024,0.000000
113.280006,27.356346,-1294.039795,-0.000289,0.002093,0.053161,121.687103,6.199037,0.531611,-1294.039795,0.052007,0.000000
113.290009,27.258781,-1293.995361,-0.000293,0.002092,0.053143,121.253113,6.176928,0.531430,-1293.995361,0.051991,0.000000
113.300003,27.154892,-1293.995361,-0.000289,0.002092,0.053135,120.790993,6.153387,0.531354,-1293.995361,0.051973,0.000000
113.310005,27.080040,-1294.084351,-0.000306,0.002091,0.053117,120.458031,6.136425,0.531172,-1294.084351,0.051956,0.000000
113.320007,27.009666,-1293.995361,-0.000310,0.002090,0.053091,120.144997,6.120478,0.530915,-1293.995361,0.051938,0.000000
113.330002,26.938538,-1294.039795,-0.000289,0.002090,0.053075,119.828598,6.104360,0.530748,-1294.039795,0.051921,0.000000
113.340004,26.839493,-1293.995361,-0.000297,0.002088,0.053048,119.388023,6.081916,0.530476,-1293.995361,0.051903,0.000000
113.350006,26.748634,-1293.995361,-0.000310,0.002087,0.053022,118.983871,6.061327,0.530218,-1293.995361,0.051886,0.000000
113.360008,26.635429,-1294.039795,-0.000285,0.002087,0.053013,118.480309,6.035675,0.530128,-1294.039795,0.051868,0.000000
113.370003,26.536003,-1293.995361,-0.000289,0.002086,0.052996,118.038040,6.013144,0.529961,-1293.995361,0.051852,0.000000
113.380005,26.484245,-1294.039795,-0.000289,0.002086,0.052987,117.807808,6.001416,0.529870,-1294.039795,0.051842,0.000000
113.390007,26.418335,-1294.039795,-0.000293,0.002085,0.052970,117.514626,5.986480,0.529704,-1294.039795,0.051826,0.000000
113.400009,26.363968,-1293.995361,-0.000285,0.002085,0.052961,117.272789,5.974161,0.529613,-1293.995361,0.051808,0.000000
113.410004,26.312210,-1294.084351,-0.000297,0.002084,0.052936,117.042557,5.962432,0.529355,-1294.084351,0.051791,0.000000
113.420006,26.244064,-1293.995361,-0.000306,0.002083,0.052910,116.739426,5.946990,0.529098,-1293.995361,0.051773,0.000000
113.430008,26.137939,-1294.039795,-0.000297,0.002082,0.052875,116.267365,5.922942,0.528750,-1294.039795,0.051756,0.000000
113.440002,26.009468,-1293.995361,-0.000297,0.002081,0.052866,115.695892,5.893830,0.528659,-1293.995361,0.051738,0.000000
113.450005,25.911163,-1294.039795,-0.000297,0.002081,0.052857,115.258614,5.871553,0.528568,-1294.039795,0.051721,0.000000
113.460007,25.859032,-1293.995361,-0.000306,0.002081,0.052849,115.026718,5.859740,0.528492,-1293.995361,0.051705,0.000000
113.470009,25.828873,-1293.995361,-0.000297,0.002081,0.052849,114.892563,5.852906,0.528492,-1293.995361,0.051687,0.000000
113.480003,25.773384,-1294.039795,-0.000293,0.002080,0.052831,114.645737,5.840332,0.528311,-1294.039795,0.051670,0.000000
113.490005,25.739502,-1294.084351,-0.000297,0.002080,0.052822,114.495026,5.832654,0.528220,-1294.084351,0.051652,0.000000
113.500008,25.701149,-1294.039795,-0.000306,0.002079,0.052814,114.324417,5.823964,0.528144,-1294.039795,0.051635,0.000000
113.510002,25.656464,-1294.039795,-0.000302,0.002078,0.052789,114.125648,5.813838,0.527887,-1294.039795,0.051626,0.000000
113.520004,25.590179,-1294.039795,-0.000310,0.002077,0.052754,113.830803,5.798817,0.527539,-1294.039795,0.051608,0.000000
113.530006,25.493362,-1294.039795,-0.000297,0.002076,0.052736,113.400139,5.776878,0.527357,-1294.039795,0.051591,0.000000
113.540009,25.379044,-1294.084351,-0.000297,0.002076,0.052719,112.891624,5.750974,0.527190,-1294.084351,0.051574,0.000000
113.550003,25.306061,-1294.039795,-0.000297,0.002075,0.052701,112.566978,5.734436,0.527009,-1294.039795,0.051556,0.000000
113.560005,25.221535,-1294.039795,-0.000302,0.002074,0.052684,112.190987,5.715281,0.526842,-1294.039795,0.051540,0.000000
113.570007,25.168655,-1293.995361,-0.000293,0.002074,0.052675,111.955772,5.703299,0.526751,-1293.995361,0.051522,0.000000
113.580002,25.103119,-1294.084351,-0.000293,0.002073,0.052649,111.664253,5.688448,0.526494,-1294.084351,0.051505,0.000000
113.590004,25.034973,-1293.995361,-0.000306,0.002072,0.052640,111.361122,5.673006,0.526403,-1293.995361,0.051487,0.000000
113.600006,24.984329,-1294.039795,-0.000293,0.002072,0.052640,111.135849,5.661530,0.526403,-1294.039795,0.051470,0.000000
113.610008,24.932198,-1294.084351,-0.000306,0.002072,0.052631,110.903954,5.649717,0.526312,-1294.084351,0.051452,0.000000
113.620003,24.870758,-1294.039795,-0.000310,0.002071,0.052605,110.630653,5.635795,0.526055,-1294.039795,0.051435,0.000000
113.630005,24.822723,-1294.039795,-0.000302,0.002070,0.052571,110.416985,5.624909,0.525707,-1294.039795,0.051426,0.000000
113.640007,24.736702,-1294.084351,-0.000302,0.002069,0.052563,110.034348,5.605417,0.525631,-1294.084351,0.051409,0.000000
113.650009,24.636909,-1293.950806,-0.000293,0.002069,0.052563,109.590446,5.582803,0.525631,-1293.950806,0.051391,0.000000
113.660004,24.580307,-1294.039795,-0.000302,0.002069,0.052563,109.338669,5.569977,0.525631,-1294.039795,0.051375,0.000000
113.670006,24.549400,-1293.995361,-0.000297,0.002069,0.052554,109.201187,5.562974,0.525540,-1293.995361,0.051356,0.000000
113.680008,24.531898,-1294.084351,-0.000297,0.002068,0.052536,109.123337,5.559008,0.525359,-1294.084351,0.051340,0.000000
113.690002,24.487587,-1293.995361,-0.000297,0.002068,0.052519,108.926224,5.548967,0.525192,-1293.995361,0.051322,0.000000
113.700005,24.432846,-1293.995361,-0.000297,0.002066,0.052484,108.682724,5.536562,0.524844,-1293.995361,0.051305,0.000000
113.710007,24.342735,-1294.084351,-0.000297,0.002065,0.052440,108.281891,5.516143,0.524405,-1294.084351,0.051288,0.000000
113.720009,24.217613,-1294.039795,-0.000297,0.002063,0.052406,107.725327,5.487790,0.524057,-1294.039795,0.051270,0.000000
113.730003,24.078346,-1294.039795,-0.000310,0.002061,0.052354,107.105835,5.456231,0.523542,-1294.039795,0.051254,0.000000
113.740005,23.925301,-1294.084351,-0.000302,0.002060,0.052319,106.425049,5.421551,0.523194,-1294.084351,0.051235,0.000000
113.750008,23.736137,-1294.039795,-0.000293,0.002060,0.052319,105.583611,5.378685,0.523194,-1294.039795,0.051219,0.000000
113.760002,23.619209,-1294.084351,-0.000310,0.002059,0.052303,105.063492,5.352190,0.523027,-1294.084351,0.051210,0.000000
113.770004,23.565216,-1294.084351,-0.000315,0.002059,0.052294,104.823318,5.339954,0.522936,-1294.084351,0.051193,0.000000
113.780006,23.515320,-1293.995361,-0.000297,0.002058,0.052285,104.601364,5.328648,0.522845,-1293.995361,0.051175,0.000000
113.790009,23.449409,-1293.995361,-0.000323,0.002058,0.052285,104.308182,5.313712,0.522845,-1293.995361,0.051158,0.000000
113.800003,23.401375,-1294.039795,-0.000293,0.002058,0.052277,104.094513,5.302827,0.522770,-1294.039795,0.051140,0.000000
113.810005,23.364510,-1294.084351,-0.000302,0.002057,0.052250,103.930527,5.294474,0.522497,-1294.084351,0.051123,0.000000
113.820007,23.316101,-1293.950806,-0.000306,0.002056,0.052233,103.715195,5.283504,0.522331,-1293.950806,0.051105,0.000000
113.830002,23.250191,-1294.084351,-0.000315,0.002056,0.052215,103.422012,5.268569,0.522149,-1294.084351,0.051089,0.000000
113.840004,23.176460,-1294.039795,-0.000310,0.002055,0.052198,103.094048,5.251861,0.521982,-1294.039795,0.051070,0.000000
113.850006,23.101242,-1294.084351,-0.000310,0.002055,0.052189,102.759460,5.234817,0.521892,-1294.084351,0.051054,0.000000
113.860008,23.043900,-1294.039795,-0.000297,0.002054,0.052163,102.504387,5.221822,0.521634,-1294.039795,0.051036,0.000000
113.870003,22.973892,-1294.039795,-0.000306,0.002053,0.052147,102.192978,5.205958,0.521468,-1294.039795,0.051019,0.000000
113.880005,22.876328,-1294.084351,-0.000297,0.002052,0.052120,101.758987,5.183850,0.521195,-1294.084351,0.051002,0.000000
113.890007,22.770950,-1294.039795,-0.000306,0.002051,0.052094,101.290245,5.159971,0.520938,-1294.039795,0.050993,0.000000
113.900009,22.670410,-1294.039795,-0.000306,0.002049,0.052051,100.843018,5.137188,0.520514,-1294.039795,0.050975,0.000000
113.910004,22.534866,-1294.039795,-0.000297,0.002047,0.051982,100.240089,5.106473,0.519817,-1294.039795,0.050958,0.000000
113.920006,22.333412,-1294.084351,-0.000302,0.002044,0.051929,99.343979,5.060823,0.519288,-1294.084351,0.050940,0.000000
113.930008,22.090622,-1294.039795,-0.000302,0.002042,0.051877,98.263992,5.005807,0.518773,-1294.039795,0.050923,0.000000
113.940002,21.874649,-1294.039795,-0.000315,0.002041,0.051842,97.303299,4.956866,0.518425,-1294.039795,0.050907,0.000000
113.950005,21.695168,-1293.995361,-0.000297,0.002040,0.051817,96.504929,4.916195,0.518167,-1293.995361,0.050889,0.000000
113.960007,21.542122,-1294.039795,-0.000310,0.002039,0.051800,95.824142,4.881515,0.518001,-1294.039795,0.050872,0.000000
113.970009,21.431900,-1294.039795,-0.000315,0.002039,0.051782,95.333855,4.856538,0.517819,-1294.039795,0.050854,0.000000
113.980003,21.328751,-1294.039795,-0.000315,0.002038,0.051773,94.875023,4.833164,0.517728,-1294.039795,0.050837,0.000000
113.990005,21.256134,-1293.995361,-0.000306,0.002038,0.051773,94.552010,4.816709,0.517728,-1293.995361,0.050819,0.000000
114.000008,21.211823,-1293.995361,-0.000306,0.002038,0.051773,94.354897,4.806668,0.517728,-1293.995361,0.050802,0.000000
114.010002,21.171608,-1294.084351,-0.000319,0.002038,0.051765,94.176018,4.797554,0.517653,-1294.084351,0.050784,0.000000
114.020004,21.136604,-1293.995361,-0.000306,0.002038,0.051756,94.020309,4.789623,0.517562,-1293.995361,0.050777,0.000000
114.030006,21.087822,-1294.039795,-0.000306,0.002037,0.051747,93.803314,4.778569,0.517471,-1294.039795,0.050758,0.000000
114.040009,21.052452,-1294.039795,-0.000315,0.002037,0.051738,93.645981,4.770554,0.517380,-1294.039795,0.050742,0.000000
114.050003,21.017448,-1293.995361,-0.000306,0.002037,0.051738,93.490280,4.762622,0.517380,-1293.995361,0.050724,0.000000
114.060005,20.987282,-1294.039795,-0.000319,0.002036,0.051721,93.356094,4.755786,0.517213,-1294.039795,0.050707,0.000000
114.070007,20.949677,-1294.039795,-0.000302,0.002036,0.051712,93.188812,4.747264,0.517123,-1294.039795,0.050689,0.000000
114.080002,20.898285,-1294.039795,-0.000306,0.002036,0.051705,92.960213,4.735619,0.517047,-1294.039795,0.050672,0.000000
114.090004,20.871475,-1293.995361,-0.000302,0.002035,0.051696,92.840958,4.729544,0.516956,-1293.995361,0.050654,0.000000
114.100006,20.821579,-1293.950806,-0.000315,0.002035,0.051677,92.619011,4.718237,0.516774,-1293.950806,0.050637,0.000000
114.110008,20.775406,-1293.995361,-0.000306,0.002034,0.051670,92.413620,4.707774,0.516699,-1293.995361,0.050619,0.000000
114.120003,20.721039,-1293.995361,-0.000310,0.002034,0.051652,92.171783,4.695454,0.516517,-1293.995361,0.050603,0.000000
114.130005,20.684174,-1294.084351,-0.000306,0.002033,0.051643,92.007797,4.687101,0.516426,-1294.084351,0.050586,0.000000
114.140007,20.643211,-1294.039795,-0.000315,0.002033,0.051626,91.825592,4.677819,0.516260,-1294.039795,0.050568,0.000000
114.150009,20.588470,-1293.995361,-0.000293,0.002032,0.051608,91.582092,4.665414,0.516078,-1293.995361,0.050559,0.000000
114.160004,20.518097,-1293.950806,-0.000306,0.002031,0.051582,91.269051,4.649467,0.515821,-1293.950806,0.050542,0.000000
114.170006,20.442505,-1293.995361,-0.000310,0.002030,0.051565,90.932800,4.632338,0.515654,-1293.995361,0.050524,0.000000
114.180008,20.368027,-1294.039795,-0.000310,0.002030,0.051556,90.601509,4.615461,0.515563,-1294.039795,0.050507,0.000000
114.190002,20.321480,-1294.039795,-0.000319,0.002029,0.051547,90.394455,4.604913,0.515472,-1294.039795,0.050490,0.000000
114.200005,20.264137,-1293.950806,-0.000302,0.002029,0.051531,90.139381,4.591919,0.515306,-1293.950806,0.050472,0.000000
114.210007,20.213493,-1294.084351,-0.000297,0.002028,0.051512,89.914108,4.580443,0.515124,-1294.084351,0.050456,0.000000
114.220009,20.156525,-1293.995361,-0.000315,0.002027,0.051496,89.660698,4.567533,0.514958,-1293.995361,0.050438,0.000000
114.230003,20.093590,-1294.039795,-0.000319,0.002027,0.051487,89.380753,4.553272,0.514867,-1294.039795,0.050421,0.000000
114.240005,20.037361,-1293.995361,-0.000306,0.002026,0.051470,89.130630,4.540531,0.514700,-1293.995361,0.050403,0.000000
114.250008,19.961029,-1294.039795,-0.000315,0.002026,0.051452,88.791092,4.523233,0.514519,-1294.039795,0.050386,0.000000
114.260002,19.893997,-1294.084351,-0.000332,0.002025,0.051435,88.492920,4.508044,0.514352,-1294.084351,0.050368,0.000000
114.270004,19.832184,-1293.995361,-0.000315,0.002025,0.051426,88.217957,4.494037,0.514261,-1293.995361,0.050360,0.000000
114.280006,19.784149,-1294.084351,-0.000310,0.002025,0.051426,88.004288,4.483152,0.514261,-1294.084351,0.050342,0.000000
114.290009,19.743561,-1293.995361,-0.000310,0.002024,0.051417,87.823746,4.473955,0.514170,-1293.995361,0.050325,0.000000
114.300003,19.713768,-1293.995361,-0.000306,0.002024,0.051409,87.691223,4.467204,0.514095,-1293.995361,0.050307,0.000000
114.310005,19.669830,-1294.039795,-0.000315,0.002023,0.051391,87.495773,4.457247,0.513913,-1294.039795,0.050291,0.000000
114.320007,19.619934,-1293.950806,-0.000310,0.002023,0.051384,87.273827,4.445940,0.513837,-1293.950806,0.050272,0.000000
114.330002,19.572266,-1294.039795,-0.000310,0.002022,0.051366,87.061783,4.435139,0.513656,-1294.039795,0.050256,0.000000
114.340004,19.514549,-1293.995361,-0.000315,0.002022,0.051366,86.805054,4.422060,0.513656,-1293.995361,0.050238,0.000000
114.350006,19.475449,-1293.995361,-0.000315,0.002022,0.051356,86.631119,4.413200,0.513565,-1293.995361,0.050221,0.000000
114.360008,19.440819,-1294.039795,-0.000319,0.002022,0.051349,86.477081,4.405352,0.513489,-1294.039795,0.050204,0.000000
114.370003,19.416245,-1294.084351,-0.000310,0.002021,0.051340,86.367767,4.399784,0.513398,-1294.084351,0.050186,0.000000
114.380005,19.379379,-1294.039795,-0.000319,0.002021,0.051340,86.203781,4.391430,0.513398,-1294.039795,0.050170,0.000000
114.390007,19.341774,-1294.039795,-0.000310,0.002021,0.051331,86.036507,4.382909,0.513307,-1294.039795,0.050151,0.000000
114.400009,19.318680,-1293.995361,-0.000315,0.002021,0.051322,85.933777,4.377676,0.513217,-1293.995361,0.050142,0.000000
114.410004,19.293365,-1294.084351,-0.000315,0.002020,0.051314,85.821175,4.371939,0.513141,-1294.084351,0.050126,0.000000
114.420006,19.274368,-1294.039795,-0.000306,0.002020,0.051314,85.736671,4.367634,0.513141,-1294.039795,0.050109,0.000000
114.430008,19.228569,-1294.039795,-0.000315,0.002020,0.051305,85.532944,4.357256,0.513050,-1294.039795,0.050091,0.000000
114.440002,19.195801,-1294.084351,-0.000319,0.002019,0.051279,85.387184,4.349831,0.512793,-1294.084351,0.050074,0.000000
114.450005,19.157822,-1294.039795,-0.000310,0.002018,0.051254,85.218246,4.341225,0.512535,-1294.039795,0.050056,0.000000
114.460007,19.084831,-1294.039795,-0.000315,0.002017,0.051244,84.893570,4.324685,0.512444,-1294.039795,0.050039,0.000000
114.470009,19.018921,-1293.995361,-0.000310,0.002017,0.051244,84.600388,4.309749,0.512444,-1293.995361,0.050021,0.000000
114.480003,18.975357,-1294.039795,-0.000306,0.002017,0.051226,84.406601,4.299878,0.512263,-1294.039795,0.050005,0.000000
114.490005,18.942589,-1293.995361,-0.000315,0.002017,0.051226,84.260841,4.292452,0.512263,-1293.995361,0.049986,0.000000
114.500008,18.909073,-1294.039795,-0.000306,0.002016,0.051219,84.111755,4.284857,0.512187,-1294.039795,0.049970,0.000000
114.510002,18.864014,-1294.084351,-0.000315,0.002015,0.051175,83.911324,4.274647,0.511748,-1294.084351,0.049952,0.000000
114.520004,18.794014,-1293.995361,-0.000315,0.002013,0.051140,83.599953,4.258784,0.511400,-1293.995361,0.049935,0.000000
114.530006,18.681557,-1294.084351,-0.000315,0.002012,0.051114,83.099716,4.233301,0.511142,-1294.084351,0.049926,0.000000
114.540009,18.574310,-1294.039795,-0.000306,0.002011,0.051089,82.622658,4.208999,0.510885,-1294.039795,0.049909,0.000000
114.550003,18.474144,-1293.995361,-0.000310,0.002009,0.051028,82.177094,4.186301,0.510280,-1293.995361,0.049891,0.000000
114.560005,18.314026,-1293.995361,-0.000319,0.002006,0.050940,81.464859,4.150017,0.509401,-1293.995361,0.049874,0.000000
114.570007,18.013145,-1293.995361,-0.000302,0.002002,0.050845,80.126472,4.081837,0.508448,-1293.995361,0.049856,0.000000
114.580002,17.645988,-1294.039795,-0.000319,0.001998,0.050749,78.493279,3.998638,0.507494,-1294.039795,0.049839,0.000000
114.590004,17.280319,-1293.950806,-0.000323,0.001995,0.050681,76.866699,3.915776,0.506813,-1293.950806,0.049821,0.000000
114.600006,16.916512,-1294.039795,-0.000310,0.001994,0.050654,75.248398,3.833336,0.506540,-1294.039795,0.049805,0.000000
114.610008,16.673347,-1294.084351,-0.000323,0.001994,0.050637,74.166756,3.778234,0.506374,-1294.084351,0.049788,0.000000
114.620003,16.533707,-1294.039795,-0.000319,0.001993,0.050628,73.545601,3.746591,0.506283,-1294.039795,0.049770,0.000000
114.630005,16.448067,-1294.039795,-0.000315,0.001993,0.050612,73.164658,3.727185,0.506116,-1294.039795,0.049753,0.000000
114.640007,16.365395,-1293.995361,-0.000319,0.001992,0.050603,72.796913,3.708452,0.506025,-1293.995361,0.049735,0.000000
114.650009,16.295395,-1294.084351,-0.000315,0.001992,0.050593,72.485535,3.692589,0.505934,-1294.084351,0.049718,0.000000
114.660004,16.226501,-1294.084351,-0.000310,0.001992,0.050586,72.179085,3.676978,0.505859,-1294.084351,0.049709,0.000000
114.670006,16.175484,-1293.906372,-0.000315,0.001991,0.050577,71.952148,3.665417,0.505768,-1293.906372,0.049693,0.000000
114.680008,16.139366,-1294.039795,-0.000315,0.001990,0.050559,71.791489,3.657233,0.505586,-1294.039795,0.049674,0.000000
114.690002,16.088722,-1294.039795,-0.000319,0.001990,0.050542,71.566208,3.645756,0.505420,-1294.039795,0.049658,0.000000
114.700005,16.029892,-1294.039795,-0.000319,0.001989,0.050533,71.304520,3.632426,0.505329,-1294.039795,0.049640,0.000000
114.710007,15.957275,-1294.039795,-0.000319,0.001989,0.050516,70.981506,3.615970,0.505162,-1294.039795,0.049623,0.000000
114.720009,15.910728,-1293.995361,-0.000319,0.001988,0.050507,70.774452,3.605422,0.505072,-1293.995361,0.049605,0.000000
114.730003,15.856735,-1294.039795,-0.000328,0.001988,0.050498,70.534279,3.593188,0.504981,-1294.039795,0.049588,0.000000
114.740005,15.795670,-1294.084351,-0.000323,0.001988,0.050490,70.262650,3.579350,0.504905,-1294.084351,0.049570,0.000000
114.750008,15.750610,-1293.995361,-0.000323,0.001987,0.050472,70.062218,3.569139,0.504723,-1293.995361,0.049553,0.000000
114.760002,15.702950,-1294.084351,-0.000341,0.001986,0.050456,69.850204,3.558339,0.504557,-1294.084351,0.049535,0.000000
114.770004,15.642624,-1293.950806,-0.000302,0.001986,0.050438,69.581863,3.544669,0.504375,-1293.950806,0.049519,0.000000
114.780006,15.585274,-1294.128784,-0.000310,0.001985,0.050428,69.326759,3.531673,0.504284,-1294.128784,0.049502,0.000000
114.790009,15.520111,-1294.039795,-0.000328,0.001985,0.050421,69.036903,3.516907,0.504209,-1294.039795,0.049493,0.000000
114.800003,15.460907,-1294.084351,-0.000315,0.001984,0.050403,68.773552,3.503492,0.504027,-1294.084351,0.049475,0.000000
114.810005,15.415848,-1294.039795,-0.000315,0.001984,0.050395,68.573112,3.493281,0.503951,-1294.039795,0.049458,0.000000
114.820007,15.379356,-1293.950806,-0.000310,0.001984,0.050386,68.410797,3.485012,0.503860,-1293.950806,0.049440,0.000000
114.830002,15.339142,-1294.039795,-0.000319,0.001984,0.050386,68.231911,3.475899,0.503860,-1294.039795,0.049423,0.000000
114.840004,15.301529,-1294.039795,-0.000323,0.001984,0.050386,68.064598,3.467376,0.503860,-1294.039795,0.049407,0.000000
114.850006,15.276207,-1294.084351,-0.000315,0.001984,0.050386,67.951965,3.461638,0.503860,-1294.084351,0.049388,0.000000
114.860008,15.253494,-1294.128784,-0.000323,0.001984,0.050386,67.850929,3.456491,0.503860,-1294.128784,0.049372,0.000000
114.870003,15.239716,-1294.084351,-0.000319,0.001983,0.050377,67.789642,3.453369,0.503770,-1294.084351,0.049354,0.000000
114.880005,15.208061,-1294.084351,-0.000315,0.001983,0.050377,67.648834,3.446196,0.503770,-1294.084351,0.049337,0.000000
114.890007,15.208435,-1293.995361,-0.000319,0.001983,0.050368,67.650497,3.446281,0.503679,-1293.995361,0.049319,0.000000
114.900009,15.189445,-1293.950806,-0.000328,0.001983,0.050368,67.566025,3.441978,0.503679,-1293.950806,0.049302,0.000000
114.910004,15.177155,-1294.084351,-0.000336,0.001982,0.050351,67.511353,3.439192,0.503512,-1294.084351,0.049284,0.000000
114.920006,15.154068,-1293.995361,-0.000319,0.001982,0.050351,67.408661,3.433961,0.503512,-1293.995361,0.049276,0.000000
114.930008,15.126144,-1294.039795,-0.000310,0.001982,0.050342,67.284454,3.427633,0.503421,-1294.039795,0.049258,0.000000
114.940002,15.098213,-1293.995361,-0.000319,0.001981,0.050325,67.160210,3.421304,0.503255,-1293.995361,0.049241,0.000000
114.950005,15.080711,-1294.039795,-0.000323,0.001981,0.050307,67.082352,3.417338,0.503073,-1294.039795,0.049223,0.000000
114.960007,15.033424,-1294.039795,-0.000328,0.001980,0.050291,66.872009,3.406623,0.502907,-1294.039795,0.049207,0.000000
114.970009,14.971977,-1293.950806,-0.000310,0.001980,0.050291,66.598679,3.392699,0.502907,-1293.950806,0.049188,0.000000
114.980003,14.934746,-1293.995361,-0.000306,0.001980,0.050282,66.433067,3.384262,0.502816,-1293.995361,0.049172,0.000000
114.990005,14.899368,-1294.039795,-0.000328,0.001979,0.050272,66.275703,3.376245,0.502725,-1294.039795,0.049154,0.000000
115.000008,14.869202,-1293.995361,-0.000319,0.001979,0.050256,66.141510,3.369409,0.502558,-1293.995361,0.049137,0.000000
115.010002,14.831223,-1294.084351,-0.000332,0.001978,0.050238,65.972572,3.360803,0.502377,-1294.084351,0.049119,0.000000
115.020004,14.783188,-1294.039795,-0.000332,0.001978,0.050230,65.758904,3.349918,0.502301,-1294.039795,0.049102,0.000000
115.030006,14.722115,-1294.084351,-0.000328,0.001977,0.050212,65.487236,3.336079,0.502119,-1294.084351,0.049086,0.000000
115.040009,14.674080,-1294.039795,-0.000323,0.001976,0.050195,65.273567,3.325194,0.501953,-1294.039795,0.049076,0.000000
115.050003,14.598488,-1294.084351,-0.000328,0.001975,0.050170,64.937317,3.308065,0.501695,-1294.084351,0.049058,0.000000
115.060005,14.523643,-1294.039795,-0.000336,0.001974,0.050151,64.604393,3.291105,0.501514,-1294.039795,0.049042,0.000000
115.070007,14.456619,-1293.950806,-0.000323,0.001973,0.050126,64.306252,3.275917,0.501256,-1293.950806,0.049023,0.000000
115.080002,14.373207,-1294.084351,-0.000323,0.001973,0.050109,63.935219,3.257015,0.501090,-1294.084351,0.049007,0.000000
115.090004,14.278992,-1294.039795,-0.000323,0.001971,0.050074,63.516129,3.235666,0.500742,-1294.039795,0.048990,0.000000
115.100006,14.175102,-1293.995361,-0.000323,0.001970,0.050047,63.054005,3.212124,0.500469,-1293.995361,0.048972,0.000000
115.110008,14.063766,-1294.039795,-0.000341,0.001969,0.050021,62.558758,3.186895,0.500212,-1294.039795,0.048955,0.000000
115.120003,13.956520,-1294.039795,-0.000323,0.001968,0.049995,62.081703,3.162593,0.499954,-1294.039795,0.048937,0.000000
115.130005,13.835129,-1294.039795,-0.000332,0.001968,0.049986,61.541725,3.135085,0.499864,-1294.039795,0.048921,0.000000
115.140007,13.746872,-1294.039795,-0.000341,0.001968,0.049979,61.149139,3.115086,0.499788,-1294.039795,0.048902,0.000000
115.150009,13.695862,-1293.995361,-0.000319,0.001967,0.049970,60.922237,3.103527,0.499697,-1293.995361,0.048886,0.000000
115.160004,13.637772,-1294.039795,-0.000336,0.001967,0.049952,60.663837,3.090363,0.499515,-1294.039795,0.048868,0.000000
115.170006,13.587868,-1293.995361,-0.000328,0.001966,0.049935,60.441853,3.079055,0.499349,-1293.995361,0.048860,0.000000
115.180008,13.517120,-1293.995361,-0.000315,0.001965,0.049900,60.127155,3.063023,0.499001,-1293.995361,0.048842,0.000000
115.190002,13.428497,-1294.039795,-0.000328,0.001964,0.049874,59.732941,3.042941,0.498743,-1294.039795,0.048825,0.000000
115.200005,13.303375,-1294.039795,-0.000310,0.001962,0.049839,59.176369,3.014588,0.498395,-1294.039795,0.048807,0.000000
115.210007,13.183105,-1293.995361,-0.000336,0.001960,0.049796,58.641380,2.987334,0.497956,-1293.995361,0.048790,0.000000
115.220009,13.046066,-1293.995361,-0.000310,0.001959,0.049770,58.031799,2.956281,0.497699,-1293.995361,0.048772,0.000000
115.230003,12.903076,-1294.084351,-0.000323,0.001959,0.049761,57.395748,2.923879,0.497608,-1294.084351,0.048756,0.000000
115.240005,12.810730,-1294.039795,-0.000323,0.001959,0.049761,56.984974,2.902953,0.497608,-1294.039795,0.048737,0.000000
115.250008,12.756737,-1294.039795,-0.000336,0.001959,0.049761,56.744801,2.890718,0.497608,-1294.039795,0.048721,0.000000
115.260002,12.715775,-1294.084351,-0.000328,0.001958,0.049744,56.562592,2.881436,0.497441,-1294.084351,0.048704,0.000000
115.270004,12.666992,-1293.950806,-0.000345,0.001957,0.049718,56.345596,2.870381,0.497184,-1293.950806,0.048686,0.000000
115.280006,12.593262,-1294.084351,-0.000332,0.001957,0.049700,56.017628,2.853674,0.497002,-1294.084351,0.048669,0.000000
115.290009,12.519531,-1294.039795,-0.000332,0.001956,0.049684,55.689655,2.836966,0.496836,-1294.039795,0.048651,0.000000
115.300003,12.457352,-1294.039795,-0.000323,0.001955,0.049665,55.413067,2.822876,0.496654,-1294.039795,0.048642,0.000000
115.310005,12.376915,-1293.995361,-0.000336,0.001954,0.049640,55.055267,2.804649,0.496397,-1293.995361,0.048625,0.000000
115.320007,12.296112,-1294.084351,-0.000323,0.001954,0.049631,54.695839,2.786339,0.496306,-1294.084351,0.048609,0.000000
115.330002,12.221634,-1294.084351,-0.000332,0.001953,0.049614,54.364544,2.769462,0.496139,-1294.084351,0.048590,0.000000
115.340004,12.159447,-1294.039795,-0.000336,0.001953,0.049605,54.087921,2.755370,0.496048,-1294.039795,0.048574,0.000000
115.350006,12.114769,-1294.039795,-0.000332,0.001953,0.049597,53.889183,2.745246,0.495973,-1294.039795,0.048556,0.000000
115.360008,12.063004,-1294.039795,-0.000341,0.001952,0.049579,53.658920,2.733516,0.495791,-1294.039795,0.048539,0.000000
115.370003,12.003052,-1294.039795,-0.000332,0.001951,0.049562,53.392242,2.719930,0.495624,-1294.039795,0.048521,0.000000
115.380005,11.947945,-1294.128784,-0.000323,0.001951,0.049562,53.147114,2.707443,0.495624,-1294.128784,0.048504,0.000000
115.390007,11.915176,-1294.039795,-0.000332,0.001951,0.049544,53.001350,2.700018,0.495443,-1294.039795,0.048486,0.000000
115.400009,11.859322,-1293.995361,-0.000332,0.001951,0.049544,52.752895,2.687361,0.495443,-1293.995361,0.048469,0.000000
115.410004,11.807556,-1294.039795,-0.000332,0.001950,0.049528,52.522633,2.675630,0.495276,-1294.039795,0.048451,0.000000
115.420006,11.772552,-1294.039795,-0.000332,0.001949,0.049502,52.366928,2.667699,0.495019,-1294.039795,0.048435,0.000000
115.430008,11.711861,-1293.995361,-0.000341,0.001947,0.049449,52.096958,2.653946,0.494489,-1293.995361,0.048425,0.000000
115.440002,11.590836,-1293.995361,-0.000336,0.001945,0.049397,51.558613,2.626521,0.493974,-1293.995361,0.048409,0.000000
115.450005,11.413589,-1293.950806,-0.000332,0.001944,0.049372,50.770180,2.586356,0.493717,-1293.950806,0.048391,0.000000
115.460007,11.240433,-1294.084351,-0.000341,0.001942,0.049337,49.999943,2.547118,0.493369,-1294.084351,0.048374,0.000000
115.470009,11.124626,-1294.039795,-0.000349,0.001942,0.049319,49.484810,2.520876,0.493187,-1294.039795,0.048356,0.000000
115.480003,11.026321,-1294.084351,-0.000328,0.001941,0.049311,49.047527,2.498600,0.493111,-1294.084351,0.048339,0.000000
115.490005,10.942909,-1293.950806,-0.000354,0.001941,0.049293,48.676491,2.479699,0.492930,-1293.950806,0.048323,0.000000
115.500008,10.873276,-1294.039795,-0.000336,0.001940,0.049276,48.366745,2.463919,0.492763,-1294.039795,0.048304,0.000000
115.510002,10.789124,-1294.039795,-0.000328,0.001940,0.049276,47.992420,2.444850,0.492763,-1294.039795,0.048288,0.000000
115.520004,10.738480,-1293.995361,-0.000345,0.001940,0.049267,47.767143,2.433374,0.492672,-1293.995361,0.048270,0.000000
115.530006,10.697517,-1294.084351,-0.000341,0.001939,0.049258,47.584934,2.424092,0.492581,-1294.084351,0.048253,0.000000
115.540009,10.656555,-1294.039795,-0.000336,0.001939,0.049241,47.402725,2.414810,0.492415,-1294.039795,0.048235,0.000000
115.550003,10.602936,-1293.995361,-0.000332,0.001938,0.049216,47.164215,2.402660,0.492157,-1293.995361,0.048218,0.000000
115.560005,10.525856,-1294.084351,-0.000328,0.001937,0.049198,46.821346,2.385193,0.491976,-1294.084351,0.048209,0.000000
115.570007,10.437599,-1293.950806,-0.000341,0.001937,0.049188,46.428761,2.365194,0.491885,-1293.950806,0.048192,0.000000
115.580002,10.386581,-1293.950806,-0.000341,0.001937,0.049188,46.201820,2.353633,0.491885,-1293.950806,0.048174,0.000000
115.590004,10.358284,-1294.039795,-0.000345,0.001936,0.049172,46.075947,2.347221,0.491718,-1294.039795,0.048157,0.000000
115.600006,10.326263,-1293.950806,-0.000323,0.001936,0.049172,45.933514,2.339965,0.491718,-1293.950806,0.048139,0.000000
115.610008,10.292747,-1294.128784,-0.000336,0.001936,0.049172,45.784428,2.332370,0.491718,-1294.128784,0.048123,0.000000
115.620003,10.285675,-1294.039795,-0.000336,0.001936,0.049172,45.752968,2.330767,0.491718,-1294.039795,0.048104,0.000000
115.630005,10.267799,-1294.039795,-0.000332,0.001935,0.049154,45.673454,2.326716,0.491537,-1294.039795,0.048088,0.000000
115.640007,10.232048,-1293.950806,-0.000341,0.001934,0.049128,45.514423,2.318615,0.491279,-1293.950806,0.048070,0.000000
115.650009,10.178055,-1294.039795,-0.000332,0.001934,0.049128,45.274250,2.306380,0.491279,-1294.039795,0.048053,0.000000
115.660004,10.126297,-1294.039795,-0.000336,0.001934,0.049128,45.044018,2.294652,0.491279,-1294.039795,0.048035,0.000000
115.670006,10.102837,-1294.039795,-0.000328,0.001934,0.049119,44.939663,2.289335,0.491189,-1294.039795,0.048018,0.000000
115.680008,10.084221,-1294.084351,-0.000328,0.001934,0.049111,44.856853,2.285117,0.491113,-1294.084351,0.048009,0.000000
115.690002,10.049957,-1293.995361,-0.000341,0.001933,0.049086,44.704441,2.277353,0.490855,-1293.995361,0.047992,0.000000
115.700005,10.001549,-1293.995361,-0.000345,0.001931,0.049058,44.489109,2.266383,0.490583,-1293.995361,0.047974,0.000000
115.710007,9.939369,-1294.039795,-0.000332,0.001930,0.049023,44.212521,2.252293,0.490235,-1294.039795,0.047958,0.000000
115.720009,9.848877,-1294.039795,-0.000323,0.001928,0.048972,43.809994,2.231787,0.489720,-1294.039795,0.047939,0.000000
115.730003,9.689133,-1294.039795,-0.000354,0.001926,0.048911,43.099415,2.195589,0.489114,-1294.039795,0.047923,0.000000
115.740005,9.488792,-1293.995361,-0.000341,0.001924,0.048860,42.208256,2.150191,0.488600,-1293.995361,0.047906,0.000000
115.750008,9.284737,-1293.995361,-0.000336,0.001923,0.048833,41.300571,2.103951,0.488327,-1293.995361,0.047888,0.000000
115.760002,9.118286,-1294.128784,-0.000345,0.001922,0.048807,40.560162,2.066233,0.488070,-1294.128784,0.047871,0.000000
115.770004,8.993164,-1293.950806,-0.000341,0.001921,0.048781,40.003593,2.037880,0.487812,-1293.950806,0.047853,0.000000
115.780006,8.863213,-1294.084351,-0.000345,0.001920,0.048756,39.425537,2.008433,0.487555,-1294.084351,0.047837,0.000000
115.790009,8.763039,-1294.039795,-0.000341,0.001919,0.048737,38.979942,1.985733,0.487373,-1294.039795,0.047818,0.000000
115.800003,8.677399,-1294.039795,-0.000336,0.001918,0.048712,38.598995,1.966327,0.487116,-1294.039795,0.047802,0.000000
115.810005,8.586166,-1294.084351,-0.000354,0.001917,0.048686,38.193176,1.945653,0.486859,-1294.084351,0.047793,0.000000
115.820007,8.503868,-1293.995361,-0.000332,0.001916,0.048660,37.827095,1.927004,0.486601,-1293.995361,0.047776,0.000000
115.830002,8.404076,-1294.039795,-0.000345,0.001915,0.048651,37.383194,1.904391,0.486510,-1294.039795,0.047758,0.000000
115.840004,8.316940,-1294.039795,-0.000336,0.001915,0.048634,36.995598,1.884646,0.486344,-1294.039795,0.047741,0.000000
115.850006,8.243584,-1293.995361,-0.000336,0.001914,0.048616,36.669292,1.868023,0.486162,-1293.995361,0.047723,0.000000
115.860008,8.164268,-1294.084351,-0.000341,0.001913,0.048600,36.316479,1.850050,0.485996,-1294.084351,0.047706,0.000000
115.870003,8.093887,-1294.039795,-0.000336,0.001913,0.048590,36.003410,1.834101,0.485905,-1294.039795,0.047688,0.000000
115.880005,8.041756,-1294.128784,-0.000341,0.001913,0.048581,35.771515,1.822288,0.485814,-1294.128784,0.047672,0.000000
115.890007,8.002281,-1293.950806,-0.000345,0.001912,0.048565,35.595924,1.813343,0.485647,-1293.950806,0.047653,0.000000
115.900009,7.953506,-1293.995361,-0.000332,0.001912,0.048556,35.378963,1.802290,0.485557,-1293.995361,0.047637,0.000000
115.910004,7.895416,-1294.084351,-0.000345,0.001912,0.048556,35.120567,1.789127,0.485557,-1294.084351,0.047620,0.000000
115.920006,7.861526,-1294.039795,-0.000336,0.001912,0.048556,34.969818,1.781447,0.485557,-1294.039795,0.047602,0.000000
115.930008,7.841049,-1294.039795,-0.000345,0.001911,0.048547,34.878727,1.776807,0.485466,-1294.039795,0.047585,0.000000
115.940002,7.821686,-1294.039795,-0.000336,0.001911,0.048530,34.792595,1.772419,0.485299,-1294.039795,0.047576,0.000000
115.950005,7.777000,-1294.039795,-0.000345,0.001910,0.048513,34.593826,1.762293,0.485133,-1294.039795,0.047558,0.000000
115.960007,7.734550,-1294.084351,-0.000349,0.001910,0.048504,34.404999,1.752674,0.485042,-1294.084351,0.047541,0.000000
115.970009,7.693962,-1293.995361,-0.000341,0.001909,0.048486,34.224453,1.743477,0.484860,-1293.995361,0.047525,0.000000
115.980003,7.658585,-1294.039795,-0.000349,0.001909,0.048478,34.067085,1.735460,0.484784,-1294.039795,0.047506,0.000000
115.990005,7.602730,-1294.084351,-0.000341,0.001908,0.048460,33.818630,1.722803,0.484603,-1294.084351,0.047490,0.000000
116.000008,7.555435,-1293.995361,-0.000341,0.001907,0.048444,33.608253,1.712086,0.484436,-1293.995361,0.047472,0.000000
116.010002,7.490273,-1294.084351,-0.000362,0.001907,0.048425,33.318398,1.697320,0.484255,-1294.084351,0.047455,0.000000
116.020004,7.437393,-1293.995361,-0.000345,0.001906,0.048418,33.083176,1.685337,0.484179,-1293.995361,0.047437,0.000000
116.030006,7.380424,-1293.995361,-0.000354,0.001906,0.048400,32.829769,1.672428,0.483997,-1293.995361,0.047420,0.000000
116.040009,7.329781,-1293.950806,-0.000341,0.001905,0.048383,32.604492,1.660952,0.483831,-1293.950806,0.047402,0.000000
116.050003,7.275040,-1294.128784,-0.000341,0.001904,0.048374,32.360992,1.648548,0.483740,-1294.128784,0.047385,0.000000
116.060005,7.222534,-1294.039795,-0.000349,0.001904,0.048356,32.127438,1.636650,0.483558,-1294.039795,0.047367,0.000000
116.070007,7.173752,-1293.995361,-0.000336,0.001903,0.048339,31.910442,1.625595,0.483392,-1293.995361,0.047360,0.000000
116.080002,7.102631,-1294.084351,-0.000332,0.001902,0.048323,31.594078,1.609479,0.483225,-1294.084351,0.047341,0.000000
116.090004,7.050873,-1294.039795,-0.000358,0.001902,0.048304,31.363848,1.597751,0.483043,-1294.039795,0.047325,0.000000
116.100006,6.990173,-1294.039795,-0.000341,0.001901,0.048288,31.093843,1.583996,0.482877,-1294.039795,0.047307,0.000000
116.110008,6.929108,-1294.039795,-0.000341,0.001900,0.048270,30.822210,1.570158,0.482695,-1294.039795,0.047290,0.000000
116.120003,6.859474,-1294.084351,-0.000332,0.001900,0.048253,30.512465,1.554379,0.482529,-1294.084351,0.047272,0.000000
116.130005,6.802498,-1294.039795,-0.000349,0.001899,0.048235,30.259022,1.541468,0.482347,-1294.039795,0.047255,0.000000
116.140007,6.735100,-1294.039795,-0.000341,0.001899,0.048235,29.959221,1.526195,0.482347,-1294.039795,0.047237,0.000000
116.150009,6.692276,-1294.039795,-0.000349,0.001899,0.048226,29.768730,1.516491,0.482256,-1294.039795,0.047220,0.000000
116.160004,6.674400,-1294.039795,-0.000345,0.001898,0.048218,29.689215,1.512441,0.482180,-1294.039795,0.047204,0.000000
116.170006,6.632698,-1294.084351,-0.000341,0.001898,0.048200,29.503714,1.502991,0.481999,-1294.084351,0.047186,0.000000
116.180008,6.602165,-1294.084351,-0.000341,0.001898,0.048200,29.367897,1.496072,0.481999,-1294.084351,0.047169,0.000000
116.190002,6.557480,-1293.950806,-0.000362,0.001897,0.048192,29.169127,1.485946,0.481923,-1293.950806,0.047151,0.000000
116.200005,6.518005,-1294.039795,-0.000354,0.001897,0.048174,28.993536,1.477001,0.481741,-1294.039795,0.047142,0.000000
116.210007,6.485237,-1293.950806,-0.000362,0.001896,0.048148,28.847776,1.469576,0.481484,-1293.950806,0.047125,0.000000
116.220009,6.445023,-1293.995361,-0.000358,0.001895,0.048139,28.668892,1.460463,0.481393,-1293.995361,0.047108,0.000000
116.230003,6.387306,-1294.084351,-0.000358,0.001895,0.048130,28.412157,1.447384,0.481302,-1294.084351,0.047090,0.000000
116.240005,6.356773,-1293.995361,-0.000345,0.001895,0.048130,28.276340,1.440465,0.481302,-1293.995361,0.047073,0.000000
116.250008,6.320648,-1294.039795,-0.000345,0.001895,0.048130,28.115648,1.432279,0.481302,-1294.039795,0.047055,0.000000
116.260002,6.310226,-1294.039795,-0.000345,0.001895,0.048130,28.069288,1.429918,0.481302,-1294.039795,0.047039,0.000000
116.270004,6.285278,-1293.950806,-0.000362,0.001895,0.048123,27.958315,1.424264,0.481227,-1293.950806,0.047021,0.000000
116.280006,6.272240,-1294.084351,-0.000345,0.001895,0.048123,27.900316,1.421310,0.481227,-1294.084351,0.047004,0.000000
116.290009,6.254372,-1294.039795,-0.000349,0.001894,0.048104,27.820835,1.417261,0.481045,-1294.039795,0.046986,0.000000
116.300003,6.247665,-1293.995361,-0.000354,0.001893,0.048070,27.791004,1.415741,0.480697,-1293.995361,0.046969,0.000000
116.310005,6.189949,-1294.039795,-0.000371,0.001891,0.048035,27.534269,1.402663,0.480349,-1294.039795,0.046951,0.000000
116.320007,6.093506,-1293.995361,-0.000354,0.001889,0.047992,27.105268,1.380808,0.479925,-1293.995361,0.046934,0.000000
116.330002,5.963921,-1294.039795,-0.000358,0.001889,0.047974,26.528843,1.351444,0.479743,-1294.039795,0.046925,0.000000
116.340004,5.860397,-1293.995361,-0.000354,0.001889,0.047974,26.068350,1.327985,0.479743,-1293.995361,0.046908,0.000000
116.350006,5.789650,-1293.906372,-0.000354,0.001888,0.047967,25.753649,1.311953,0.479667,-1293.906372,0.046890,0.000000
116.360008,5.739746,-1294.128784,-0.000354,0.001887,0.047939,25.531666,1.300645,0.479395,-1294.128784,0.046874,0.000000
116.370003,5.700279,-1294.039795,-0.000349,0.001885,0.047888,25.356108,1.291702,0.478880,-1294.039795,0.046855,0.000000
116.380005,5.584473,-1294.084351,-0.000345,0.001883,0.047827,24.840975,1.265460,0.478274,-1294.084351,0.046839,0.000000
116.390007,5.416161,-1293.950806,-0.000354,0.001882,0.047802,24.092285,1.227319,0.478017,-1293.950806,0.046822,0.000000
116.400009,5.251938,-1293.950806,-0.000358,0.001880,0.047749,23.361786,1.190106,0.477487,-1293.950806,0.046804,0.000000
116.410004,5.105225,-1294.084351,-0.000358,0.001878,0.047697,22.709173,1.156860,0.476972,-1294.084351,0.046787,0.000000
116.420006,4.927605,-1293.950806,-0.000341,0.001875,0.047637,21.919081,1.116611,0.476367,-1293.950806,0.046769,0.000000
116.430008,4.723915,-1294.084351,-0.000345,0.001874,0.047602,21.013023,1.070454,0.476019,-1294.084351,0.046753,0.000000
116.440002,4.536987,-1293.995361,-0.000362,0.001874,0.047593,20.181528,1.028096,0.475928,-1293.995361,0.046734,0.000000
116.450005,4.425278,-1293.995361,-0.000358,0.001873,0.047585,19.684618,1.002782,0.475852,-1293.995361,0.046727,0.000000
116.460007,4.383194,-1294.084351,-0.000366,0.001873,0.047585,19.497421,0.993246,0.475852,-1294.084351,0.046709,0.000000
116.470009,4.344841,-1293.995361,-0.000354,0.001873,0.047576,19.326818,0.984555,0.475761,-1293.995361,0.046692,0.000000
116.480003,4.316544,-1294.039795,-0.000349,0.001873,0.047567,19.200945,0.978143,0.475670,-1294.039795,0.046674,0.000000
116.490005,4.268875,-1294.039795,-0.000371,0.001872,0.047550,18.988905,0.967341,0.475504,-1294.039795,0.046657,0.000000
116.500008,4.225685,-1294.039795,-0.000349,0.001871,0.047525,18.796785,0.957554,0.475247,-1294.039795,0.046639,0.000000
116.510002,4.167969,-1294.084351,-0.000375,0.001871,0.047516,18.540051,0.944475,0.475156,-1294.084351,0.046622,0.000000
116.520004,4.137428,-1294.039795,-0.000358,0.001870,0.047506,18.404200,0.937555,0.475065,-1294.039795,0.046604,0.000000
116.530006,4.092743,-1294.128784,-0.000349,0.001870,0.047497,18.205429,0.927429,0.474974,-1294.128784,0.046588,0.000000
116.540009,4.044708,-1294.039795,-0.000358,0.001870,0.047490,17.991760,0.916544,0.474898,-1294.039795,0.046569,0.000000
116.550003,4.000023,-1293.995361,-0.000354,0.001870,0.047490,17.792990,0.906418,0.474898,-1293.995361,0.046553,0.000000
116.560005,3.982521,-1294.128784,-0.000362,0.001870,0.047490,17.715137,0.902452,0.474898,-1294.128784,0.046535,0.000000
116.570007,3.974701,-1294.039795,-0.000358,0.001870,0.047490,17.680353,0.900680,0.474898,-1294.039795,0.046518,0.000000
116.580002,3.958694,-1294.039795,-0.000349,0.001869,0.047481,17.609152,0.897053,0.474808,-1294.039795,0.046509,0.000000
116.590004,3.948639,-1293.995361,-0.000362,0.001868,0.047455,17.564423,0.894774,0.474550,-1293.995361,0.046492,0.000000
116.600006,3.918472,-1294.039795,-0.000358,0.001867,0.047429,17.430235,0.887938,0.474293,-1294.039795,0.046474,0.000000
116.610008,3.867462,-1294.084351,-0.000384,0.001866,0.047394,17.203331,0.876379,0.473945,-1294.084351,0.046457,0.000000
116.620003,3.781815,-1294.039795,-0.000349,0.001865,0.047376,16.822351,0.856971,0.473763,-1294.039795,0.046439,0.000000
116.630005,3.699150,-1294.039795,-0.000366,0.001864,0.047351,16.454641,0.838239,0.473505,-1294.039795,0.046422,0.000000
116.640007,3.610527,-1293.995361,-0.000362,0.001864,0.047341,16.060427,0.818157,0.473415,-1293.995361,0.046406,0.000000
116.650009,3.555038,-1294.039795,-0.000362,0.001863,0.047325,15.813601,0.805583,0.473248,-1294.039795,0.046388,0.000000
116.660004,3.489876,-1294.039795,-0.000366,0.001862,0.047299,15.523743,0.790817,0.472991,-1294.039795,0.046371,0.000000
116.670006,3.429176,-1293.995361,-0.000362,0.001861,0.047264,15.253738,0.777062,0.472643,-1293.995361,0.046353,0.000000
116.680008,3.340927,-1294.039795,-0.000375,0.001860,0.047255,14.861186,0.757065,0.472552,-1294.039795,0.046336,0.000000
116.690002,3.240013,-1293.995361,-0.000358,0.001860,0.047255,14.412298,0.734197,0.472552,-1293.995361,0.046318,0.000000
116.700005,3.193840,-1294.084351,-0.000362,0.001860,0.047255,14.206910,0.723734,0.472552,-1294.084351,0.046301,0.000000
116.710007,3.180809,-1294.128784,-0.000375,0.001860,0.047246,14.148945,0.720782,0.472461,-1294.128784,0.046292,0.000000
116.720009,3.163673,-1294.084351,-0.000362,0.001859,0.047229,14.072722,0.716899,0.472294,-1294.084351,0.046276,0.000000
116.730003,3.135750,-1294.039795,-0.000354,0.001858,0.047204,13.948512,0.710571,0.472037,-1294.039795,0.046257,0.000000
116.740005,3.086594,-1293.995361,-0.000358,0.001858,0.047186,13.729855,0.699432,0.471855,-1293.995361,0.046241,0.000000
116.750008,2.997597,-1294.084351,-0.000354,0.001858,0.047186,13.333976,0.679265,0.471855,-1294.084351,0.046223,0.000000
116.760002,2.957008,-1293.995361,-0.000379,0.001857,0.047176,13.153430,0.670068,0.471764,-1293.995361,0.046206,0.000000
116.770004,2.937271,-1293.950806,-0.000371,0.001857,0.047176,13.065635,0.665595,0.471764,-1293.950806,0.046188,0.000000
116.780006,2.939133,-1294.084351,-0.000362,0.001857,0.047176,13.073915,0.666017,0.471764,-1294.084351,0.046171,0.000000
116.790009,2.939507,-1294.039795,-0.000371,0.001857,0.047176,13.075578,0.666102,0.471764,-1294.039795,0.046153,0.000000
116.800003,2.932434,-1293.950806,-0.000354,0.001857,0.047176,13.044118,0.664499,0.471764,-1293.950806,0.046136,0.000000
116.810005,2.909721,-1294.039795,-0.000366,0.001857,0.047169,12.943087,0.659352,0.471689,-1294.039795,0.046120,0.000000
116.820007,2.909721,-1293.995361,-0.000362,0.001857,0.047160,12.943087,0.659352,0.471598,-1293.995361,0.046102,0.000000
116.830002,2.891846,-1294.084351,-0.000358,0.001856,0.047151,12.863572,0.655302,0.471507,-1294.084351,0.046085,0.000000
116.840004,2.862801,-1293.995361,-0.000379,0.001856,0.047142,12.734373,0.648720,0.471416,-1293.995361,0.046076,0.000000
116.850006,2.854980,-1293.995361,-0.000366,0.001856,0.047134,12.699588,0.646948,0.471341,-1293.995361,0.046058,0.000000
116.860008,2.845673,-1294.128784,-0.000362,0.001855,0.047125,12.658184,0.644839,0.471250,-1294.128784,0.046041,0.000000
116.870003,2.818489,-1293.950806,-0.000362,0.001855,0.047108,12.537266,0.638679,0.471083,-1293.950806,0.046024,0.000000
116.880005,2.783859,-1294.039795,-0.000371,0.001854,0.047081,12.383224,0.630832,0.470811,-1294.039795,0.046006,0.000000
116.890007,2.730606,-1293.950806,-0.000354,0.001853,0.047055,12.146342,0.618764,0.470553,-1293.950806,0.045990,0.000000
116.900009,2.661720,-1294.039795,-0.000362,0.001852,0.047030,11.839923,0.603154,0.470296,-1294.039795,0.045971,0.000000
116.910004,2.581657,-1294.039795,-0.000375,0.001851,0.047004,11.483786,0.585012,0.470039,-1294.039795,0.045955,0.000000
116.920006,2.498619,-1294.039795,-0.000366,0.001850,0.046978,11.114412,0.566195,0.469781,-1294.039795,0.045937,0.000000
116.930008,2.407761,-1294.084351,-0.000366,0.001848,0.046943,10.710254,0.545606,0.469433,-1294.084351,0.045920,0.000000
116.940002,2.304985,-1293.995361,-0.000354,0.001847,0.046918,10.253085,0.522317,0.469176,-1293.995361,0.045902,0.000000
116.950005,2.208168,-1294.084351,-0.000366,0.001847,0.046908,9.822422,0.500378,0.469085,-1294.084351,0.045885,0.000000
116.960007,2.125877,-1294.084351,-0.000362,0.001846,0.046890,9.456375,0.481731,0.468903,-1294.084351,0.045867,0.000000
116.970009,2.082306,-1293.995361,-0.000366,0.001845,0.046874,9.262559,0.471857,0.468737,-1293.995361,0.045859,0.000000
116.980003,2.012672,-1294.039795,-0.000362,0.001844,0.046839,8.952814,0.456078,0.468388,-1294.039795,0.045841,0.000000
116.990005,1.930748,-1294.039795,-0.000371,0.001843,0.046804,8.588396,0.437514,0.468040,-1294.039795,0.045824,0.000000
117.000008,1.830956,-1294.039795,-0.000358,0.001842,0.046778,8.144497,0.414900,0.467783,-1294.039795,0.045806,0.000000
117.010002,1.730042,-1294.039795,-0.000371,0.001841,0.046760,7.695609,0.392033,0.467601,-1294.039795,0.045790,0.000000
117.020004,1.647377,-1293.995361,-0.000371,0.001840,0.046743,7.327899,0.373301,0.467435,-1293.995361,0.045771,0.000000
117.030006,1.581467,-1294.084351,-0.000366,0.001840,0.046734,7.034715,0.358365,0.467344,-1294.084351,0.045755,0.000000
117.040009,1.518906,-1293.995361,-0.000375,0.001839,0.046718,6.756430,0.344189,0.467177,-1293.995361,0.045738,0.000000
117.050003,1.478691,-1294.039795,-0.000375,0.001838,0.046692,6.577547,0.335076,0.466920,-1294.039795,0.045720,0.000000
117.060005,1.428421,-1293.995361,-0.000375,0.001838,0.046683,6.353934,0.323685,0.466829,-1293.995361,0.045703,0.000000
117.070007,1.382988,-1293.995361,-0.000366,0.001838,0.046683,6.151838,0.313390,0.466829,-1293.995361,0.045685,0.000000
117.080002,1.345757,-1294.084351,-0.000362,0.001838,0.046683,5.986224,0.304953,0.466829,-1294.084351,0.045669,0.000000
117.090004,1.324532,-1294.084351,-0.000371,0.001838,0.046674,5.891810,0.300143,0.466738,-1294.084351,0.045659,0.000000
117.100006,1.316711,-1293.995361,-0.000362,0.001838,0.046674,5.857025,0.298371,0.466738,-1293.995361,0.045641,0.000000
117.110008,1.298836,-1294.084351,-0.000375,0.001837,0.046665,5.777510,0.294320,0.466647,-1294.084351,0.045625,0.000000
117.120003,1.286919,-1293.995361,-0.000379,0.001837,0.046665,5.724500,0.291620,0.466647,-1293.995361,0.045608,0.000000
117.130005,1.270164,-1294.084351,-0.000366,0.001837,0.046665,5.649974,0.287823,0.466647,-1294.084351,0.045590,0.000000
117.140007,1.269043,-1294.084351,-0.000366,0.001837,0.046665,5.644985,0.287569,0.466647,-1294.084351,0.045573,0.000000
117.150009,1.266441,-1293.995361,-0.000366,0.001837,0.046665,5.633412,0.286980,0.466647,-1293.995361,0.045555,0.000000
117.160004,1.256760,-1294.039795,-0.000379,0.001837,0.046665,5.590346,0.284786,0.466647,-1294.039795,0.045538,0.000000
117.170006,1.253403,-1294.039795,-0.000375,0.001837,0.046657,5.575414,0.284025,0.466572,-1294.039795,0.045520,0.000000
117.180008,1.256386,-1294.128784,-0.000379,0.001837,0.046648,5.588683,0.284701,0.466481,-1294.128784,0.045504,0.000000
117.190002,1.278725,-1294.039795,-0.000371,0.001836,0.046639,5.688051,0.289763,0.466390,-1294.039795,0.045485,0.000000
117.200005,1.261971,-1293.995361,-0.000366,0.001835,0.046604,5.613525,0.285967,0.466042,-1293.995361,0.045469,0.000000
117.210007,1.201271,-1294.084351,-0.000375,0.001834,0.046588,5.343521,0.272212,0.465875,-1294.084351,0.045451,0.000000
117.220009,1.130524,-1293.950806,-0.000375,0.001833,0.046569,5.028821,0.256180,0.465693,-1293.950806,0.045443,0.000000
117.230003,1.080994,-1294.039795,-0.000379,0.001832,0.046544,4.808500,0.244957,0.465436,-1294.039795,0.045425,0.000000
117.240005,1.023277,-1293.950806,-0.000375,0.001832,0.046527,4.551764,0.231878,0.465270,-1293.950806,0.045408,0.000000
117.250008,0.946945,-1294.039795,-0.000362,0.001831,0.046518,4.212223,0.214581,0.465179,-1294.039795,0.045390,0.000000
117.260002,0.905609,-1294.084351,-0.000375,0.001831,0.046518,4.028351,0.205214,0.465179,-1294.084351,0.045373,0.000000
117.270004,0.876190,-1293.995361,-0.000366,0.001830,0.046492,3.897489,0.198548,0.464921,-1293.995361,0.045355,0.000000
117.280006,0.846771,-1294.084351,-0.000379,0.001829,0.046466,3.766627,0.191881,0.464664,-1294.084351,0.045339,0.000000
117.290009,0.784592,-1293.995361,-0.000392,0.001829,0.046448,3.490038,0.177791,0.464482,-1293.995361,0.045322,0.000000
117.300003,0.707878,-1293.995361,-0.000375,0.001828,0.046439,3.148799,0.160407,0.464391,-1293.995361,0.045304,0.000000
117.310005,0.672508,-1294.084351,-0.000384,0.001828,0.046432,2.991466,0.152393,0.464316,-1294.084351,0.045287,0.000000
117.320007,0.646812,-1294.039795,-0.000379,0.001828,0.046432,2.877165,0.146570,0.464316,-1294.039795,0.045269,0.000000
117.330002,0.613297,-1293.995361,-0.000375,0.001827,0.046413,2.728079,0.138975,0.464134,-1293.995361,0.045252,0.000000
117.340004,0.597282,-1293.995361,-0.000375,0.001827,0.046397,2.656845,0.135346,0.463968,-1293.995361,0.045234,0.000000
117.350006,0.569359,-1293.995361,-0.000375,0.001826,0.046388,2.532634,0.129019,0.463877,-1293.995361,0.045226,0.000000
117.360008,0.530258,-1294.039795,-0.000384,0.001825,0.046353,2.358706,0.120158,0.463529,-1294.039795,0.045208,0.000000
117.370003,0.483711,-1294.039795,-0.000392,0.001823,0.046310,2.151655,0.109611,0.463105,-1294.039795,0.045192,0.000000
117.380005,0.375725,-1294.039795,-0.000384,0.001823,0.046301,1.671307,0.085140,0.463014,-1294.039795,0.045173,0.000000
117.390007,0.275185,-1294.039795,-0.000388,0.001823,0.046301,1.224082,0.062358,0.463014,-1294.039795,0.045157,0.000000
117.400009,0.237572,-1293.995361,-0.000388,0.001822,0.046283,1.056772,0.053835,0.462832,-1293.995361,0.045139,0.000000
117.410004,0.217094,-1294.039795,-0.000379,0.001821,0.046257,0.965684,0.049194,0.462575,-1294.039795,0.045122,0.000000
117.420006,0.175018,-1294.039795,-0.000375,0.001819,0.046206,0.778520,0.039660,0.462060,-1294.039795,0.045104,0.000000
117.430008,0.062561,-1294.084351,-0.000379,0.001817,0.046162,0.278285,0.014177,0.461621,-1294.084351,0.045087,0.000000
117.440002,-0.094582,-1294.039795,-0.000384,0.001815,0.046111,-0.420720,-0.021432,0.461106,-1294.039795,0.045069,0.000000
117.450005,-0.233849,-1294.084351,-0.000375,0.001813,0.046050,-1.040210,-0.052991,0.460501,-1294.084351,0.045052,0.000000
117.460007,-0.422646,-1294.084351,-0.000388,0.001811,0.045997,-1.880021,-0.095773,0.459971,-1294.084351,0.045036,0.000000
117.470009,-0.585739,-1293.995361,-0.000375,0.001810,0.045980,-2.605498,-0.132730,0.459804,-1293.995361,0.045018,0.000000
117.480003,-0.702667,-1294.128784,-0.000379,0.001810,0.045962,-3.125620,-0.159227,0.459623,-1294.128784,0.045008,0.000000
117.490005,-0.777885,-1294.084351,-0.000379,0.001808,0.045929,-3.460207,-0.176271,0.459289,-1294.084351,0.044992,0.000000
117.500008,-0.825546,-1294.039795,-0.000384,0.001807,0.045894,-3.672213,-0.187071,0.458941,-1294.039795,0.044974,0.000000
117.510002,-0.909706,-1294.039795,-0.000392,0.001806,0.045885,-4.046575,-0.206142,0.458850,-1294.039795,0.044957,0.000000
117.520004,-0.960720,-1294.039795,-0.000388,0.001806,0.045885,-4.273496,-0.217702,0.458850,-1294.039795,0.044940,0.000000
117.530006,-0.979713,-1294.084351,-0.000405,0.001806,0.045876,-4.357983,-0.222006,0.458760,-1294.084351,0.044922,0.000000
117.540009,-0.991627,-1294.039795,-0.000388,0.001806,0.045876,-4.410976,-0.224706,0.458760,-1294.039795,0.044906,0.000000
117.550003,-0.993118,-1293.950806,-0.000388,0.001806,0.045876,-4.417611,-0.225044,0.458760,-1293.950806,0.044887,0.000000
117.560005,-0.999447,-1294.039795,-0.000388,0.001806,0.045867,-4.445762,-0.226478,0.458669,-1294.039795,0.044871,0.000000
117.570007,-1.007267,-1293.995361,-0.000388,0.001806,0.045867,-4.480547,-0.228250,0.458669,-1293.995361,0.044853,0.000000
117.580002,-1.002800,-1294.084351,-0.000379,0.001805,0.045859,-4.460677,-0.227238,0.458593,-1294.084351,0.044836,0.000000
117.590004,-0.994236,-1294.039795,-0.000410,0.001805,0.045850,-4.422583,-0.225297,0.458502,-1294.039795,0.044818,0.000000
117.600006,-0.992374,-1294.039795,-0.000388,0.001805,0.045841,-4.414302,-0.224875,0.458411,-1294.039795,0.044801,0.000000
117.610008,-1.017693,-1293.950806,-0.000397,0.001804,0.045834,-4.526923,-0.230612,0.458336,-1293.950806,0.044792,0.000000
117.620003,-1.040779,-1293.950806,-0.000388,0.001804,0.045824,-4.629617,-0.235844,0.458245,-1293.950806,0.044775,0.000000
117.630005,-1.041897,-1294.039795,-0.000405,0.001804,0.045815,-4.634589,-0.236097,0.458154,-1294.039795,0.044757,0.000000
117.640007,-1.037804,-1293.950806,-0.000392,0.001803,0.045806,-4.616381,-0.235170,0.458063,-1293.950806,0.044740,0.000000
117.650009,-1.052326,-1293.995361,-0.000388,0.001802,0.045771,-4.680981,-0.238461,0.457715,-1293.995361,0.044722,0.000000
117.660004,-1.104458,-1294.084351,-0.000397,0.001801,0.045746,-4.912874,-0.250274,0.457458,-1294.084351,0.044706,0.000000
117.670006,-1.166271,-1293.995361,-0.000392,0.001800,0.045720,-5.187833,-0.264281,0.457200,-1293.995361,0.044687,0.000000
117.680008,-1.220264,-1294.084351,-0.000392,0.001800,0.045720,-5.428007,-0.276516,0.457200,-1294.084351,0.044671,0.000000
117.690002,-1.253777,-1293.995361,-0.000397,0.001800,0.045711,-5.577076,-0.284110,0.457109,-1293.995361,0.044653,0.000000
117.700005,-1.263458,-1294.084351,-0.000401,0.001799,0.045703,-5.620143,-0.286304,0.457034,-1294.084351,0.044636,0.000000
117.710007,-1.274632,-1294.039795,-0.000392,0.001799,0.045703,-5.669844,-0.288836,0.457034,-1294.039795,0.044619,0.000000
117.720009,-1.288410,-1293.995361,-0.000388,0.001799,0.045694,-5.731135,-0.291958,0.456943,-1293.995361,0.044601,0.000000
117.730003,-1.299953,-1294.084351,-0.000392,0.001798,0.045669,-5.782482,-0.294574,0.456685,-1294.084351,0.044592,0.000000
117.740005,-1.331230,-1293.995361,-0.000405,0.001796,0.045625,-5.921607,-0.301661,0.456246,-1293.995361,0.044575,0.000000
117.750008,-1.413525,-1293.995361,-0.000397,0.001794,0.045555,-6.287672,-0.320309,0.455550,-1293.995361,0.044557,0.000000
117.760002,-1.561729,-1294.039795,-0.000410,0.001790,0.045460,-6.946919,-0.353893,0.454596,-1294.039795,0.044541,0.000000
117.770004,-1.779942,-1294.039795,-0.000397,0.001787,0.045382,-7.917575,-0.403341,0.453824,-1294.039795,0.044524,0.000000
117.780006,-2.021610,-1294.084351,-0.000410,0.001785,0.045339,-8.992572,-0.458103,0.453385,-1294.084351,0.044506,0.000000
117.790009,-2.143375,-1293.950806,-0.000401,0.001784,0.045322,-9.534210,-0.485696,0.453218,-1293.950806,0.044489,0.000000
117.800003,-2.195137,-1293.950806,-0.000392,0.001784,0.045322,-9.764457,-0.497425,0.453218,-1293.950806,0.044471,0.000000
117.810005,-2.173538,-1293.995361,-0.000405,0.001784,0.045322,-9.668381,-0.492531,0.453218,-1293.995361,0.044454,0.000000
117.820007,-2.124386,-1293.995361,-0.000418,0.001784,0.045322,-9.449740,-0.481393,0.453218,-1293.995361,0.044436,0.000000
117.830002,-2.070393,-1294.039795,-0.000405,0.001784,0.045322,-9.209566,-0.469158,0.453218,-1294.039795,0.044420,0.000000
117.840004,-2.041718,-1293.950806,-0.000414,0.001784,0.045313,-9.082013,-0.462660,0.453128,-1293.950806,0.044401,0.000000
117.850006,-2.007088,-1293.950806,-0.000401,0.001784,0.045304,-8.927972,-0.454813,0.453037,-1293.950806,0.044385,0.000000
117.860008,-1.980278,-1294.128784,-0.000414,0.001783,0.045295,-8.808717,-0.448737,0.452946,-1294.128784,0.044376,0.000000
117.870003,-1.956074,-1293.950806,-0.000388,0.001783,0.045287,-8.701051,-0.443253,0.452870,-1293.950806,0.044359,0.000000
117.880005,-1.956818,-1294.084351,-0.000410,0.001783,0.045278,-8.704360,-0.443421,0.452779,-1294.084351,0.044341,0.000000
117.890007,-1.928146,-1293.995361,-0.000397,0.001782,0.045269,-8.576823,-0.436924,0.452689,-1293.995361,0.044324,0.000000
117.900009,-1.911758,-1294.039795,-0.000410,0.001782,0.045260,-8.503926,-0.433211,0.452598,-1294.039795,0.044306,0.000000
117.910004,-1.889420,-1294.039795,-0.000414,0.001782,0.045252,-8.404558,-0.428149,0.452522,-1294.039795,0.044289,0.000000
117.920006,-1.868191,-1293.995361,-0.000410,0.001781,0.045243,-8.310127,-0.423338,0.452431,-1293.995361,0.044271,0.000000
117.930008,-1.846222,-1294.084351,-0.000405,0.001781,0.045226,-8.212405,-0.418360,0.452265,-1294.084351,0.044255,0.000000
117.940002,-1.821274,-1293.995361,-0.000414,0.001780,0.045217,-8.101431,-0.412707,0.452174,-1293.995361,0.044238,0.000000
117.950005,-1.798187,-1293.950806,-0.000410,0.001779,0.045199,-7.998736,-0.407475,0.451992,-1293.950806,0.044220,0.000000
117.960007,-1.763927,-1294.128784,-0.000410,0.001779,0.045192,-7.846341,-0.399712,0.451916,-1294.128784,0.044203,0.000000
117.970009,-1.714775,-1294.039795,-0.000418,0.001779,0.045183,-7.627700,-0.388574,0.451826,-1294.039795,0.044185,0.000000
117.980003,-1.664505,-1294.084351,-0.000423,0.001778,0.045164,-7.404088,-0.377182,0.451644,-1294.084351,0.044168,0.000000
117.990005,-1.584446,-1294.039795,-0.000414,0.001777,0.045148,-7.047967,-0.359041,0.451477,-1294.039795,0.044159,0.000000
118.000008,-1.466774,-1294.084351,-0.000414,0.001777,0.045131,-6.524537,-0.332376,0.451311,-1294.084351,0.044142,0.000000
118.010002,-1.310753,-1294.084351,-0.000427,0.001776,0.045113,-5.830520,-0.297021,0.451129,-1294.084351,0.044124,0.000000
118.020004,-1.136108,-1293.995361,-0.000431,0.001776,0.045104,-5.053663,-0.257446,0.451038,-1293.995361,0.044108,0.000000
118.030006,-0.977852,-1294.039795,-0.000431,0.001775,0.045096,-4.349702,-0.221584,0.450963,-1294.039795,0.044089,0.000000
118.040009,-0.842308,-1293.995361,-0.000431,0.001775,0.045078,-3.746773,-0.190870,0.450781,-1293.995361,0.044073,0.000000
118.050003,-0.723518,-1294.039795,-0.000418,0.001774,0.045069,-3.218370,-0.163952,0.450690,-1294.039795,0.044055,0.000000
118.060005,-0.644203,-1294.084351,-0.000435,0.001774,0.045061,-2.865559,-0.145979,0.450614,-1294.084351,0.044038,0.000000
118.070007,-0.580154,-1293.995361,-0.000448,0.001774,0.045052,-2.580656,-0.131465,0.450524,-1293.995361,0.044020,0.000000
118.080002,-0.562279,-1294.039795,-0.000435,0.001773,0.045036,-2.501141,-0.127414,0.450357,-1294.039795,0.044003,0.000000
118.090004,-0.519463,-1294.039795,-0.000444,0.001773,0.045027,-2.310685,-0.117712,0.450266,-1294.039795,0.043985,0.000000
118.100006,-0.493767,-1294.039795,-0.000435,0.001772,0.045008,-2.196384,-0.111889,0.450085,-1294.039795,0.043968,0.000000
118.110008,-0.486320,-1293.995361,-0.000444,0.001771,0.044992,-2.163262,-0.110202,0.449918,-1293.995361,0.043950,0.000000
118.120003,-0.464348,-1293.995361,-0.000448,0.001771,0.044983,-2.065522,-0.105223,0.449827,-1293.995361,0.043943,0.000000
118.130005,-0.449829,-1294.039795,-0.000440,0.001771,0.044974,-2.000940,-0.101933,0.449736,-1294.039795,0.043924,0.000000
118.140007,-0.428604,-1294.039795,-0.000444,0.001770,0.044966,-1.906526,-0.097123,0.449661,-1294.039795,0.043908,0.000000
118.150009,-0.418549,-1293.995361,-0.000440,0.001770,0.044948,-1.861797,-0.094844,0.449479,-1293.995361,0.043890,0.000000
118.160004,-0.408493,-1294.084351,-0.000448,0.001769,0.044931,-1.817068,-0.092566,0.449312,-1294.084351,0.043873,0.000000
118.170006,-0.390617,-1293.995361,-0.000435,0.001768,0.044913,-1.737553,-0.088515,0.449131,-1293.995361,0.043855,0.000000
118.180008,-0.390617,-1294.039795,-0.000440,0.001768,0.044896,-1.737553,-0.088515,0.448964,-1294.039795,0.043838,0.000000
118.190002,-0.384659,-1294.039795,-0.000440,0.001767,0.044878,-1.711048,-0.087165,0.448783,-1294.039795,0.043822,0.000000
118.200005,-0.376465,-1294.084351,-0.000453,0.001767,0.044871,-1.674599,-0.085308,0.448707,-1294.084351,0.043803,0.000000
118.210007,-0.368279,-1294.084351,-0.000461,0.001767,0.044871,-1.638185,-0.083453,0.448707,-1294.084351,0.043787,0.000000
118.220009,-0.343697,-1293.950806,-0.000440,0.001766,0.044862,-1.528839,-0.077883,0.448616,-1293.950806,0.043769,0.000000
118.230003,-0.337738,-1294.084351,-0.000453,0.001766,0.044853,-1.502334,-0.076533,0.448525,-1294.084351,0.043752,0.000000
118.240005,-0.318748,-1293.950806,-0.000453,0.001765,0.044843,-1.417864,-0.072229,0.448434,-1293.950806,0.043734,0.000000
118.250008,-0.306091,-1293.950806,-0.000453,0.001765,0.044836,-1.361562,-0.069361,0.448359,-1293.950806,0.043726,0.000000
118.260002,-0.295662,-1294.084351,-0.000461,0.001765,0.044827,-1.315170,-0.066998,0.448268,-1294.084351,0.043708,0.000000
118.270004,-0.295288,-1294.039795,-0.000461,0.001763,0.044775,-1.313507,-0.066913,0.447753,-1294.039795,0.043691,0.000000
118.280006,-0.304970,-1294.039795,-0.000453,0.001762,0.044748,-1.356573,-0.069107,0.447481,-1294.039795,0.043673,0.000000
118.290009,-0.326195,-1293.995361,-0.000453,0.001760,0.044715,-1.450987,-0.073917,0.447147,-1293.995361,0.043656,0.000000
118.300003,-0.325455,-1294.039795,-0.000461,0.001758,0.044662,-1.447695,-0.073749,0.446618,-1294.039795,0.043638,0.000000
118.310005,-0.353378,-1294.084351,-0.000470,0.001756,0.044592,-1.571905,-0.080077,0.445921,-1294.084351,0.043622,0.000000
118.320007,-0.367157,-1293.995361,-0.000448,0.001753,0.044524,-1.633196,-0.083199,0.445240,-1293.995361,0.043604,0.000000
118.330002,-0.373489,-1294.039795,-0.000479,0.001750,0.044454,-1.661364,-0.084634,0.444543,-1294.039795,0.043587,0.000000
118.340004,-0.374237,-1294.039795,-0.000474,0.001748,0.044401,-1.664690,-0.084803,0.444014,-1294.039795,0.043569,0.000000
118.350006,-0.340347,-1293.995361,-0.000479,0.001747,0.044367,-1.513940,-0.077124,0.443665,-1293.995361,0.043552,0.000000
118.360008,-0.300507,-1294.084351,-0.000479,0.001746,0.044350,-1.336720,-0.068096,0.443499,-1294.084351,0.043535,0.000000
118.370003,-0.277420,-1294.039795,-0.000479,0.001745,0.044333,-1.234026,-0.062864,0.443332,-1294.039795,0.043517,0.000000
118.380005,-0.271461,-1294.084351,-0.000474,0.001745,0.044324,-1.207521,-0.061514,0.443241,-1294.084351,0.043508,0.000000
118.390007,-0.243530,-1294.039795,-0.000483,0.001745,0.044324,-1.083277,-0.055185,0.443241,-1294.039795,0.043491,0.000000
118.400009,-0.211510,-1294.039795,-0.000474,0.001745,0.044315,-0.940842,-0.047929,0.443151,-1294.039795,0.043473,0.000000
118.410004,-0.182091,-1294.039795,-0.000479,0.001744,0.044306,-0.809980,-0.041262,0.443060,-1294.039795,0.043457,0.000000
118.420006,-0.177620,-1294.039795,-0.000483,0.001744,0.044298,-0.790093,-0.040249,0.442984,-1294.039795,0.043440,0.000000
118.430008,-0.175385,-1294.039795,-0.000483,0.001744,0.044298,-0.780149,-0.039743,0.442984,-1294.039795,0.043422,0.000000
118.440002,-0.148201,-1294.039795,-0.000487,0.001744,0.044289,-0.659231,-0.033583,0.442893,-1294.039795,0.043405,0.000000
118.450005,-0.147087,-1294.039795,-0.000479,0.001743,0.044280,-0.654276,-0.033330,0.442802,-1294.039795,0.043387,0.000000
118.460007,-0.141502,-1294.039795,-0.000496,0.001743,0.044271,-0.629434,-0.032065,0.442712,-1294.039795,0.043370,0.000000
118.470009,-0.142990,-1293.995361,-0.000487,0.001743,0.044271,-0.636052,-0.032402,0.442712,-1293.995361,0.043352,0.000000
118.480003,-0.126236,-1294.128784,-0.000500,0.001743,0.044271,-0.561526,-0.028605,0.442712,-1294.128784,0.043336,0.000000
118.490005,-0.123253,-1293.995361,-0.000479,0.001743,0.044271,-0.548256,-0.027929,0.442712,-1293.995361,0.043317,0.000000
118.500008,-0.115067,-1293.995361,-0.000483,0.001743,0.044264,-0.511841,-0.026074,0.442636,-1293.995361,0.043310,0.000000
118.510002,-0.114319,-1294.084351,-0.000483,0.001742,0.044255,-0.508516,-0.025905,0.442545,-1294.084351,0.043292,0.000000
118.520004,-0.103889,-1294.039795,-0.000492,0.001742,0.044245,-0.462123,-0.023542,0.442454,-1294.039795,0.043275,0.000000
118.530006,-0.094955,-1294.084351,-0.000474,0.001742,0.044245,-0.422383,-0.021517,0.442454,-1294.084351,0.043257,0.000000
118.540009,-0.099792,-1294.039795,-0.000500,0.001742,0.044238,-0.443899,-0.022613,0.442379,-1294.039795,0.043240,0.000000
118.550003,-0.110222,-1294.039795,-0.000492,0.001741,0.044220,-0.490291,-0.024977,0.442197,-1294.039795,0.043222,0.000000
118.560005,-0.101654,-1294.084351,-0.000492,0.001741,0.044211,-0.452180,-0.023035,0.442106,-1294.084351,0.043205,0.000000
118.570007,-0.099052,-1293.995361,-0.000496,0.001741,0.044211,-0.440607,-0.022446,0.442106,-1293.995361,0.043187,0.000000
118.580002,-0.089745,-1294.039795,-0.000492,0.001740,0.044203,-0.399204,-0.020336,0.442030,-1294.039795,0.043171,0.000000
118.590004,-0.094582,-1294.039795,-0.000500,0.001740,0.044194,-0.420720,-0.021432,0.441939,-1294.039795,0.043152,0.000000
118.600006,-0.099426,-1293.995361,-0.000500,0.001740,0.044185,-0.442270,-0.022530,0.441849,-1293.995361,0.043136,0.000000
118.610008,-0.095329,-1294.084351,-0.000500,0.001739,0.044168,-0.424046,-0.021602,0.441682,-1294.084351,0.043119,0.000000
118.620003,-0.103889,-1293.950806,-0.000492,0.001739,0.044168,-0.462123,-0.023542,0.441682,-1293.950806,0.043101,0.000000
118.630005,-0.102776,-1294.039795,-0.000483,0.001739,0.044168,-0.457169,-0.023289,0.441682,-1294.039795,0.043092,0.000000
118.640007,-0.091606,-1294.084351,-0.000479,0.001739,0.044159,-0.407484,-0.020758,0.441591,-1294.084351,0.043075,0.000000
118.650009,-0.074104,-1294.084351,-0.000500,0.001738,0.044150,-0.329632,-0.016792,0.441500,-1294.084351,0.043057,0.000000
118.660004,-0.080429,-1294.084351,-0.000483,0.001738,0.044150,-0.357766,-0.018225,0.441500,-1294.084351,0.043040,0.000000
118.670006,-0.062927,-1293.950806,-0.000496,0.001738,0.044150,-0.279914,-0.014260,0.441500,-1293.950806,0.043024,0.000000
118.680008,-0.056976,-1294.039795,-0.000500,0.001738,0.044150,-0.253443,-0.012911,0.441500,-1294.039795,0.043005,0.000000
118.690002,-0.055855,-1294.039795,-0.000492,0.001738,0.044142,-0.248455,-0.012657,0.441425,-1294.039795,0.042989,0.000000
118.700005,-0.056602,-1294.039795,-0.000496,0.001737,0.044115,-0.251780,-0.012826,0.441152,-1294.039795,0.042971,0.000000
118.710007,-0.056602,-1294.039795,-0.000500,0.001736,0.044089,-0.251780,-0.012826,0.440895,-1294.039795,0.042954,0.000000
118.720009,-0.073730,-1294.039795,-0.000496,0.001734,0.044047,-0.327969,-0.016708,0.440471,-1294.039795,0.042936,0.000000
118.730003,-0.099792,-1294.128784,-0.000504,0.001732,0.044003,-0.443899,-0.022613,0.440032,-1294.128784,0.042919,0.000000
118.740005,-0.125488,-1294.039795,-0.000509,0.001731,0.043977,-0.558200,-0.028436,0.439775,-1294.039795,0.042901,0.000000
118.750008,-0.128838,-1293.995361,-0.000504,0.001731,0.043968,-0.573098,-0.029195,0.439684,-1293.995361,0.042884,0.000000
118.760002,-0.105385,-1294.039795,-0.000509,0.001730,0.043950,-0.468775,-0.023881,0.439502,-1294.039795,0.042875,0.000000
118.770004,-0.102402,-1293.950806,-0.000504,0.001730,0.043950,-0.455506,-0.023205,0.439502,-1293.950806,0.042859,0.000000
118.780006,-0.090111,-1294.084351,-0.000504,0.001730,0.043943,-0.400833,-0.020419,0.439426,-1294.084351,0.042840,0.000000
118.790009,-0.075592,-1294.039795,-0.000513,0.001730,0.043934,-0.336250,-0.017129,0.439335,-1294.039795,0.042824,0.000000
118.800003,-0.070381,-1294.039795,-0.000513,0.001729,0.043924,-0.313071,-0.015949,0.439245,-1294.039795,0.042806,0.000000
118.810005,-0.067024,-1294.039795,-0.000513,0.001729,0.043917,-0.298139,-0.015188,0.439169,-1294.039795,0.042789,0.000000
118.820007,-0.066658,-1293.950806,-0.000513,0.001728,0.043890,-0.296510,-0.015105,0.438896,-1293.950806,0.042771,0.000000
118.830002,-0.074844,-1294.084351,-0.000517,0.001726,0.043847,-0.332924,-0.016960,0.438473,-1294.084351,0.042754,0.000000
118.840004,-0.088997,-1293.950806,-0.000517,0.001724,0.043794,-0.395878,-0.020167,0.437943,-1293.950806,0.042738,0.000000
118.850006,-0.105385,-1294.084351,-0.000517,0.001723,0.043769,-0.468775,-0.023881,0.437685,-1294.084351,0.042719,0.000000
118.860008,-0.109474,-1294.084351,-0.000522,0.001723,0.043769,-0.486965,-0.024807,0.437685,-1294.084351,0.042703,0.000000
118.870003,-0.079689,-1293.950806,-0.000509,0.001723,0.043769,-0.354474,-0.018058,0.437685,-1293.950806,0.042685,0.000000
118.880005,-0.069260,-1294.084351,-0.000530,0.001723,0.043759,-0.308082,-0.015694,0.437594,-1294.084351,0.042668,0.000000
118.890007,-0.064796,-1293.950806,-0.000509,0.001722,0.043726,-0.288229,-0.014683,0.437261,-1293.950806,0.042659,0.000000
118.900009,-0.078941,-1294.039795,-0.000517,0.001720,0.043691,-0.351149,-0.017888,0.436913,-1294.039795,0.042642,0.000000
118.910004,-0.085274,-1294.039795,-0.000526,0.001719,0.043673,-0.379317,-0.019323,0.436731,-1294.039795,0.042624,0.000000
118.920006,-0.086388,-1294.039795,-0.000530,0.001719,0.043664,-0.384271,-0.019576,0.436641,-1294.039795,0.042607,0.000000
118.930008,-0.070007,-1294.039795,-0.000530,0.001719,0.043656,-0.311408,-0.015864,0.436565,-1294.039795,0.042589,0.000000
118.940002,-0.067398,-1293.995361,-0.000526,0.001718,0.043638,-0.299802,-0.015273,0.436383,-1293.995361,0.042572,0.000000
118.950005,-0.070007,-1294.039795,-0.000513,0.001718,0.043631,-0.311408,-0.015864,0.436308,-1294.039795,0.042554,0.000000
118.960007,-0.067772,-1294.039795,-0.000517,0.001717,0.043613,-0.301465,-0.015357,0.436126,-1294.039795,0.042538,0.000000
118.970009,-0.067024,-1293.950806,-0.000522,0.001717,0.043604,-0.298139,-0.015188,0.436035,-1293.950806,0.042520,0.000000
118.980003,-0.067024,-1293.995361,-0.000535,0.001716,0.043587,-0.298139,-0.015188,0.435869,-1293.995361,0.042503,0.000000
118.990005,-0.054741,-1294.039795,-0.000526,0.001715,0.043561,-0.243500,-0.012404,0.435611,-1294.039795,0.042485,0.000000
119.000008,-0.065536,-1294.039795,-0.000526,0.001714,0.043543,-0.291521,-0.014851,0.435429,-1294.039795,0.042468,0.000000
119.010002,-0.072243,-1294.084351,-0.000526,0.001714,0.043526,-0.321352,-0.016370,0.435263,-1294.084351,0.042451,0.000000
119.020004,-0.065163,-1293.995361,-0.000530,0.001713,0.043517,-0.289858,-0.014766,0.435172,-1293.995361,0.042442,0.000000
119.030006,-0.049896,-1294.039795,-0.000530,0.001713,0.043517,-0.221950,-0.011307,0.435172,-1294.039795,0.042424,0.000000
119.040009,-0.050644,-1293.995361,-0.000530,0.001713,0.043508,-0.225275,-0.011476,0.435081,-1293.995361,0.042407,0.000000
119.050003,-0.057716,-1293.995361,-0.000526,0.001712,0.043491,-0.256735,-0.013079,0.434915,-1293.995361,0.042389,0.000000
119.060005,-0.055855,-1294.039795,-0.000530,0.001712,0.043473,-0.248455,-0.012657,0.434733,-1294.039795,0.042373,0.000000
119.070007,-0.048409,-1293.995361,-0.000530,0.001711,0.043457,-0.215332,-0.010970,0.434566,-1293.995361,0.042356,0.000000
119.080009,-0.038353,-1294.039795,-0.000535,0.001710,0.043431,-0.170603,-0.008691,0.434309,-1294.039795,0.042338,0.000000
119.090004,-0.043564,-1294.039795,-0.000530,0.001709,0.043396,-0.193782,-0.009872,0.433961,-1294.039795,0.042321,0.000000
119.100006,-0.069633,-1294.039795,-0.000539,0.001707,0.043361,-0.309745,-0.015779,0.433613,-1294.039795,0.042303,0.000000
119.110008,-0.078201,-1294.084351,-0.000543,0.001707,0.043361,-0.347857,-0.017721,0.433613,-1294.084351,0.042286,0.000000
119.120003,-0.054741,-1294.039795,-0.000539,0.001707,0.043361,-0.243500,-0.012404,0.433613,-1294.039795,0.042268,0.000000
119.130005,-0.039101,-1294.039795,-0.000543,0.001707,0.043352,-0.173928,-0.008860,0.433522,-1294.039795,0.042252,0.000000
119.140007,-0.033142,-1293.995361,-0.000552,0.001707,0.043352,-0.147423,-0.007510,0.433522,-1293.995361,0.042242,0.000000
119.150009,-0.024574,-1294.039795,-0.000552,0.001707,0.043352,-0.109312,-0.005569,0.433522,-1294.039795,0.042226,0.000000
119.160004,-0.030533,-1294.039795,-0.000552,0.001706,0.043345,-0.135817,-0.006919,0.433446,-1294.039795,0.042208,0.000000
119.170006,-0.027557,-1293.995361,-0.000539,0.001706,0.043326,-0.122581,-0.006245,0.433264,-1293.995361,0.042191,0.000000
119.180008,-0.035751,-1294.084351,-0.000548,0.001705,0.043310,-0.159030,-0.008101,0.433098,-1294.084351,0.042173,0.000000
119.190002,-0.038727,-1294.039795,-0.000548,0.001704,0.043292,-0.172265,-0.008776,0.432916,-1294.039795,0.042156,0.000000
119.200005,-0.039474,-1294.039795,-0.000539,0.001704,0.043283,-0.175591,-0.008945,0.432825,-1294.039795,0.042138,0.000000
119.210007,-0.036118,-1294.039795,-0.000552,0.001704,0.043275,-0.160659,-0.008184,0.432750,-1294.039795,0.042121,0.000000
119.220009,-0.033516,-1294.039795,-0.000565,0.001703,0.043257,-0.149086,-0.007595,0.432568,-1294.039795,0.042103,0.000000
119.230003,-0.044685,-1294.128784,-0.000543,0.001702,0.043231,-0.198770,-0.010126,0.432311,-1294.128784,0.042087,0.000000
119.240005,-0.046547,-1294.039795,-0.000548,0.001701,0.043196,-0.207051,-0.010548,0.431962,-1294.039795,0.042068,0.000000
119.250008,-0.055855,-1294.039795,-0.000560,0.001698,0.043136,-0.248455,-0.012657,0.431357,-1294.039795,0.042052,0.000000
119.260002,-0.078941,-1294.039795,-0.000556,0.001696,0.043084,-0.351149,-0.017888,0.430842,-1294.039795,0.042035,0.000000
119.270004,-0.081551,-1294.039795,-0.000552,0.001695,0.043040,-0.362755,-0.018480,0.430403,-1294.039795,0.042026,0.000000
119.280006,-0.078941,-1294.039795,-0.000569,0.001693,0.042996,-0.351149,-0.017888,0.429964,-1294.039795,0.042008,0.000000
119.290009,-0.083038,-1294.039795,-0.000569,0.001692,0.042971,-0.369373,-0.018817,0.429707,-1294.039795,0.041991,0.000000
119.300003,-0.066284,-1294.039795,-0.000556,0.001691,0.042954,-0.294847,-0.015020,0.429540,-1294.039795,0.041973,0.000000
119.310005,-0.059204,-1294.039795,-0.000565,0.001690,0.042928,-0.263353,-0.013416,0.429283,-1294.039795,0.041956,0.000000
119.320007,-0.064049,-1293.995361,-0.000578,0.001689,0.042910,-0.284903,-0.014514,0.429101,-1293.995361,0.041940,0.000000
119.330009,-0.051018,-1294.084351,-0.000565,0.001689,0.042901,-0.226938,-0.011561,0.429010,-1294.084351,0.041921,0.000000
119.340004,-0.037979,-1293.995361,-0.000582,0.001688,0.042884,-0.168940,-0.008606,0.428844,-1293.995361,0.041905,0.000000
119.350006,-0.045059,-1293.950806,-0.000569,0.001688,0.042866,-0.200433,-0.010211,0.428662,-1293.950806,0.041887,0.000000
119.360008,-0.052132,-1294.039795,-0.000591,0.001686,0.042833,-0.231893,-0.011813,0.428329,-1294.039795,0.041870,0.000000
119.370003,-0.039841,-1293.995361,-0.000582,0.001686,0.042815,-0.177220,-0.009028,0.428147,-1293.995361,0.041852,0.000000
119.380005,-0.053619,-1294.128784,-0.000573,0.001685,0.042806,-0.238511,-0.012150,0.428056,-1294.128784,0.041835,0.000000
119.390007,-0.038353,-1293.950806,-0.000578,0.001684,0.042780,-0.170603,-0.008691,0.427799,-1293.950806,0.041817,0.000000
119.400009,-0.032394,-1294.039795,-0.000573,0.001684,0.042771,-0.144098,-0.007341,0.427708,-1294.039795,0.041809,0.000000
119.410004,-0.033882,-1294.039795,-0.000586,0.001684,0.042763,-0.150715,-0.007678,0.427633,-1294.039795,0.041791,0.000000
119.420006,-0.033516,-1293.950806,-0.000582,0.001683,0.042745,-0.149086,-0.007595,0.427451,-1293.950806,0.041775,0.000000
119.430008,-0.037613,-1294.039795,-0.000582,0.001683,0.042738,-0.167311,-0.008523,0.427375,-1294.039795,0.041756,0.000000
119.440002,-0.039841,-1293.950806,-0.000569,0.001683,0.042738,-0.177220,-0.009028,0.427375,-1293.950806,0.041740,0.000000
119.450005,-0.033516,-1293.995361,-0.000582,0.001682,0.042728,-0.149086,-0.007595,0.427284,-1293.995361,0.041722,0.000000
119.460007,-0.025696,-1294.039795,-0.000582,0.001682,0.042728,-0.114301,-0.005823,0.427284,-1294.039795,0.041705,0.000000
119.470009,-0.024948,-1293.995361,-0.000586,0.001682,0.042728,-0.110975,-0.005653,0.427284,-1293.995361,0.041687,0.000000
119.480003,-0.016754,-1294.084351,-0.000582,0.001682,0.042728,-0.074526,-0.003797,0.427284,-1294.084351,0.041670,0.000000
119.490005,-0.024948,-1293.995361,-0.000578,0.001682,0.042728,-0.110975,-0.005653,0.427284,-1293.995361,0.041654,0.000000
119.500008,-0.019737,-1293.995361,-0.000578,0.001682,0.042728,-0.087796,-0.004473,0.427284,-1293.995361,0.041635,0.000000
119.510002,-0.011169,-1294.039795,-0.000582,0.001682,0.042728,-0.049684,-0.002531,0.427284,-1294.039795,0.041619,0.000000
119.520004,-0.001862,-1294.039795,-0.000569,0.001682,0.042728,-0.008281,-0.000422,0.427284,-1294.039795,0.041601,0.000000
119.530006,-0.010796,-1294.039795,-0.000578,0.001682,0.042719,-0.048021,-0.002446,0.427194,-1294.039795,0.041591,0.000000
119.540009,-0.014153,-1294.039795,-0.000595,0.001680,0.042675,-0.062954,-0.003207,0.426754,-1294.039795,0.041575,0.000000
119.550003,-0.026436,-1294.039795,-0.000599,0.001678,0.042624,-0.117593,-0.005990,0.426240,-1294.039795,0.041558,0.000000
119.560005,-0.036118,-1294.039795,-0.000595,0.001677,0.042598,-0.160659,-0.008184,0.425982,-1294.039795,0.041540,0.000000
119.570007,-0.046173,-1294.039795,-0.000595,0.001676,0.042572,-0.205388,-0.010463,0.425725,-1294.039795,0.041523,0.000000
119.580009,-0.039841,-1294.084351,-0.000591,0.001675,0.042547,-0.177220,-0.009028,0.425468,-1294.084351,0.041505,0.000000
119.590004,-0.049522,-1294.039795,-0.000608,0.001674,0.042529,-0.220287,-0.011222,0.425286,-1294.039795,0.041489,0.000000
119.600006,-0.054367,-1294.039795,-0.000586,0.001673,0.042503,-0.241837,-0.012320,0.425029,-1294.039795,0.041470,0.000000
119.610008,-0.052132,-1293.995361,-0.000608,0.001672,0.042477,-0.231893,-0.011813,0.424771,-1293.995361,0.041454,0.000000
119.620003,-0.046547,-1293.995361,-0.000591,0.001672,0.042459,-0.207051,-0.010548,0.424590,-1293.995361,0.041436,0.000000
119.630005,-0.046173,-1294.084351,-0.000586,0.001671,0.042442,-0.205388,-0.010463,0.424423,-1294.084351,0.041419,0.000000
119.640007,-0.036491,-1294.039795,-0.000591,0.001670,0.042407,-0.162322,-0.008269,0.424075,-1294.039795,0.041401,0.000000
119.650009,-0.037979,-1294.084351,-0.000608,0.001668,0.042373,-0.168940,-0.008606,0.423727,-1294.084351,0.041384,0.000000
119.660004,-0.044312,-1294.084351,-0.000604,0.001666,0.042329,-0.197107,-0.010041,0.423288,-1294.084351,0.041375,0.000000
119.670006,-0.039841,-1294.084351,-0.000612,0.001664,0.042268,-0.177220,-0.009028,0.422682,-1294.084351,0.041358,0.000000
119.680008,-0.039474,-1294.039795,-0.000604,0.001662,0.042217,-0.175591,-0.008945,0.422167,-1294.039795,0.041340,0.000000
119.690002,-0.038353,-1293.995361,-0.000617,0.001661,0.042182,-0.170603,-0.008691,0.421819,-1293.995361,0.041323,0.000000
119.700005,-0.037239,-1294.039795,-0.000621,0.001660,0.042173,-0.165648,-0.008438,0.421728,-1294.039795,0.041305,0.000000
119.710007,-0.013779,-1294.039795,-0.000625,0.001660,0.042164,-0.061291,-0.003122,0.421637,-1294.039795,0.041289,0.000000
119.720009,-0.017128,-1293.995361,-0.000625,0.001660,0.042156,-0.076189,-0.003881,0.421562,-1293.995361,0.041270,0.000000
119.730003,-0.020111,-1294.039795,-0.000625,0.001659,0.042147,-0.089459,-0.004557,0.421471,-1294.039795,0.041254,0.000000
119.740005,-0.004097,-1294.039795,-0.000625,0.001659,0.042138,-0.018224,-0.000928,0.421380,-1294.039795,0.041237,0.000000
119.750008,-0.008194,-1294.039795,-0.000625,0.001658,0.042121,-0.036449,-0.001857,0.421213,-1294.039795,0.041219,0.000000
119.760002,-0.012291,-1294.084351,-0.000629,0.001658,0.042112,-0.054673,-0.002785,0.421123,-1294.084351,0.041202,0.000000
119.770004,-0.004837,-1293.950806,-0.000625,0.001658,0.042103,-0.021516,-0.001096,0.421032,-1293.950806,0.041184,0.000000
119.780006,-0.003349,-1294.039795,-0.000629,0.001657,0.042096,-0.014898,-0.000759,0.420956,-1294.039795,0.041168,0.000000
119.790009,-0.007446,-1293.950806,-0.000629,0.001657,0.042096,-0.033123,-0.001687,0.420956,-1293.950806,0.041158,0.000000
119.800003,-0.012657,-1293.995361,-0.000617,0.001657,0.042096,-0.056302,-0.002868,0.420956,-1293.995361,0.041142,0.000000
119.810005,-0.025696,-1294.039795,-0.000625,0.001657,0.042087,-0.114301,-0.005823,0.420865,-1294.039795,0.041124,0.000000
119.820007,-0.005585,-1294.039795,-0.000621,0.001657,0.042077,-0.024842,-0.001266,0.420774,-1294.039795,0.041107,0.000000
119.830009,-0.015640,-1294.084351,-0.000625,0.001656,0.042068,-0.069571,-0.003544,0.420684,-1294.084351,0.041089,0.000000
119.840004,-0.004471,-1293.995361,-0.000638,0.001656,0.042052,-0.019887,-0.001013,0.420517,-1293.995361,0.041072,0.000000
119.850006,-0.018990,-1294.039795,-0.000634,0.001655,0.042043,-0.084470,-0.004303,0.420426,-1294.039795,0.041054,0.000000
119.860008,-0.022339,-1294.039795,-0.000634,0.001655,0.042026,-0.099368,-0.005062,0.420260,-1294.039795,0.041037,0.000000
119.870003,-0.033516,-1294.039795,-0.000634,0.001654,0.042017,-0.149086,-0.007595,0.420169,-1294.039795,0.041019,0.000000
119.880005,-0.024948,-1294.084351,-0.000629,0.001654,0.042008,-0.110975,-0.005653,0.420078,-1294.084351,0.041003,0.000000
119.890007,-0.022339,-1294.084351,-0.000642,0.001654,0.042000,-0.099368,-0.005062,0.420002,-1294.084351,0.040984,0.000000
119.900009,-0.027557,-1294.039795,-0.000625,0.001653,0.041982,-0.122581,-0.006245,0.419821,-1294.039795,0.040968,0.000000
119.910004,-0.034630,-1294.084351,-0.000638,0.001652,0.041965,-0.154041,-0.007847,0.419654,-1294.084351,0.040959,0.000000
119.920006,-0.021225,-1294.039795,-0.000625,0.001652,0.041956,-0.094413,-0.004810,0.419563,-1294.039795,0.040942,0.000000
119.930008,-0.019737,-1294.039795,-0.000634,0.001651,0.041947,-0.087796,-0.004473,0.419472,-1294.039795,0.040924,0.000000
119.940002,-0.027931,-1294.039795,-0.000638,0.001651,0.041931,-0.124244,-0.006329,0.419306,-1294.039795,0.040907,0.000000
119.950005,-0.021225,-1293.995361,-0.000634,0.001650,0.041905,-0.094413,-0.004810,0.419048,-1293.995361,0.040889,0.000000
119.960007,-0.030159,-1294.084351,-0.000655,0.001649,0.041878,-0.134154,-0.006834,0.418776,-1294.084351,0.040872,0.000000
119.970009,-0.030159,-1293.995361,-0.000642,0.001648,0.041861,-0.134154,-0.006834,0.418609,-1293.995361,0.040856,0.000000
119.980003,-0.030907,-1294.039795,-0.000642,0.001648,0.041852,-0.137480,-0.007004,0.418519,-1294.039795,0.040838,0.000000
119.990005,-0.040588,-1293.950806,-0.000629,0.001647,0.041844,-0.180546,-0.009197,0.418443,-1293.950806,0.040821,0.000000
120.000008,-0.038353,-1293.995361,-0.000638,0.001646,0.041817,-0.170603,-0.008691,0.418170,-1293.995361,0.040803,0.000000
120.010002,-0.033516,-1294.084351,-0.000651,0.001646,0.041800,-0.149086,-0.007595,0.418004,-1294.084351,0.040786,0.000000
120.020004,-0.037239,-1293.995361,-0.000655,0.001645,0.041775,-0.165648,-0.008438,0.417746,-1293.995361,0.040768,0.000000
120.030006,-0.039474,-1294.039795,-0.000642,0.001644,0.041766,-0.175591,-0.008945,0.417656,-1294.039795,0.040751,0.000000
120.040009,-0.032394,-1293.995361,-0.000647,0.001644,0.041756,-0.144098,-0.007341,0.417565,-1293.995361,0.040742,0.000000
120.050003,-0.030533,-1294.039795,-0.000638,0.001644,0.041756,-0.135817,-0.006919,0.417565,-1294.039795,0.040725,0.000000
120.060005,-0.027557,-1294.039795,-0.000651,0.001644,0.041749,-0.122581,-0.006245,0.417489,-1294.039795,0.040707,0.000000
120.070007,-0.034256,-1293.950806,-0.000651,0.001643,0.041740,-0.152378,-0.007763,0.417398,-1293.950806,0.040691,0.000000
120.080009,-0.024574,-1294.084351,-0.000651,0.001643,0.041731,-0.109312,-0.005569,0.417307,-1294.084351,0.040672,0.000000
120.090004,-0.024200,-1293.995361,-0.000660,0.001642,0.041714,-0.107649,-0.005484,0.417141,-1293.995361,0.040656,0.000000
120.100006,-0.016388,-1293.995361,-0.000638,0.001642,0.041696,-0.072897,-0.003714,0.416959,-1293.995361,0.040638,0.000000
120.110008,-0.021973,-1294.084351,-0.000642,0.001641,0.041670,-0.097739,-0.004979,0.416702,-1294.084351,0.040621,0.000000
120.120003,-0.028297,-1293.995361,-0.000655,0.001640,0.041654,-0.125873,-0.006412,0.416535,-1293.995361,0.040603,0.000000
120.130005,-0.031654,-1294.039795,-0.000651,0.001639,0.041635,-0.140806,-0.007173,0.416354,-1294.039795,0.040586,0.000000
120.140007,-0.042450,-1293.995361,-0.000647,0.001639,0.041626,-0.188827,-0.009619,0.416263,-1293.995361,0.040568,0.000000
120.150009,-0.043564,-1293.995361,-0.000651,0.001639,0.041619,-0.193782,-0.009872,0.416187,-1293.995361,0.040551,0.000000
120.160004,-0.041336,-1293.995361,-0.000655,0.001638,0.041610,-0.183872,-0.009367,0.416096,-1293.995361,0.040535,0.000000
120.170006,-0.040588,-1294.039795,-0.000655,0.001638,0.041601,-0.180546,-0.009197,0.416005,-1294.039795,0.040526,0.000000
120.180008,-0.040215,-1294.039795,-0.000673,0.001637,0.041575,-0.178883,-0.009113,0.415748,-1294.039795,0.040507,0.000000
120.190002,-0.040588,-1294.039795,-0.000651,0.001635,0.041523,-0.180546,-0.009197,0.415233,-1294.039795,0.040491,0.000000
120.200005,-0.047295,-1293.995361,-0.000673,0.001633,0.041479,-0.210377,-0.010717,0.414794,-1293.995361,0.040473,0.000000
120.210007,-0.052879,-1294.039795,-0.000647,0.001632,0.041445,-0.235219,-0.011983,0.414446,-1294.039795,0.040456,0.000000
120.220009,-0.055855,-1293.995361,-0.000668,0.001630,0.041410,-0.248455,-0.012657,0.414098,-1293.995361,0.040439,0.000000
120.230003,-0.040215,-1294.039795,-0.000677,0.001629,0.041375,-0.178883,-0.009113,0.413750,-1294.039795,0.040421,0.000000
120.240005,-0.033882,-1294.039795,-0.000668,0.001627,0.041323,-0.150715,-0.007678,0.413235,-1294.039795,0.040405,0.000000
120.250008,-0.029419,-1293.950806,-0.000686,0.001625,0.041280,-0.130862,-0.006666,0.412796,-1293.950806,0.040386,0.000000
120.260002,-0.028671,-1294.084351,-0.000677,0.001624,0.041245,-0.127536,-0.006497,0.412448,-1294.084351,0.040370,0.000000
120.270004,-0.030533,-1294.039795,-0.000686,0.001623,0.041228,-0.135817,-0.006919,0.412281,-1294.039795,0.040352,0.000000
120.280006,-0.027931,-1294.084351,-0.000681,0.001622,0.041210,-0.124244,-0.006329,0.412099,-1294.084351,0.040335,0.000000
120.290009,-0.032394,-1294.039795,-0.000673,0.001622,0.041202,-0.144098,-0.007341,0.412024,-1294.039795,0.040317,0.000000
120.300003,-0.017502,-1294.084351,-0.000686,0.001621,0.041175,-0.077852,-0.003966,0.411751,-1294.084351,0.040309,0.000000
120.310005,-0.016388,-1294.084351,-0.000681,0.001620,0.041158,-0.072897,-0.003714,0.411585,-1294.084351,0.040291,0.000000
120.320007,-0.013031,-1293.950806,-0.000677,0.001620,0.041142,-0.057965,-0.002953,0.411418,-1293.950806,0.040274,0.000000
120.330009,-0.011917,-1294.084351,-0.000694,0.001619,0.041133,-0.053010,-0.002700,0.411327,-1294.084351,0.040256,0.000000
120.340004,-0.003723,-1293.950806,-0.000686,0.001619,0.041115,-0.016561,-0.000844,0.411146,-1293.950806,0.040239,0.000000
120.350006,-0.014893,-1294.039795,-0.000677,0.001618,0.041098,-0.066245,-0.003375,0.410979,-1294.039795,0.040221,0.000000
120.360008,-0.012291,-1294.084351,-0.000677,0.001617,0.041080,-0.054673,-0.002785,0.410797,-1294.084351,0.040205,0.000000
120.370003,-0.010796,-1293.906372,-0.000677,0.001617,0.041072,-0.048021,-0.002446,0.410722,-1293.906372,0.040186,0.000000
120.380005,-0.013779,-1294.128784,-0.000686,0.001616,0.041054,-0.061291,-0.003122,0.410540,-1294.128784,0.040170,0.000000
120.390007,-0.002975,-1293.995361,-0.000698,0.001616,0.041046,-0.013236,-0.000674,0.410464,-1293.995361,0.040153,0.000000
120.400009,-0.011169,-1294.039795,-0.000694,0.001616,0.041037,-0.049684,-0.002531,0.410373,-1294.039795,0.040135,0.000000
120.410004,-0.005959,-1293.995361,-0.000698,0.001615,0.041028,-0.026505,-0.001350,0.410283,-1293.995361,0.040118,0.000000
120.420006,-0.000748,-1293.950806,-0.000707,0.001615,0.041019,-0.003326,-0.000169,0.410192,-1293.950806,0.040100,0.000000
120.430008,-0.004471,-1294.084351,-0.000698,0.001615,0.041012,-0.019887,-0.001013,0.410116,-1294.084351,0.040091,0.000000
120.440002,-0.007820,-1294.039795,-0.000694,0.001614,0.040993,-0.034786,-0.001772,0.409934,-1294.039795,0.040074,0.000000
120.450005,0.001488,-1294.084351,-0.000703,0.001613,0.040977,0.006618,0.000337,0.409768,-1294.084351,0.040058,0.000000
120.460007,-0.007072,-1294.084351,-0.000703,0.001612,0.040942,-0.031460,-0.001603,0.409420,-1294.084351,0.040040,0.000000
120.470009,-0.010429,-1294.039795,-0.000703,0.001611,0.040924,-0.046392,-0.002363,0.409238,-1294.039795,0.040023,0.000000
120.480003,-0.001488,-1294.039795,-0.000703,0.001611,0.040924,-0.006618,-0.000337,0.409238,-1294.039795,0.040005,0.000000
120.490005,-0.000000,-1294.039795,-0.000711,0.001611,0.040924,-0.000000,-0.000000,0.409238,-1294.039795,0.039988,0.000000
120.500008,0.003349,-1294.039795,-0.000703,0.001611,0.040924,0.014898,0.000759,0.409238,-1294.039795,0.039970,0.000000
120.510002,-0.001114,-1294.084351,-0.000707,0.001611,0.040916,-0.004955,-0.000252,0.409162,-1294.084351,0.039953,0.000000
120.520004,-0.011917,-1293.995361,-0.000698,0.001611,0.040907,-0.053010,-0.002700,0.409071,-1293.995361,0.039935,0.000000
120.530006,-0.016014,-1294.039795,-0.000707,0.001610,0.040898,-0.071234,-0.003629,0.408981,-1294.039795,0.039919,0.000000
120.540009,-0.019737,-1293.995361,-0.000711,0.001610,0.040881,-0.087796,-0.004473,0.408814,-1293.995361,0.039900,0.000000
120.550003,-0.014153,-1294.084351,-0.000711,0.001608,0.040856,-0.062954,-0.003207,0.408557,-1294.084351,0.039893,0.000000
120.560005,-0.019737,-1294.084351,-0.000707,0.001607,0.040821,-0.087796,-0.004473,0.408208,-1294.084351,0.039875,0.000000
120.570007,-0.018990,-1293.995361,-0.000703,0.001607,0.040821,-0.084470,-0.004303,0.408208,-1293.995361,0.039858,0.000000
120.580009,-0.014893,-1294.084351,-0.000707,0.001607,0.040821,-0.066245,-0.003375,0.408208,-1294.084351,0.039840,0.000000
120.590004,-0.020851,-1293.995361,-0.000703,0.001607,0.040821,-0.092750,-0.004725,0.408208,-1293.995361,0.039823,0.000000
120.600006,-0.013031,-1294.084351,-0.000703,0.001607,0.040821,-0.057965,-0.002953,0.408208,-1294.084351,0.039805,0.000000
120.610008,-0.015266,-1294.039795,-0.000720,0.001607,0.040812,-0.067908,-0.003459,0.408118,-1294.039795,0.039788,0.000000
120.620003,-0.009308,-1294.039795,-0.000711,0.001607,0.040812,-0.041403,-0.002109,0.408118,-1294.039795,0.039770,0.000000
120.630005,-0.022339,-1294.084351,-0.000720,0.001606,0.040803,-0.099368,-0.005062,0.408027,-1294.084351,0.039754,0.000000
120.640007,-0.020111,-1293.950806,-0.000720,0.001606,0.040786,-0.089459,-0.004557,0.407860,-1293.950806,0.039737,0.000000
120.650009,-0.022713,-1294.039795,-0.000720,0.001605,0.040768,-0.101031,-0.005147,0.407679,-1294.039795,0.039719,0.000000
120.660004,-0.032021,-1293.995361,-0.000711,0.001604,0.040751,-0.142435,-0.007256,0.407512,-1293.995361,0.039702,0.000000
120.670006,-0.028671,-1293.950806,-0.000711,0.001604,0.040733,-0.127536,-0.006497,0.407330,-1293.950806,0.039684,0.000000
120.680008,-0.039474,-1294.039795,-0.000720,0.001603,0.040716,-0.175591,-0.008945,0.407164,-1294.039795,0.039675,0.000000
120.690002,-0.031281,-1293.950806,-0.000716,0.001603,0.040707,-0.139143,-0.007088,0.407073,-1293.950806,0.039658,0.000000
120.700005,-0.043938,-1294.039795,-0.000729,0.001602,0.040698,-0.195445,-0.009956,0.406982,-1294.039795,0.039641,0.000000
120.710007,0.037613,-1293.950806,-0.000729,0.001600,0.040630,0.167311,0.008523,0.406301,-1293.950806,0.040482,0.000000
120.720009,0.039841,-1293.995361,-0.000733,0.001600,0.040630,0.177220,0.009028,0.406301,-1293.995361,0.040482,0.000000
120.730003,0.036491,-1294.128784,-0.000729,0.001600,0.040630,0.162322,0.008269,0.406301,-1294.128784,0.040482,0.000000
120.740005,0.046173,-1293.995361,-0.000724,0.001600,0.040638,0.205388,0.010463,0.406377,-1293.995361,0.040482,0.000000
120.750008,0.038727,-1294.128784,-0.000733,0.001600,0.040638,0.172265,0.008776,0.406377,-1294.128784,0.040482,0.000000
120.760002,0.036118,-1293.950806,-0.000737,0.001600,0.040638,0.160659,0.008184,0.406377,-1293.950806,0.040482,0.000000
120.770004,0.040962,-1293.995361,-0.000729,0.001600,0.040638,0.182209,0.009282,0.406377,-1293.995361,0.040482,0.000000
120.780006,0.033882,-1294.084351,-0.000720,0.001600,0.040638,0.150715,0.007678,0.406377,-1294.084351,0.040482,0.000000
120.790009,0.047295,-1294.039795,-0.000737,0.001600,0.040638,0.210377,0.010717,0.406377,-1294.039795,0.040482,0.000000
120.800003,0.037979,-1294.084351,-0.000742,0.001600,0.040638,0.168940,0.008606,0.406377,-1294.084351,0.040482,0.000000
